﻿From Date,From Time,To Date,To Time,State Name,city,Station,WS,WD,Gust,Variance,AT,RH,SR,BP,PPAccum,Power,PM10,PM2_5,NO,NO2,NOx,CO,CO2,Ozone,BlackCarbon,Benzene,Toluene,Eth-Benzene,Xylene,CH4,NMHC,VWS,THC,NH3,SO2,Temp,MP-Xylene,RF,RackTemp,P_Xylene,O Xylene,ETH,SPM,AP,MH
01-May-2019,00:00,01-May-2019,00:15,Punjab,Mandi Gobindgarh,"RIMT University, Mandi Gobindgarh - PPCB",0.3,44.2,,,,27.89,163.74,,,,148.67,46.52,16.9,10.8,27.7,,,28.55,,5.3,,4.44,,,,,,15.09,,,,0.0,,,,,,,
01-May-2019,00:15,01-May-2019,00:30,Punjab,Mandi Gobindgarh,"RIMT University, Mandi Gobindgarh - PPCB",0.66,273.33,,,,27.16,174.49,,,,144.19,46.14,16.7,10.7,27.4,0.39,,28.23,,5.3,,4.43,,,,,,15.11,4.2,,,0.0,,,,,,,
01-May-2019,00:30,01-May-2019,00:45,Punjab,Mandi Gobindgarh,"RIMT University, Mandi Gobindgarh - PPCB",2.47,277.17,,,,20.58,132.39,,,,144.19,46.14,16.8,10.7,27.5,0.46,,31.84,,5.3,,4.42,,,,,,15.03,6.8,,,0.0,,,,,,,
01-May-2019,00:45,01-May-2019,01:00,Punjab,Mandi Gobindgarh,"RIMT University, Mandi Gobindgarh - PPCB",1.98,298.44,,,,20.14,128.43,,,,144.19,46.14,17.0,10.7,27.7,0.35,,43.06,,5.3,,4.43,,,,,,15.14,7.3,,,0.1,,,,,,,
01-May-2019,01:00,01-May-2019,01:15,Punjab,Mandi Gobindgarh,"RIMT University, Mandi Gobindgarh - PPCB",2.17,319.74,,,,31.14,235.72,,,,201.69,64.53,16.8,10.8,27.6,0.36,,42.58,,5.3,,4.43,,,,,,15.13,5.5,,,0.0,,,,,,,
01-May-2019,01:15,01-May-2019,01:30,Punjab,Mandi Gobindgarh,"RIMT University, Mandi Gobindgarh - PPCB",1.65,308.79,,,,31.18,228.78,,,,203.2,65.02,16.9,10.9,27.8,0.35,,43.4,,5.3,,4.41,,,,,,15.14,4.6,,,0.0,,,,,,,
01-May-2019,01:30,01-May-2019,01:45,Punjab,Mandi Gobindgarh,"RIMT University, Mandi Gobindgarh - PPCB",1.13,318.61,,,,29.57,206.2,,,,203.2,65.02,16.8,10.8,27.6,0.35,,40.93,,5.3,,4.4,,,,,,15.11,4.2,,,0.0,,,,,,,
01-May-2019,01:45,01-May-2019,02:00,Punjab,Mandi Gobindgarh,"RIMT University, Mandi Gobindgarh - PPCB",0.15,42.24,,,,35.96,247.55,,,,203.2,65.02,16.9,10.8,27.7,0.33,,36.49,,5.3,,4.39,,,,,,15.16,3.6,,,0.0,,,,,,,
01-May-2019,02:00,01-May-2019,02:15,Punjab,Mandi Gobindgarh,"RIMT University, Mandi Gobindgarh - PPCB",0.21,339.35,,,,37.16,266.04,,,,145.48,45.58,16.7,10.7,27.4,0.35,,31.93,,5.3,,4.38,,,,,,15.13,3.5,,,0.0,,,,,,,
01-May-2019,02:15,01-May-2019,02:30,Punjab,Mandi Gobindgarh,"RIMT University, Mandi Gobindgarh - PPCB",0.52,72.61,,,,40.87,288.0,,,,137.24,43.92,16.8,10.6,27.4,0.42,,27.23,,5.3,,4.37,,,,,,15.16,3.9,,,0.0,,,,,,,
01-May-2019,02:30,01-May-2019,02:45,Punjab,Mandi Gobindgarh,"RIMT University, Mandi Gobindgarh - PPCB",1.13,318.61,,,,29.57,206.2,,,,203.2,65.02,16.8,10.8,27.6,0.35,,40.93,,5.3,,4.4,,,,,,15.11,4.2,,,0.0,,,,,,,
01-May-2019,02:45,01-May-2019,03:00,Punjab,Mandi Gobindgarh,"RIMT University, Mandi Gobindgarh - PPCB",0.6,69.22,,,,44.06,317.33,,,,137.24,43.92,17.2,10.6,27.8,0.41,,27.99,,5.3,,4.37,,,,,,15.26,4.9,,,0.0,,,,,,,
01-May-2019,03:00,01-May-2019,03:15,Punjab,Mandi Gobindgarh,"RIMT University, Mandi Gobindgarh - PPCB",0.5,73.18,,,,44.0,316.3,,,,74.4,23.48,17.2,10.9,28.1,0.43,,28.13,,5.3,,4.39,,,,,,15.26,5.0,,,0.0,,,,,,,
01-May-2019,03:15,01-May-2019,03:30,Punjab,Mandi Gobindgarh,"RIMT University, Mandi Gobindgarh - PPCB",0.33,355.01,,,,43.12,318.11,,,,71.78,22.97,17.4,10.9,28.3,0.45,,27.64,,5.3,,4.42,,,,,,15.28,5.0,,,0.0,,,,,,,
01-May-2019,03:30,01-May-2019,03:45,Punjab,Mandi Gobindgarh,"RIMT University, Mandi Gobindgarh - PPCB",0.58,73.35,,,,42.15,298.74,,,,137.24,43.92,16.9,10.6,27.5,0.43,,26.3,,5.3,,4.36,,,,,,15.17,4.7,,,0.0,,,,,,,
01-May-2019,03:45,01-May-2019,04:00,Punjab,Mandi Gobindgarh,"RIMT University, Mandi Gobindgarh - PPCB",0.53,76.43,,,,44.82,325.6,,,,71.78,22.97,17.3,10.8,28.1,0.47,,28.4,,5.3,,4.43,,,,,,15.22,5.2,,,0.0,,,,,,,
01-May-2019,04:00,01-May-2019,04:15,Punjab,Mandi Gobindgarh,"RIMT University, Mandi Gobindgarh - PPCB",0.3,333.17,,,,43.08,323.9,,,,45.97,13.69,16.8,11.2,28.1,,,27.51,,5.3,,4.43,,,,,,15.04,,,,0.0,,,,,,,
01-May-2019,04:15,01-May-2019,04:30,Punjab,Mandi Gobindgarh,"RIMT University, Mandi Gobindgarh - PPCB",0.35,357.68,,,,39.07,284.37,,,,40.53,12.97,16.6,11.3,27.9,0.35,,32.58,,5.3,,4.43,,,,,,15.0,4.3,,,0.0,,,,,,,
01-May-2019,04:30,01-May-2019,04:45,Punjab,Mandi Gobindgarh,"RIMT University, Mandi Gobindgarh - PPCB",0.62,74.08,,,,43.46,311.26,,,,71.78,22.97,17.1,10.8,27.9,0.46,,26.85,,5.3,,4.42,,,,,,15.25,5.0,,,0.0,,,,,,,
01-May-2019,04:45,01-May-2019,05:00,Punjab,Mandi Gobindgarh,"RIMT University, Mandi Gobindgarh - PPCB",0.98,301.23,,,,35.08,259.0,,,,40.53,12.97,17.0,11.3,28.2,0.35,,36.38,,5.3,,4.43,,,,,,15.12,4.2,,,0.0,,,,,,,
01-May-2019,05:00,01-May-2019,05:15,Punjab,Mandi Gobindgarh,"RIMT University, Mandi Gobindgarh - PPCB",0.67,305.45,,,,37.1,274.91,,,,42.05,13.43,16.7,11.4,28.2,0.34,,35.56,,5.3,,4.43,,,,,,15.06,4.4,,,0.0,,,,,,,
01-May-2019,05:15,01-May-2019,05:30,Punjab,Mandi Gobindgarh,"RIMT University, Mandi Gobindgarh - PPCB",0.38,62.1,,,,38.95,273.9,,,,42.11,13.47,16.6,11.4,28.0,0.33,,32.02,,5.3,,4.43,,,,,,15.02,4.2,,,0.0,,,,,,,
01-May-2019,05:30,01-May-2019,05:45,Punjab,Mandi Gobindgarh,"RIMT University, Mandi Gobindgarh - PPCB",0.61,17.92,,,,36.47,255.95,,,,40.53,12.97,16.7,11.2,27.9,0.34,,33.29,,5.3,,4.43,,,,,,15.04,4.2,,,0.0,,,,,,,
01-May-2019,05:45,01-May-2019,06:00,Punjab,Mandi Gobindgarh,"RIMT University, Mandi Gobindgarh - PPCB",0.18,66.87,,,,39.09,272.76,,,,42.11,13.47,16.8,11.4,28.1,0.32,,31.68,,5.3,,4.43,,,,,,15.15,3.9,,,0.0,,,,,,,
01-May-2019,06:00,01-May-2019,06:15,Punjab,Mandi Gobindgarh,"RIMT University, Mandi Gobindgarh - PPCB",0.4,54.8,,,,39.51,273.94,,,,39.69,12.72,17.0,11.1,28.1,0.32,,31.89,,5.3,,4.43,,,,,,15.19,4.0,,,0.0,,,,,,,
01-May-2019,06:15,01-May-2019,06:30,Punjab,Mandi Gobindgarh,"RIMT University, Mandi Gobindgarh - PPCB",0.22,18.6,,,,44.18,324.79,,,,39.69,12.7,16.6,11.1,27.8,0.32,,30.23,,5.3,,4.43,,,,,,15.13,3.4,,,0.0,,,,,,,
01-May-2019,06:30,01-May-2019,06:45,Punjab,Mandi Gobindgarh,"RIMT University, Mandi Gobindgarh - PPCB",0.31,62.83,,,,40.59,287.93,,,,42.11,13.47,16.5,11.5,28.0,0.34,,31.57,,5.3,,4.43,,,,,,15.07,4.0,,,0.0,,,,,,,
01-May-2019,06:45,01-May-2019,07:00,Punjab,Mandi Gobindgarh,"RIMT University, Mandi Gobindgarh - PPCB",0.3,357.63,,,,41.74,316.58,,,,39.69,12.7,16.7,11.3,27.9,0.3,,27.62,,5.3,,4.42,,,,,,15.14,2.7,,,0.0,,,,,,,
01-May-2019,07:00,01-May-2019,07:15,Punjab,Mandi Gobindgarh,"RIMT University, Mandi Gobindgarh - PPCB",0.7,55.57,,,,36.68,259.19,,,,47.11,15.18,16.7,11.2,27.9,0.29,,30.56,,5.3,,4.41,,,,,,15.14,2.6,,,0.0,,,,,,,
01-May-2019,07:15,01-May-2019,07:30,Punjab,Mandi Gobindgarh,"RIMT University, Mandi Gobindgarh - PPCB",0.99,61.03,,,,34.56,236.68,,,,48.01,15.36,16.5,11.2,27.6,0.25,,32.55,,5.3,,4.4,,,,,,15.05,2.7,,,0.0,,,,,,,
01-May-2019,07:30,01-May-2019,07:45,Punjab,Mandi Gobindgarh,"RIMT University, Mandi Gobindgarh - PPCB",0.24,289.65,,,,44.92,347.38,,,,39.69,12.7,16.5,11.3,27.8,0.29,,27.62,,5.3,,4.43,,,,,,15.09,2.8,,,0.0,,,,,,,
01-May-2019,07:45,01-May-2019,08:00,Punjab,Mandi Gobindgarh,"RIMT University, Mandi Gobindgarh - PPCB",1.26,59.56,,,,29.76,186.83,,,,48.01,15.36,16.5,11.4,27.9,0.23,,36.34,,5.3,,4.39,,,,,,15.07,2.5,,,0.0,,,,,,,
01-May-2019,08:00,01-May-2019,08:15,Punjab,Mandi Gobindgarh,"RIMT University, Mandi Gobindgarh - PPCB",1.24,61.88,,,,27.55,167.56,,,,41.64,13.4,16.8,10.8,27.6,,,33.23,,5.3,,4.38,,,,,,15.06,,,,0.0,,,,,,,
01-May-2019,08:15,01-May-2019,08:30,Punjab,Mandi Gobindgarh,"RIMT University, Mandi Gobindgarh - PPCB",1.69,61.17,,,,24.35,140.23,,,,41.64,13.33,16.6,10.8,27.4,0.31,,41.47,,5.3,,4.38,,,,,,15.02,4.4,,,0.0,,,,,,,
01-May-2019,08:30,01-May-2019,08:45,Punjab,Mandi Gobindgarh,"RIMT University, Mandi Gobindgarh - PPCB",1.35,64.86,,,,31.51,209.63,,,,48.01,15.36,16.7,11.3,28.0,0.21,,33.18,,5.3,,4.39,,,,,,15.06,2.6,,,0.0,,,,,,,
01-May-2019,08:45,01-May-2019,09:00,Punjab,Mandi Gobindgarh,"RIMT University, Mandi Gobindgarh - PPCB",1.99,71.95,,,,21.97,115.36,,,,41.64,13.33,16.8,10.8,27.6,0.28,,37.24,,5.3,,4.37,,,,,,15.05,4.1,,,0.0,,,,,,,
01-May-2019,09:00,01-May-2019,09:15,Punjab,Mandi Gobindgarh,"RIMT University, Mandi Gobindgarh - PPCB",2.3,69.91,,,,20.14,95.69,,,,38.72,12.41,17.4,10.7,28.1,0.36,,36.26,,5.3,,4.37,,,,,,15.13,5.2,,,0.0,,,,,,,
01-May-2019,09:15,01-May-2019,09:30,Punjab,Mandi Gobindgarh,"RIMT University, Mandi Gobindgarh - PPCB",2.14,66.79,,,,18.34,76.9,,,,38.56,12.34,17.5,10.6,28.2,0.41,,36.25,,5.3,,4.36,,,,,,15.19,7.1,,,0.0,,,,,,,
01-May-2019,09:30,01-May-2019,09:45,Punjab,Mandi Gobindgarh,"RIMT University, Mandi Gobindgarh - PPCB",1.86,71.54,,,,22.86,125.12,,,,41.64,13.33,16.5,10.8,27.3,0.26,,39.51,,5.3,,4.38,,,,,,15.0,4.3,,,0.0,,,,,,,
01-May-2019,09:45,01-May-2019,10:00,Punjab,Mandi Gobindgarh,"RIMT University, Mandi Gobindgarh - PPCB",1.86,64.75,,,,16.37,56.98,,,,38.56,12.34,16.1,10.4,26.5,0.23,,54.07,,5.3,,4.35,,,,,,15.01,5.7,,,0.0,,,,,,,
01-May-2019,10:00,01-May-2019,10:15,Punjab,Mandi Gobindgarh,"RIMT University, Mandi Gobindgarh - PPCB",2.0,67.65,,,,15.62,52.05,,,,32.3,10.3,16.7,10.7,27.5,0.2,,58.06,,5.3,,4.36,,,,,,15.13,4.6,,,0.0,,,,,,,
01-May-2019,10:15,01-May-2019,10:30,Punjab,Mandi Gobindgarh,"RIMT University, Mandi Gobindgarh - PPCB",2.29,62.63,,,,14.55,42.15,,,,31.61,10.11,17.3,10.8,28.1,0.29,,53.84,,5.3,,4.34,,,,,,15.1,4.4,,,0.0,,,,,,,
01-May-2019,10:30,01-May-2019,10:45,Punjab,Mandi Gobindgarh,"RIMT University, Mandi Gobindgarh - PPCB",2.1,65.92,,,,16.98,62.94,,,,38.56,12.34,17.2,10.4,27.7,0.4,,43.37,,5.3,,4.35,,,,,,15.22,8.0,,,0.0,,,,,,,
01-May-2019,10:45,01-May-2019,11:00,Punjab,Mandi Gobindgarh,"RIMT University, Mandi Gobindgarh - PPCB",1.59,55.44,,,,12.4,28.72,,,,31.61,10.11,17.0,10.9,27.8,0.23,,46.28,,5.3,,4.33,,,,,,15.1,4.1,,,0.0,,,,,,,
01-May-2019,11:00,01-May-2019,11:15,Punjab,Mandi Gobindgarh,"RIMT University, Mandi Gobindgarh - PPCB",1.7,60.61,,,,11.82,26.04,,,,36.37,11.6,17.0,10.6,27.6,0.22,,50.3,,5.3,,4.34,,,,,,15.11,4.1,,,0.0,,,,,,,
01-May-2019,11:15,01-May-2019,11:30,Punjab,Mandi Gobindgarh,"RIMT University, Mandi Gobindgarh - PPCB",1.51,50.43,,,,11.63,32.76,,,,36.37,11.64,17.8,10.6,28.3,0.23,,56.51,,5.3,,4.35,,,,,,15.32,3.9,,,0.0,,,,,,,
01-May-2019,11:30,01-May-2019,11:45,Punjab,Mandi Gobindgarh,"RIMT University, Mandi Gobindgarh - PPCB",2.03,59.57,,,,13.65,33.33,,,,31.61,10.11,17.3,10.8,28.1,0.23,,47.84,,5.3,,4.32,,,,,,15.13,4.2,,,0.0,,,,,,,
01-May-2019,11:45,01-May-2019,12:00,Punjab,Mandi Gobindgarh,"RIMT University, Mandi Gobindgarh - PPCB",1.12,359.49,,,,13.05,39.21,,,,36.37,11.64,17.3,10.8,28.1,0.26,,58.95,,5.3,,4.31,,,,,,15.13,6.2,,,0.0,,,,,,,
01-May-2019,12:00,01-May-2019,12:15,Punjab,Mandi Gobindgarh,"RIMT University, Mandi Gobindgarh - PPCB",1.22,354.71,,,,14.5,47.17,,,,36.09,11.55,16.6,11.1,27.7,,,48.46,,5.3,,4.31,,,,,,15.04,,,,0.0,,,,,,,
01-May-2019,12:15,01-May-2019,12:30,Punjab,Mandi Gobindgarh,"RIMT University, Mandi Gobindgarh - PPCB",1.29,19.9,,,,13.53,40.42,,,,36.07,11.54,16.5,10.8,27.3,0.33,,47.48,,5.3,,4.3,,,,,,15.04,3.6,,,0.0,,,,,,,
01-May-2019,12:30,01-May-2019,12:45,Punjab,Mandi Gobindgarh,"RIMT University, Mandi Gobindgarh - PPCB",1.19,34.5,,,,12.69,40.9,,,,36.37,11.64,17.7,10.7,28.5,0.25,,56.51,,5.3,,4.33,,,,,,15.27,5.1,,,0.0,,,,,,,
01-May-2019,12:45,01-May-2019,13:00,Punjab,Mandi Gobindgarh,"RIMT University, Mandi Gobindgarh - PPCB",1.51,326.01,,,,12.8,51.19,,,,36.07,11.54,16.0,10.9,26.9,0.29,,45.6,,5.3,,4.31,,,,,,15.12,3.4,,,0.0,,,,,,,
01-May-2019,13:00,01-May-2019,13:15,Punjab,Mandi Gobindgarh,"RIMT University, Mandi Gobindgarh - PPCB",1.32,329.18,,,,13.31,45.62,,,,39.98,12.79,16.3,10.8,27.1,0.31,,59.8,,5.3,,4.32,,,,,,15.34,3.5,,,0.0,,,,,,,
01-May-2019,13:15,01-May-2019,13:30,Punjab,Mandi Gobindgarh,"RIMT University, Mandi Gobindgarh - PPCB",1.13,339.08,,,,12.78,41.9,,,,40.19,12.86,16.5,10.8,27.3,0.3,,56.99,,5.3,,4.32,,,,,,15.24,3.4,,,0.0,,,,,,,
01-May-2019,13:30,01-May-2019,13:45,Punjab,Mandi Gobindgarh,"RIMT University, Mandi Gobindgarh - PPCB",1.09,2.87,,,,13.05,43.52,,,,36.07,11.54,16.2,10.8,27.0,0.27,,46.16,,5.3,,4.31,,,,,,15.12,3.4,,,0.0,,,,,,,
01-May-2019,13:45,01-May-2019,14:00,Punjab,Mandi Gobindgarh,"RIMT University, Mandi Gobindgarh - PPCB",1.97,318.57,,,,13.49,49.91,,,,40.19,12.86,16.5,10.9,27.3,0.31,,64.5,,5.3,,4.31,,,,,,15.16,4.0,,,0.0,,,,,,,
01-May-2019,14:00,01-May-2019,14:15,Punjab,Mandi Gobindgarh,"RIMT University, Mandi Gobindgarh - PPCB",2.12,316.22,,,,13.66,53.09,,,,41.03,13.12,15.8,11.1,26.9,0.29,,57.99,,5.3,,4.3,,,,,,15.02,3.0,,,0.0,,,,,,,
01-May-2019,14:15,01-May-2019,14:30,Punjab,Mandi Gobindgarh,"RIMT University, Mandi Gobindgarh - PPCB",1.88,311.9,,,,13.59,52.53,,,,41.06,13.14,15.6,11.3,26.9,0.29,,57.78,,5.3,,4.3,,,,,,14.91,2.3,,,0.0,,,,,,,
01-May-2019,14:30,01-May-2019,14:45,Punjab,Mandi Gobindgarh,"RIMT University, Mandi Gobindgarh - PPCB",1.96,320.28,,,,13.5,47.09,,,,40.19,12.86,16.4,10.8,27.2,0.35,,64.44,,5.3,,4.31,,,,,,15.14,3.8,,,0.0,,,,,,,
01-May-2019,14:45,01-May-2019,15:00,Punjab,Mandi Gobindgarh,"RIMT University, Mandi Gobindgarh - PPCB",1.54,320.11,,,,13.42,55.91,,,,41.06,13.14,15.5,10.8,26.2,0.22,,56.76,,5.3,,4.31,,,,,,14.96,0.4,,,0.0,,,,,,,
01-May-2019,15:00,01-May-2019,15:15,Punjab,Mandi Gobindgarh,"RIMT University, Mandi Gobindgarh - PPCB",1.52,306.0,,,,12.94,45.27,,,,64.36,22.14,16.3,10.9,27.2,0.28,,54.37,,5.3,,4.31,,,,,,15.19,0.1,,,0.0,,,,,,,
01-May-2019,15:15,01-May-2019,15:30,Punjab,Mandi Gobindgarh,"RIMT University, Mandi Gobindgarh - PPCB",1.08,330.0,,,,12.88,46.41,,,,71.63,22.92,16.1,10.6,26.7,0.3,,56.49,,5.3,,4.31,,,,,,15.01,0.6,,,0.0,,,,,,,
01-May-2019,15:30,01-May-2019,15:45,Punjab,Mandi Gobindgarh,"RIMT University, Mandi Gobindgarh - PPCB",1.56,315.02,,,,13.35,52.06,,,,41.06,13.14,14.5,10.8,25.3,0.24,,58.95,,5.3,,4.3,,,,,,14.65,1.3,,,0.0,,,,,,,
01-May-2019,15:45,01-May-2019,16:00,Punjab,Mandi Gobindgarh,"RIMT University, Mandi Gobindgarh - PPCB",1.44,293.11,,,,12.19,39.69,,,,71.63,22.92,15.7,10.9,26.6,0.24,,76.18,,5.3,,4.31,,,,,,15.04,0.3,,,0.0,,,,,,,
01-May-2019,16:00,01-May-2019,16:15,Punjab,Mandi Gobindgarh,"RIMT University, Mandi Gobindgarh - PPCB",1.44,314.57,,,,12.54,45.05,,,,64.99,20.85,17.0,11.1,28.1,,,60.62,,5.3,,4.31,,,,,,15.1,,,,0.0,,,,,,,
01-May-2019,16:15,01-May-2019,16:30,Punjab,Mandi Gobindgarh,"RIMT University, Mandi Gobindgarh - PPCB",1.51,321.19,,,,12.32,43.37,,,,64.99,20.8,16.9,11.1,28.0,0.27,,55.78,,5.3,,4.3,,,,,,15.15,3.4,,,0.0,,,,,,,
01-May-2019,16:30,01-May-2019,16:45,Punjab,Mandi Gobindgarh,"RIMT University, Mandi Gobindgarh - PPCB",0.99,322.36,,,,12.98,52.58,,,,71.63,22.92,15.5,10.9,26.4,0.25,,68.29,,5.3,,4.31,,,,,,14.93,0.5,,,0.0,,,,,,,
01-May-2019,16:45,01-May-2019,17:00,Punjab,Mandi Gobindgarh,"RIMT University, Mandi Gobindgarh - PPCB",1.45,315.55,,,,11.33,34.12,,,,64.99,20.8,17.2,11.3,28.4,0.32,,53.01,,5.3,,4.31,,,,,,15.2,3.1,,,0.0,,,,,,,
01-May-2019,17:00,01-May-2019,17:15,Punjab,Mandi Gobindgarh,"RIMT University, Mandi Gobindgarh - PPCB",1.35,315.61,,,,11.07,31.45,,,,80.99,26.0,17.4,11.2,28.6,0.33,,62.19,,5.3,,4.32,,,,,,15.2,3.1,,,0.0,,,,,,,
01-May-2019,17:15,01-May-2019,17:30,Punjab,Mandi Gobindgarh,"RIMT University, Mandi Gobindgarh - PPCB",1.43,315.43,,,,11.35,33.45,,,,82.68,26.46,17.3,11.3,28.5,0.33,,53.26,,5.3,,4.32,,,,,,15.23,3.2,,,0.0,,,,,,,
01-May-2019,17:30,01-May-2019,17:45,Punjab,Mandi Gobindgarh,"RIMT University, Mandi Gobindgarh - PPCB",1.54,321.79,,,,11.91,40.14,,,,64.99,20.8,16.9,11.3,28.1,0.32,,49.77,,5.3,,4.31,,,,,,15.1,3.4,,,0.0,,,,,,,
01-May-2019,17:45,01-May-2019,18:00,Punjab,Mandi Gobindgarh,"RIMT University, Mandi Gobindgarh - PPCB",1.24,319.75,,,,13.06,46.89,,,,82.68,26.46,17.4,11.3,28.7,0.32,,44.84,,5.3,,4.32,,,,,,15.21,3.1,,,0.0,,,,,,,
01-May-2019,18:00,01-May-2019,18:15,Punjab,Mandi Gobindgarh,"RIMT University, Mandi Gobindgarh - PPCB",1.17,310.73,,,,15.42,69.98,,,,75.99,24.32,17.4,11.2,28.5,0.33,,41.53,,5.3,,4.33,,,,,,15.21,3.4,,,0.0,,,,,,,
01-May-2019,18:15,01-May-2019,18:30,Punjab,Mandi Gobindgarh,"RIMT University, Mandi Gobindgarh - PPCB",1.24,318.86,,,,16.39,78.46,,,,75.69,24.22,17.3,11.4,28.6,0.35,,36.37,,5.3,,4.34,,,,,,15.16,3.9,,,0.0,,,,,,,
01-May-2019,18:30,01-May-2019,18:45,Punjab,Mandi Gobindgarh,"RIMT University, Mandi Gobindgarh - PPCB",1.21,308.93,,,,11.3,32.55,,,,82.68,26.46,17.3,11.5,28.7,0.32,,50.52,,5.3,,4.32,,,,,,15.18,3.1,,,0.0,,,,,,,
01-May-2019,18:45,01-May-2019,19:00,Punjab,Mandi Gobindgarh,"RIMT University, Mandi Gobindgarh - PPCB",,323.39,,,,20.65,104.51,,,,75.69,24.22,17.6,11.2,28.8,0.39,,29.96,,5.3,,4.36,,,,,,15.27,4.3,,,0.0,,,,,,,
01-May-2019,19:00,01-May-2019,19:15,Punjab,Mandi Gobindgarh,"RIMT University, Mandi Gobindgarh - PPCB",0.21,264.52,,,,23.46,142.3,,,,93.47,29.78,17.6,11.2,28.9,0.51,,25.35,,5.3,,4.37,,,,,,15.28,4.6,,,0.0,,,,,,,
01-May-2019,19:15,01-May-2019,19:30,Punjab,Mandi Gobindgarh,"RIMT University, Mandi Gobindgarh - PPCB",0.36,278.92,,,,23.64,148.09,,,,93.47,29.91,17.4,11.3,28.8,0.48,,25.1,,5.3,,4.38,,,,,,15.26,4.8,,,0.0,,,,,,,
01-May-2019,19:30,01-May-2019,19:45,Punjab,Mandi Gobindgarh,"RIMT University, Mandi Gobindgarh - PPCB",0.96,312.43,,,,17.92,94.49,,,,75.69,24.22,17.5,11.3,28.8,0.38,,36.13,,5.3,,4.35,,,,,,15.3,4.3,,,0.0,,,,,,,
01-May-2019,19:45,01-May-2019,20:00,Punjab,Mandi Gobindgarh,"RIMT University, Mandi Gobindgarh - PPCB",0.06,138.14,,,,26.49,161.11,,,,93.47,29.91,17.4,11.3,28.8,0.44,,23.97,,5.3,,4.4,,,,,,15.14,4.6,,,0.0,,,,,,,
01-May-2019,20:00,01-May-2019,20:15,Punjab,Mandi Gobindgarh,"RIMT University, Mandi Gobindgarh - PPCB",0.11,36.53,,,,29.84,189.27,,,,121.37,39.43,16.6,10.9,27.5,,,12.57,,5.3,,4.4,,,,,,15.17,,,,0.0,,,,,,,
01-May-2019,20:15,01-May-2019,20:30,Punjab,Mandi Gobindgarh,"RIMT University, Mandi Gobindgarh - PPCB",0.07,78.4,,,,31.44,205.4,,,,126.02,40.33,16.5,10.8,27.3,0.55,,12.04,,5.3,,4.41,,,,,,15.04,3.6,,,0.0,,,,,,,
01-May-2019,20:30,01-May-2019,20:45,Punjab,Mandi Gobindgarh,"RIMT University, Mandi Gobindgarh - PPCB",0.29,291.33,,,,23.94,149.13,,,,93.47,29.91,17.2,11.3,28.5,0.45,,26.12,,5.3,,4.39,,,,,,15.13,4.9,,,0.0,,,,,,,
01-May-2019,20:45,01-May-2019,21:00,Punjab,Mandi Gobindgarh,"RIMT University, Mandi Gobindgarh - PPCB",0.14,334.66,,,,31.37,212.37,,,,126.02,40.33,16.2,10.6,26.8,0.4,,19.26,,5.3,,4.41,,,,,,14.99,4.2,,,0.0,,,,,,,
01-May-2019,21:00,01-May-2019,21:15,Punjab,Mandi Gobindgarh,"RIMT University, Mandi Gobindgarh - PPCB",0.2,288.84,,,,31.33,219.22,,,,160.04,50.97,16.4,10.6,27.0,0.38,,20.25,,5.3,,4.42,,,,,,15.05,4.3,,,0.0,,,,,,,
01-May-2019,21:15,01-May-2019,21:30,Punjab,Mandi Gobindgarh,"RIMT University, Mandi Gobindgarh - PPCB",0.06,329.26,,,,31.94,215.12,,,,160.04,51.21,16.3,10.9,27.2,0.4,,19.61,,5.3,,4.42,,,,,,14.95,4.3,,,0.0,,,,,,,
01-May-2019,21:30,01-May-2019,21:45,Punjab,Mandi Gobindgarh,"RIMT University, Mandi Gobindgarh - PPCB",0.18,264.88,,,,32.21,226.7,,,,126.02,40.33,16.3,10.5,26.9,0.4,,17.55,,5.3,,4.41,,,,,,15.0,4.0,,,0.0,,,,,,,
01-May-2019,21:45,01-May-2019,22:00,Punjab,Mandi Gobindgarh,"RIMT University, Mandi Gobindgarh - PPCB",0.12,298.06,,,,32.77,233.17,,,,160.04,51.21,16.3,10.9,27.2,0.37,,19.16,,5.3,,4.42,,,,,,14.99,4.3,,,0.0,,,,,,,
01-May-2019,22:00,01-May-2019,22:15,Punjab,Mandi Gobindgarh,"RIMT University, Mandi Gobindgarh - PPCB",0.11,19.05,,,,32.81,222.2,,,,154.87,49.48,16.4,10.7,27.1,0.36,,20.31,,5.3,,4.43,,,,,,15.02,4.2,,,0.0,,,,,,,
01-May-2019,22:15,01-May-2019,22:30,Punjab,Mandi Gobindgarh,"RIMT University, Mandi Gobindgarh - PPCB",0.13,329.74,,,,33.46,231.73,,,,154.14,49.32,15.6,10.8,26.4,0.36,,21.59,,5.3,,4.43,,,,,,14.83,4.5,,,0.0,,,,,,,
01-May-2019,22:30,01-May-2019,22:45,Punjab,Mandi Gobindgarh,"RIMT University, Mandi Gobindgarh - PPCB",0.2,306.06,,,,32.3,229.17,,,,160.04,51.21,16.0,10.7,26.7,0.38,,21.59,,5.3,,4.42,,,,,,15.02,4.3,,,0.0,,,,,,,
01-May-2019,22:45,01-May-2019,23:00,Punjab,Mandi Gobindgarh,"RIMT University, Mandi Gobindgarh - PPCB",0.01,60.51,,,,31.91,217.82,,,,154.14,49.32,16.0,10.4,26.4,0.29,,17.51,,5.3,,4.41,,,,,,14.94,4.1,,,0.0,,,,,,,
01-May-2019,23:00,01-May-2019,23:15,Punjab,Mandi Gobindgarh,"RIMT University, Mandi Gobindgarh - PPCB",0.11,290.58,,,,31.71,224.47,,,,141.54,45.15,16.1,10.7,26.9,0.3,,22.82,,5.3,,4.4,,,,,,14.94,3.9,,,0.0,,,,,,,
01-May-2019,23:15,01-May-2019,23:30,Punjab,Mandi Gobindgarh,"RIMT University, Mandi Gobindgarh - PPCB",0.03,288.44,,,,31.65,222.73,,,,140.61,45.0,16.1,10.7,26.8,0.31,,22.24,,5.3,,4.38,,,,,,15.0,4.0,,,0.0,,,,,,,
01-May-2019,23:30,01-May-2019,23:45,Punjab,Mandi Gobindgarh,"RIMT University, Mandi Gobindgarh - PPCB",0.23,299.97,,,,32.73,237.22,,,,154.14,49.32,15.4,10.6,26.0,0.33,,19.84,,5.3,,4.42,,,,,,14.79,4.2,,,0.0,,,,,,,
01-May-2019,23:45,02-May-2019,00:00,Punjab,Mandi Gobindgarh,"RIMT University, Mandi Gobindgarh - PPCB",,,,,,,,,,,,,,,,,,,,,,,,,,,,,,,,,,,,,,,
02-May-2019,00:00,02-May-2019,00:15,Punjab,Mandi Gobindgarh,"RIMT University, Mandi Gobindgarh - PPCB",0.56,305.88,,,,30.78,225.16,,,,120.28,38.34,16.9,11.7,28.6,,,19.37,,5.3,,4.37,,,,,,15.09,,,,0.0,,,,,,,
02-May-2019,00:15,02-May-2019,00:30,Punjab,Mandi Gobindgarh,"RIMT University, Mandi Gobindgarh - PPCB",0.44,313.17,,,,31.08,225.67,,,,119.21,38.15,16.7,11.9,28.6,0.34,,21.91,,5.3,,4.37,,,,,,15.06,4.2,,,0.0,,,,,,,
02-May-2019,00:30,02-May-2019,00:45,Punjab,Mandi Gobindgarh,"RIMT University, Mandi Gobindgarh - PPCB",0.04,34.37,,,,37.54,273.63,,,,119.21,38.15,16.7,11.9,28.6,0.32,,15.09,,5.3,,4.38,,,,,,15.13,4.1,,,0.0,,,,,,,
02-May-2019,00:45,02-May-2019,01:00,Punjab,Mandi Gobindgarh,"RIMT University, Mandi Gobindgarh - PPCB",0.03,304.14,,,,37.11,271.97,,,,119.21,38.15,16.8,11.9,28.7,0.31,,16.84,,5.3,,4.37,,,,,,15.1,3.8,,,0.0,,,,,,,
02-May-2019,01:00,02-May-2019,01:15,Punjab,Mandi Gobindgarh,"RIMT University, Mandi Gobindgarh - PPCB",0.05,320.91,,,,38.3,289.66,,,,115.36,36.93,16.6,11.9,28.5,0.31,,16.05,,5.3,,4.36,,,,,,15.05,4.0,,,0.0,,,,,,,
02-May-2019,01:15,02-May-2019,01:30,Punjab,Mandi Gobindgarh,"RIMT University, Mandi Gobindgarh - PPCB",0.23,328.48,,,,35.05,259.12,,,,115.1,36.83,16.8,11.9,28.7,0.31,,17.72,,5.3,,4.36,,,,,,15.1,4.2,,,0.0,,,,,,,
02-May-2019,01:30,02-May-2019,01:45,Punjab,Mandi Gobindgarh,"RIMT University, Mandi Gobindgarh - PPCB",0.05,6.89,,,,35.69,256.66,,,,115.1,36.83,16.6,11.8,28.4,0.33,,29.6,,5.3,,4.36,,,,,,15.07,4.1,,,0.0,,,,,,,
02-May-2019,01:45,02-May-2019,02:00,Punjab,Mandi Gobindgarh,"RIMT University, Mandi Gobindgarh - PPCB",0.16,335.52,,,,39.39,298.72,,,,115.1,36.83,16.6,11.9,28.5,0.32,,28.26,,5.3,,4.36,,,,,,15.05,4.0,,,0.0,,,,,,,
02-May-2019,02:00,02-May-2019,02:15,Punjab,Mandi Gobindgarh,"RIMT University, Mandi Gobindgarh - PPCB",0.09,110.45,,,,43.9,331.71,,,,107.04,34.12,16.3,11.9,28.2,0.3,,24.79,,5.3,,4.36,,,,,,15.01,3.6,,,0.0,,,,,,,
02-May-2019,02:15,02-May-2019,02:30,Punjab,Mandi Gobindgarh,"RIMT University, Mandi Gobindgarh - PPCB",0.14,70.29,,,,39.17,285.74,,,,106.53,34.09,16.8,11.9,28.7,0.33,,16.72,,5.3,,4.36,,,,,,15.09,4.5,,,0.0,,,,,,,
02-May-2019,02:30,02-May-2019,02:45,Punjab,Mandi Gobindgarh,"RIMT University, Mandi Gobindgarh - PPCB",0.05,6.89,,,,35.69,256.66,,,,115.1,36.83,16.6,11.8,28.4,0.33,,29.6,,5.3,,4.36,,,,,,15.07,4.1,,,0.0,,,,,,,
02-May-2019,02:45,02-May-2019,03:00,Punjab,Mandi Gobindgarh,"RIMT University, Mandi Gobindgarh - PPCB",0.13,64.44,,,,38.1,272.87,,,,106.53,34.09,17.0,11.6,28.6,0.32,,13.51,,5.3,,4.36,,,,,,15.26,5.7,,,0.0,,,,,,,
02-May-2019,03:00,02-May-2019,03:15,Punjab,Mandi Gobindgarh,"RIMT University, Mandi Gobindgarh - PPCB",0.17,79.42,,,,37.17,264.28,,,,85.45,26.98,17.1,11.6,28.6,0.34,,17.95,,5.3,,4.38,,,,,,15.24,5.7,,,0.0,,,,,,,
02-May-2019,03:15,02-May-2019,03:30,Punjab,Mandi Gobindgarh,"RIMT University, Mandi Gobindgarh - PPCB",0.14,332.86,,,,37.15,279.44,,,,82.81,26.5,16.8,11.7,28.6,0.32,,12.27,,5.3,,4.41,,,,,,15.16,5.8,,,0.0,,,,,,,
02-May-2019,03:30,02-May-2019,03:45,Punjab,Mandi Gobindgarh,"RIMT University, Mandi Gobindgarh - PPCB",0.07,1.72,,,,37.27,276.15,,,,106.53,34.09,17.1,11.8,28.9,0.31,,16.58,,5.3,,4.35,,,,,,15.17,5.5,,,0.0,,,,,,,
02-May-2019,03:45,02-May-2019,04:00,Punjab,Mandi Gobindgarh,"RIMT University, Mandi Gobindgarh - PPCB",0.76,316.33,,,,42.7,344.53,,,,82.81,26.5,16.9,12.0,28.9,0.31,,17.29,,5.3,,4.42,,,,,,15.13,5.2,,,0.0,,,,,,,
02-May-2019,04:00,02-May-2019,04:15,Punjab,Mandi Gobindgarh,"RIMT University, Mandi Gobindgarh - PPCB",0.1,10.19,,,,45.17,346.07,,,,61.56,19.47,16.9,10.4,27.3,,,14.78,,5.3,,4.43,,,,,,15.09,,,,0.0,,,,,,,
02-May-2019,04:15,02-May-2019,04:30,Punjab,Mandi Gobindgarh,"RIMT University, Mandi Gobindgarh - PPCB",0.87,292.48,,,,45.58,374.42,,,,59.79,19.13,17.1,10.3,27.4,0.35,,13.35,,5.3,,4.43,,,,,,15.15,4.5,,,0.0,,,,,,,
02-May-2019,04:30,02-May-2019,04:45,Punjab,Mandi Gobindgarh,"RIMT University, Mandi Gobindgarh - PPCB",0.36,73.47,,,,38.69,279.8,,,,82.81,26.5,17.0,11.9,28.9,0.32,,17.8,,5.3,,4.42,,,,,,15.11,5.6,,,0.0,,,,,,,
02-May-2019,04:45,02-May-2019,05:00,Punjab,Mandi Gobindgarh,"RIMT University, Mandi Gobindgarh - PPCB",0.44,332.22,,,,42.54,335.37,,,,59.79,19.13,17.0,10.3,27.3,0.5,,11.5,,5.3,,4.43,,,,,,15.04,50.6,,,0.0,,,,,,,
02-May-2019,05:00,02-May-2019,05:15,Punjab,Mandi Gobindgarh,"RIMT University, Mandi Gobindgarh - PPCB",0.92,320.17,,,,43.46,348.58,,,,143.2,46.45,16.6,10.4,26.9,0.5,,13.12,,5.3,,4.43,,,,,,14.91,40.4,,,0.0,,,,,,,
02-May-2019,05:15,02-May-2019,05:30,Punjab,Mandi Gobindgarh,"RIMT University, Mandi Gobindgarh - PPCB",0.61,294.4,,,,42.37,338.91,,,,147.17,47.1,16.6,10.2,26.8,0.39,,16.74,,5.3,,4.43,,,,,,14.98,25.8,,,0.0,,,,,,,
02-May-2019,05:30,02-May-2019,05:45,Punjab,Mandi Gobindgarh,"RIMT University, Mandi Gobindgarh - PPCB",0.5,290.79,,,,39.43,310.19,,,,59.79,19.13,16.9,10.2,27.1,1.2,,14.27,,5.3,,4.43,,,,,,15.02,23.5,,,0.0,,,,,,,
02-May-2019,05:45,02-May-2019,06:00,Punjab,Mandi Gobindgarh,"RIMT University, Mandi Gobindgarh - PPCB",0.11,39.13,,,,53.7,428.41,,,,147.17,47.1,16.6,10.1,26.7,0.38,,10.88,,5.3,,4.43,,,,,,14.96,12.4,,,0.0,,,,,,,
02-May-2019,06:00,02-May-2019,06:15,Punjab,Mandi Gobindgarh,"RIMT University, Mandi Gobindgarh - PPCB",0.13,100.27,,,,58.17,472.62,,,,130.67,41.71,16.3,10.2,26.4,0.36,,10.76,,5.3,,4.43,,,,,,15.04,9.6,,,0.0,,,,,,,
02-May-2019,06:15,02-May-2019,06:30,Punjab,Mandi Gobindgarh,"RIMT University, Mandi Gobindgarh - PPCB",0.74,83.47,,,,55.29,443.65,,,,128.78,41.21,16.3,10.4,26.7,0.34,,13.6,,5.3,,4.43,,,,,,14.99,9.5,,,0.0,,,,,,,
02-May-2019,06:30,02-May-2019,06:45,Punjab,Mandi Gobindgarh,"RIMT University, Mandi Gobindgarh - PPCB",0.63,329.91,,,,42.47,338.27,,,,147.17,47.1,16.8,10.3,27.1,0.38,,14.6,,5.3,,4.43,,,,,,14.97,17.9,,,0.0,,,,,,,
02-May-2019,06:45,02-May-2019,07:00,Punjab,Mandi Gobindgarh,"RIMT University, Mandi Gobindgarh - PPCB",0.18,75.3,,,,54.04,435.81,,,,128.78,41.21,16.1,10.2,26.4,0.32,,13.63,,5.3,,4.41,,,,,,14.93,6.9,,,0.0,,,,,,,
02-May-2019,07:00,02-May-2019,07:15,Punjab,Mandi Gobindgarh,"RIMT University, Mandi Gobindgarh - PPCB",0.53,84.0,,,,50.72,397.74,,,,110.42,35.53,16.4,10.4,26.7,0.33,,15.23,,5.3,,4.39,,,,,,14.94,5.9,,,0.0,,,,,,,
02-May-2019,07:15,02-May-2019,07:30,Punjab,Mandi Gobindgarh,"RIMT University, Mandi Gobindgarh - PPCB",1.04,288.74,,,,46.78,382.13,,,,110.42,35.33,16.4,10.5,26.9,0.39,,15.33,,5.3,,4.37,,,,,,15.01,5.9,,,0.0,,,,,,,
02-May-2019,07:30,02-May-2019,07:45,Punjab,Mandi Gobindgarh,"RIMT University, Mandi Gobindgarh - PPCB",0.26,57.96,,,,55.17,450.46,,,,128.78,41.21,16.1,10.2,26.2,0.34,,15.13,,5.3,,4.42,,,,,,14.98,8.0,,,0.0,,,,,,,
02-May-2019,07:45,02-May-2019,08:00,Punjab,Mandi Gobindgarh,"RIMT University, Mandi Gobindgarh - PPCB",1.2,304.25,,,,32.36,246.98,,,,110.42,35.33,16.1,10.4,26.5,0.43,,14.64,,5.3,,4.37,,,,,,14.9,15.2,,,0.0,,,,,,,
02-May-2019,08:00,02-May-2019,08:15,Punjab,Mandi Gobindgarh,"RIMT University, Mandi Gobindgarh - PPCB",0.96,316.65,,,,30.84,225.44,,,,160.2,51.2,16.7,11.6,28.3,,,14.66,,5.3,,4.37,,,,,,15.09,,,,0.0,,,,,,,
02-May-2019,08:15,02-May-2019,08:30,Punjab,Mandi Gobindgarh,"RIMT University, Mandi Gobindgarh - PPCB",1.06,308.32,,,,29.38,206.26,,,,164.03,52.49,16.8,11.6,28.4,0.4,,20.25,,5.3,,4.37,,,,,,15.11,14.9,,,0.0,,,,,,,
02-May-2019,08:30,02-May-2019,08:45,Punjab,Mandi Gobindgarh,"RIMT University, Mandi Gobindgarh - PPCB",1.4,283.77,,,,36.37,289.48,,,,110.42,35.33,16.4,10.4,26.8,0.45,,12.8,,5.3,,4.36,,,,,,15.04,8.1,,,0.0,,,,,,,
02-May-2019,08:45,02-May-2019,09:00,Punjab,Mandi Gobindgarh,"RIMT University, Mandi Gobindgarh - PPCB",1.15,291.98,,,,26.73,182.6,,,,164.03,52.49,17.0,11.5,28.5,0.42,,24.4,,5.3,,4.36,,,,,,15.16,19.3,,,0.0,,,,,,,
02-May-2019,09:00,02-May-2019,09:15,Punjab,Mandi Gobindgarh,"RIMT University, Mandi Gobindgarh - PPCB",1.43,285.65,,,,25.29,168.5,,,,168.25,53.96,16.8,11.4,28.1,0.42,,26.91,,5.3,,4.36,,,,,,15.16,19.6,,,0.0,,,,,,,
02-May-2019,09:15,02-May-2019,09:30,Punjab,Mandi Gobindgarh,"RIMT University, Mandi Gobindgarh - PPCB",1.54,292.54,,,,24.84,164.58,,,,168.96,54.07,16.9,11.4,28.3,0.4,,25.27,,5.3,,4.36,,,,,,15.19,25.3,,,0.0,,,,,,,
02-May-2019,09:30,02-May-2019,09:45,Punjab,Mandi Gobindgarh,"RIMT University, Mandi Gobindgarh - PPCB",1.1,306.77,,,,27.57,191.92,,,,164.03,52.49,16.9,11.7,28.5,0.39,,24.93,,5.3,,4.37,,,,,,15.17,15.3,,,0.0,,,,,,,
02-May-2019,09:45,02-May-2019,10:00,Punjab,Mandi Gobindgarh,"RIMT University, Mandi Gobindgarh - PPCB",1.6,289.16,,,,21.17,130.25,,,,168.96,54.07,17.0,11.6,28.6,0.32,,35.13,,5.3,,4.36,,,,,,15.19,20.9,,,0.0,,,,,,,
02-May-2019,10:00,02-May-2019,10:15,Punjab,Mandi Gobindgarh,"RIMT University, Mandi Gobindgarh - PPCB",1.47,298.51,,,,21.16,130.8,,,,205.26,66.02,17.0,11.5,28.5,0.29,,40.64,,5.3,,4.36,,,,,,15.14,21.3,,,0.0,,,,,,,
02-May-2019,10:15,02-May-2019,10:30,Punjab,Mandi Gobindgarh,"RIMT University, Mandi Gobindgarh - PPCB",1.34,284.31,,,,20.15,119.11,,,,207.34,66.35,16.9,11.5,28.4,0.3,,38.58,,5.3,,4.35,,,,,,15.15,31.6,,,0.0,,,,,,,
02-May-2019,10:30,02-May-2019,10:45,Punjab,Mandi Gobindgarh,"RIMT University, Mandi Gobindgarh - PPCB",1.57,297.98,,,,23.31,150.46,,,,168.96,54.07,17.1,11.4,28.6,0.35,,30.94,,5.3,,4.36,,,,,,15.3,22.9,,,0.0,,,,,,,
02-May-2019,10:45,02-May-2019,11:00,Punjab,Mandi Gobindgarh,"RIMT University, Mandi Gobindgarh - PPCB",1.45,297.36,,,,19.33,109.77,,,,207.34,66.35,17.1,11.4,28.5,0.21,,54.19,,5.3,,4.32,,,,,,15.19,24.1,,,0.0,,,,,,,
02-May-2019,11:00,02-May-2019,11:15,Punjab,Mandi Gobindgarh,"RIMT University, Mandi Gobindgarh - PPCB",1.68,315.29,,,,19.69,113.55,,,,184.89,56.35,17.2,11.5,28.7,0.27,,66.99,,5.3,,4.31,,,,,,15.18,17.0,,,0.0,,,,,,,
02-May-2019,11:15,02-May-2019,11:30,Punjab,Mandi Gobindgarh,"RIMT University, Mandi Gobindgarh - PPCB",1.42,307.28,,,,19.17,105.34,,,,174.91,55.97,17.3,11.5,28.8,0.27,,68.44,,5.3,,4.3,,,,,,15.26,19.4,,,0.0,,,,,,,
02-May-2019,11:30,02-May-2019,11:45,Punjab,Mandi Gobindgarh,"RIMT University, Mandi Gobindgarh - PPCB",1.51,310.03,,,,19.48,112.83,,,,207.34,66.35,17.2,11.4,28.7,0.27,,51.76,,5.3,,4.34,,,,,,15.19,40.5,,,0.0,,,,,,,
02-May-2019,11:45,02-May-2019,12:00,Punjab,Mandi Gobindgarh,"RIMT University, Mandi Gobindgarh - PPCB",1.93,311.3,,,,17.87,97.19,,,,174.91,55.97,17.2,11.6,28.8,0.28,,77.85,,5.3,,4.3,,,,,,15.2,14.2,,,0.0,,,,,,,
02-May-2019,12:00,02-May-2019,12:15,Punjab,Mandi Gobindgarh,"RIMT University, Mandi Gobindgarh - PPCB",1.33,307.01,,,,17.52,87.76,,,,120.99,38.81,16.9,11.0,27.9,,,76.94,,5.3,,4.3,,,,,,15.13,,,,0.0,,,,,,,
02-May-2019,12:15,02-May-2019,12:30,Punjab,Mandi Gobindgarh,"RIMT University, Mandi Gobindgarh - PPCB",1.37,307.25,,,,16.96,84.45,,,,119.3,38.18,17.1,11.1,28.2,0.37,,77.03,,5.3,,4.3,,,,,,15.1,19.9,,,0.0,,,,,,,
02-May-2019,12:30,02-May-2019,12:45,Punjab,Mandi Gobindgarh,"RIMT University, Mandi Gobindgarh - PPCB",1.72,314.18,,,,18.67,104.74,,,,174.91,55.97,17.2,11.6,28.7,0.29,,73.43,,5.3,,4.3,,,,,,15.23,15.9,,,0.0,,,,,,,
02-May-2019,12:45,02-May-2019,13:00,Punjab,Mandi Gobindgarh,"RIMT University, Mandi Gobindgarh - PPCB",1.65,313.25,,,,24.06,149.84,,,,119.3,38.18,16.4,11.3,27.7,0.41,,76.12,,5.3,,4.3,,,,,,14.91,8.0,,,0.0,,,,,,,
02-May-2019,13:00,02-May-2019,13:15,Punjab,Mandi Gobindgarh,"RIMT University, Mandi Gobindgarh - PPCB",1.48,313.32,,,,25.4,161.44,,,,119.14,38.13,16.3,11.1,27.4,0.27,,67.93,,5.3,,4.3,,,,,,14.92,6.7,,,0.0,,,,,,,
02-May-2019,13:15,02-May-2019,13:30,Punjab,Mandi Gobindgarh,"RIMT University, Mandi Gobindgarh - PPCB",1.69,313.03,,,,26.36,173.94,,,,119.13,38.12,17.2,10.9,28.1,0.5,,62.63,,5.3,,4.3,,,,,,15.13,12.4,,,0.0,,,,,,,
02-May-2019,13:30,02-May-2019,13:45,Punjab,Mandi Gobindgarh,"RIMT University, Mandi Gobindgarh - PPCB",,,,,,19.54,110.08,,,,,,,,,,,,,,,4.3,,,,,,,,,,0.0,,,,,,,
02-May-2019,13:45,02-May-2019,14:00,Punjab,Mandi Gobindgarh,"RIMT University, Mandi Gobindgarh - PPCB",2.96,315.64,,,,28.33,193.0,,,,119.13,38.12,17.3,11.3,28.6,1.33,,63.0,,5.3,,4.3,,,,,,15.11,14.6,,,0.0,,,,,,,
02-May-2019,14:00,02-May-2019,14:15,Punjab,Mandi Gobindgarh,"RIMT University, Mandi Gobindgarh - PPCB",3.05,324.06,,,,27.41,185.69,,,,181.99,61.3,17.3,11.0,28.3,1.65,,65.27,,5.3,,4.3,,,,,,15.17,12.6,,,0.0,,,,,,,
02-May-2019,14:15,02-May-2019,14:30,Punjab,Mandi Gobindgarh,"RIMT University, Mandi Gobindgarh - PPCB",2.51,314.32,,,,25.86,169.53,,,,194.56,62.26,17.1,10.9,28.0,1.95,,69.09,,5.3,,4.3,,,,,,15.09,14.2,,,0.0,,,,,,,
02-May-2019,14:30,02-May-2019,14:45,Punjab,Mandi Gobindgarh,"RIMT University, Mandi Gobindgarh - PPCB",2.37,324.53,,,,27.05,177.91,,,,119.13,38.12,17.7,11.3,28.9,0.89,,63.53,,5.3,,4.3,,,,,,15.22,17.3,,,0.0,,,,,,,
02-May-2019,14:45,02-May-2019,15:00,Punjab,Mandi Gobindgarh,"RIMT University, Mandi Gobindgarh - PPCB",1.54,316.22,,,,23.65,142.57,,,,194.56,62.26,16.9,11.1,28.0,2.37,,65.08,,5.3,,4.3,,,,,,14.96,15.3,,,0.0,,,,,,,
02-May-2019,15:00,02-May-2019,15:15,Punjab,Mandi Gobindgarh,"RIMT University, Mandi Gobindgarh - PPCB",,,,,,,,,,,,,,,,,,,,,,,,,,,,,,,,,,,,,,,
02-May-2019,15:15,02-May-2019,15:30,Punjab,Mandi Gobindgarh,"RIMT University, Mandi Gobindgarh - PPCB",,,,,,,,,,,,,,,,,,,,,,,,,,,,,,,,,,,,,,,
02-May-2019,15:30,02-May-2019,15:45,Punjab,Mandi Gobindgarh,"RIMT University, Mandi Gobindgarh - PPCB",,,,,,,,,,,,,,,,,,,,,,,,,,,,,,,,,,,,,,,
02-May-2019,15:45,02-May-2019,16:00,Punjab,Mandi Gobindgarh,"RIMT University, Mandi Gobindgarh - PPCB",,,,,,,,,,,,,,,,,,,,,,,,,,,,,,,,,,,,,,,
02-May-2019,16:00,02-May-2019,16:15,Punjab,Mandi Gobindgarh,"RIMT University, Mandi Gobindgarh - PPCB",,,,,,,,,,,,,,,,,,,,,,,,,,,,,,,,,,,,,,,
02-May-2019,16:15,02-May-2019,16:30,Punjab,Mandi Gobindgarh,"RIMT University, Mandi Gobindgarh - PPCB",,,,,,,,,,,,,,,,,,,,,,,,,,,,,,,,,,,,,,,
02-May-2019,16:30,02-May-2019,16:45,Punjab,Mandi Gobindgarh,"RIMT University, Mandi Gobindgarh - PPCB",,,,,,,,,,,,,,,,,,,,,,,,,,,,,,,,,,,,,,,
02-May-2019,16:45,02-May-2019,17:00,Punjab,Mandi Gobindgarh,"RIMT University, Mandi Gobindgarh - PPCB",,,,,,,,,,,,,,,,,,,,,,,,,,,,,,,,,,,,,,,
02-May-2019,17:00,02-May-2019,17:15,Punjab,Mandi Gobindgarh,"RIMT University, Mandi Gobindgarh - PPCB",,,,,,,,,,,,,,,,,,,,,,,,,,,,,,,,,,,,,,,
02-May-2019,17:15,02-May-2019,17:30,Punjab,Mandi Gobindgarh,"RIMT University, Mandi Gobindgarh - PPCB",,,,,,,,,,,,,,,,,,,,,,,,,,,,,,,,,,,,,,,
02-May-2019,17:30,02-May-2019,17:45,Punjab,Mandi Gobindgarh,"RIMT University, Mandi Gobindgarh - PPCB",,,,,,,,,,,,,,,,,,,,,,,,,,,,,,,,,,,,,,,
02-May-2019,17:45,02-May-2019,18:00,Punjab,Mandi Gobindgarh,"RIMT University, Mandi Gobindgarh - PPCB",,,,,,,,,,,,,,,,,,,,,,,,,,,,,,,,,,,,,,,
02-May-2019,18:00,02-May-2019,18:15,Punjab,Mandi Gobindgarh,"RIMT University, Mandi Gobindgarh - PPCB",,,,,,,,,,,,,,,,,,,,,,,,,,,,,,,,,,,,,,,
02-May-2019,18:15,02-May-2019,18:30,Punjab,Mandi Gobindgarh,"RIMT University, Mandi Gobindgarh - PPCB",,,,,,,,,,,,,,,,,,,,,,,,,,,,,,,,,,,,,,,
02-May-2019,18:30,02-May-2019,18:45,Punjab,Mandi Gobindgarh,"RIMT University, Mandi Gobindgarh - PPCB",,,,,,,,,,,,,,,,,,,,,,,,,,,,,,,,,,,,,,,
02-May-2019,18:45,02-May-2019,19:00,Punjab,Mandi Gobindgarh,"RIMT University, Mandi Gobindgarh - PPCB",,,,,,,,,,,,,,,,,,,,,,,,,,,,,,,,,,,,,,,
02-May-2019,19:00,02-May-2019,19:15,Punjab,Mandi Gobindgarh,"RIMT University, Mandi Gobindgarh - PPCB",,,,,,,,,,,,,,,,,,,,,,,,,,,,,,,,,,,,,,,
02-May-2019,19:15,02-May-2019,19:30,Punjab,Mandi Gobindgarh,"RIMT University, Mandi Gobindgarh - PPCB",,,,,,,,,,,,,,,,,,,,,,,,,,,,,,,,,,,,,,,
02-May-2019,19:30,02-May-2019,19:45,Punjab,Mandi Gobindgarh,"RIMT University, Mandi Gobindgarh - PPCB",,,,,,,,,,,,,,,,,,,,,,,,,,,,,,,,,,,,,,,
02-May-2019,19:45,02-May-2019,20:00,Punjab,Mandi Gobindgarh,"RIMT University, Mandi Gobindgarh - PPCB",,,,,,,,,,,,,,,,,,,,,,,,,,,,,,,,,,,,,,,
02-May-2019,20:00,02-May-2019,20:15,Punjab,Mandi Gobindgarh,"RIMT University, Mandi Gobindgarh - PPCB",,,,,,,,,,,,,,,,,,,,,,,,,,,,,,,,,,,,,,,
02-May-2019,20:15,02-May-2019,20:30,Punjab,Mandi Gobindgarh,"RIMT University, Mandi Gobindgarh - PPCB",,,,,,,,,,,,,,,,,,,,,,,,,,,,,,,,,,,,,,,
02-May-2019,20:30,02-May-2019,20:45,Punjab,Mandi Gobindgarh,"RIMT University, Mandi Gobindgarh - PPCB",,,,,,,,,,,,,,,,,,,,,,,,,,,,,,,,,,,,,,,
02-May-2019,20:45,02-May-2019,21:00,Punjab,Mandi Gobindgarh,"RIMT University, Mandi Gobindgarh - PPCB",,,,,,,,,,,,,,,,,,,,,,,,,,,,,,,,,,,,,,,
02-May-2019,21:00,02-May-2019,21:15,Punjab,Mandi Gobindgarh,"RIMT University, Mandi Gobindgarh - PPCB",,,,,,,,,,,,,,,,,,,,,,,,,,,,,,,,,,,,,,,
02-May-2019,21:15,02-May-2019,21:30,Punjab,Mandi Gobindgarh,"RIMT University, Mandi Gobindgarh - PPCB",,,,,,,,,,,,,,,,,,,,,,,,,,,,,,,,,,,,,,,
02-May-2019,21:30,02-May-2019,21:45,Punjab,Mandi Gobindgarh,"RIMT University, Mandi Gobindgarh - PPCB",,,,,,,,,,,,,,,,,,,,,,,,,,,,,,,,,,,,,,,
02-May-2019,21:45,02-May-2019,22:00,Punjab,Mandi Gobindgarh,"RIMT University, Mandi Gobindgarh - PPCB",,,,,,,,,,,,,,,,,,,,,,,,,,,,,,,,,,,,,,,
02-May-2019,22:00,02-May-2019,22:15,Punjab,Mandi Gobindgarh,"RIMT University, Mandi Gobindgarh - PPCB",,,,,,,,,,,,,,,,,,,,,,,,,,,,,,,,,,,,,,,
02-May-2019,22:15,02-May-2019,22:30,Punjab,Mandi Gobindgarh,"RIMT University, Mandi Gobindgarh - PPCB",,,,,,,,,,,,,,,,,,,,,,,,,,,,,,,,,,,,,,,
02-May-2019,22:30,02-May-2019,22:45,Punjab,Mandi Gobindgarh,"RIMT University, Mandi Gobindgarh - PPCB",0.15,18.63,,,,37.1,277.42,,,,57.09,18.27,18.5,11.5,29.9,0.41,,32.26,,5.3,,4.42,,,,,,15.3,2.8,,,0.0,,,,,,,
02-May-2019,22:45,02-May-2019,23:00,Punjab,Mandi Gobindgarh,"RIMT University, Mandi Gobindgarh - PPCB",0.23,98.65,,,,39.62,294.4,,,,57.09,18.27,18.3,11.4,29.6,0.41,,28.64,,5.3,,4.42,,,,,,15.32,2.7,,,0.0,,,,,,,
02-May-2019,23:00,02-May-2019,23:15,Punjab,Mandi Gobindgarh,"RIMT University, Mandi Gobindgarh - PPCB",0.41,116.34,,,,38.9,291.39,,,,38.86,12.7,18.1,11.5,29.7,0.44,,30.9,,5.3,,4.42,,,,,,15.19,2.5,,,0.0,,,,,,,
02-May-2019,23:15,02-May-2019,23:30,Punjab,Mandi Gobindgarh,"RIMT University, Mandi Gobindgarh - PPCB",0.26,106.36,,,,41.62,314.71,,,,37.64,12.04,18.4,11.6,29.9,0.47,,30.32,,5.3,,4.42,,,,,,15.18,3.3,,,0.0,,,,,,,
02-May-2019,23:30,02-May-2019,23:45,Punjab,Mandi Gobindgarh,"RIMT University, Mandi Gobindgarh - PPCB",0.15,18.63,,,,37.1,277.42,,,,57.09,18.27,18.5,11.5,29.9,0.41,,32.26,,5.3,,4.42,,,,,,15.3,2.8,,,0.0,,,,,,,
02-May-2019,23:45,03-May-2019,00:00,Punjab,Mandi Gobindgarh,"RIMT University, Mandi Gobindgarh - PPCB",,,,,,,,,,,,,,,,,,,,,,,,,,,,,,,,,,,,,,,
From Date,From Time,To Date,To Time,State Name,city,Station,WS,WD,Gust,Variance,AT,RH,SR,BP,PPAccum,Power,PM10,PM2_5,NO,NO2,NOx,CO,CO2,Ozone,BlackCarbon,Benzene,Toluene,Eth-Benzene,Xylene,CH4,NMHC,VWS,THC,NH3,SO2,Temp,MP-Xylene,RF,RackTemp,P_Xylene,O Xylene,ETH,SPM,AP,MH
01-Jan-2019,00:00,01-Jan-2019,00:15,Punjab,Patiala,"Model Town, Patiala - PPCB",0.12,149.22,,,,95.24,146.26,,,,193.2,35.2,3.7,8.0,11.6,0.92,,3.44,,2.51,,62.6,,,,,,27.49,5.41,6.32,10.23,0.0,,,0.88,,,,
01-Jan-2019,00:15,01-Jan-2019,00:30,Punjab,Patiala,"Model Town, Patiala - PPCB",0.19,247.77,,,,95.23,148.1,,,,188.9,35.2,4.2,7.9,12.1,0.92,,2.88,,2.5,,62.6,,,,,,27.47,5.52,6.3,10.23,0.0,,,0.87,,,,
01-Jan-2019,00:30,01-Jan-2019,00:45,Punjab,Patiala,"Model Town, Patiala - PPCB",0.21,243.8,,,,95.24,146.64,,,,187.1,35.2,4.0,8.1,12.1,0.98,,1.84,,2.5,,62.6,,,,,,27.4,5.39,6.23,10.25,0.0,,,0.87,,,,
01-Jan-2019,00:45,01-Jan-2019,01:00,Punjab,Patiala,"Model Town, Patiala - PPCB",0.39,114.21,,,,95.24,149.7,,,,187.1,34.2,3.5,8.3,11.8,0.97,,1.68,,2.5,,62.61,,,,,,27.44,5.28,5.87,10.26,0.0,,,0.87,,,,
01-Jan-2019,01:00,01-Jan-2019,01:15,Punjab,Patiala,"Model Town, Patiala - PPCB",0.17,226.88,,,,95.24,147.12,,,,187.1,34.1,3.6,8.5,12.0,0.94,,1.68,,2.5,,62.6,,,,,,27.4,5.13,5.8,10.23,0.0,,,0.88,,,,
01-Jan-2019,01:15,01-Jan-2019,01:30,Punjab,Patiala,"Model Town, Patiala - PPCB",0.15,216.86,,,,95.24,148.27,,,,187.1,34.1,4.1,8.1,12.2,1.03,,1.68,,2.5,,62.6,,,,,,27.44,5.22,5.68,10.23,0.0,,,0.88,,,,
01-Jan-2019,01:30,01-Jan-2019,01:45,Punjab,Patiala,"Model Town, Patiala - PPCB",0.08,183.79,,,,95.24,148.09,,,,187.1,34.1,4.3,7.9,12.2,1.11,,1.68,,2.5,,62.6,,,,,,27.42,5.3,5.61,10.23,0.0,,,0.88,,,,
01-Jan-2019,01:45,01-Jan-2019,02:00,Punjab,Patiala,"Model Town, Patiala - PPCB",0.21,195.95,,,,95.25,148.63,,,,187.1,34.1,3.9,8.1,12.0,1.26,,1.68,,2.5,,62.6,,,,,,27.43,5.33,5.45,10.23,0.0,,,0.88,,,,
01-Jan-2019,02:00,01-Jan-2019,02:15,Punjab,Patiala,"Model Town, Patiala - PPCB",0.17,169.59,,,,95.24,157.69,,,,187.1,34.1,4.2,7.9,12.1,1.48,,1.68,,2.5,,62.6,,,,,,27.52,5.59,5.47,10.23,0.0,,,0.88,,,,
01-Jan-2019,02:15,01-Jan-2019,02:30,Punjab,Patiala,"Model Town, Patiala - PPCB",0.17,236.71,,,,95.24,175.63,,,,187.1,34.1,4.2,7.7,11.9,1.42,,1.68,,2.5,,62.6,,,,,,27.52,5.51,5.7,10.23,0.0,,,0.88,,,,
01-Jan-2019,02:30,01-Jan-2019,02:45,Punjab,Patiala,"Model Town, Patiala - PPCB",0.15,265.87,,,,95.24,200.5,,,,187.1,34.1,3.8,8.0,11.8,1.57,,1.68,,2.5,,62.6,,,,,,27.3,5.72,6.18,10.23,0.0,,,0.88,,,,
01-Jan-2019,02:45,01-Jan-2019,03:00,Punjab,Patiala,"Model Town, Patiala - PPCB",0.35,251.71,,,,95.24,229.13,,,,187.1,34.1,3.9,8.0,11.9,1.82,,1.71,,2.5,,62.6,,,,,,27.38,5.93,6.68,10.23,0.0,,,0.88,,,,
01-Jan-2019,03:00,01-Jan-2019,03:15,Punjab,Patiala,"Model Town, Patiala - PPCB",,,,,,,,,,,,,,,,,,,,,,,,,,,,,,,,,,,,,,,
01-Jan-2019,03:15,01-Jan-2019,03:30,Punjab,Patiala,"Model Town, Patiala - PPCB",,,,,,,,,,,,,,,,,,,,,,,,,,,,,,,,,,,,,,,
01-Jan-2019,03:30,01-Jan-2019,03:45,Punjab,Patiala,"Model Town, Patiala - PPCB",,,,,,,,,,,,,,,,,,,,,,,,,,,,,,,,,,,,,,,
01-Jan-2019,03:45,01-Jan-2019,04:00,Punjab,Patiala,"Model Town, Patiala - PPCB",,,,,,,,,,,,,,,,,,,,,,,,,,,,,,,,,,,,,,,
01-Jan-2019,04:00,01-Jan-2019,04:15,Punjab,Patiala,"Model Town, Patiala - PPCB",,,,,,,,,,,,,,,,,,,,,,,,,,,,,,,,,,,,,,,
01-Jan-2019,04:15,01-Jan-2019,04:30,Punjab,Patiala,"Model Town, Patiala - PPCB",,,,,,,,,,,,,,,,,,,,,,,,,,,,,,,,,,,,,,,
01-Jan-2019,04:30,01-Jan-2019,04:45,Punjab,Patiala,"Model Town, Patiala - PPCB",,,,,,,,,,,,,,,,,,,,,,,,,,,,,,,,,,,,,,,
01-Jan-2019,04:45,01-Jan-2019,05:00,Punjab,Patiala,"Model Town, Patiala - PPCB",,,,,,,,,,,,,,,,,,,,,,,,,,,,,,,,,,,,,,,
01-Jan-2019,05:00,01-Jan-2019,05:15,Punjab,Patiala,"Model Town, Patiala - PPCB",,,,,,,,,,,,,,,,,,,,,,,,,,,,,,,,,,,,,,,
01-Jan-2019,05:15,01-Jan-2019,05:30,Punjab,Patiala,"Model Town, Patiala - PPCB",,,,,,,,,,,,,,,,,,,,,,,,,,,,,,,,,,,,,,,
01-Jan-2019,05:30,01-Jan-2019,05:45,Punjab,Patiala,"Model Town, Patiala - PPCB",,,,,,,,,,,,,,,,,,,,,,,,,,,,,,,,,,,,,,,
01-Jan-2019,05:45,01-Jan-2019,06:00,Punjab,Patiala,"Model Town, Patiala - PPCB",,,,,,,,,,,,,,,,,,,,,,,,,,,,,,,,,,,,,,,
01-Jan-2019,06:00,01-Jan-2019,06:15,Punjab,Patiala,"Model Town, Patiala - PPCB",,,,,,,,,,,,,,,,,,,,,,,,,,,,,,,,,,,,,,,
01-Jan-2019,06:15,01-Jan-2019,06:30,Punjab,Patiala,"Model Town, Patiala - PPCB",,,,,,,,,,,,,,,,,,,,,,,,,,,,,,,,,,,,,,,
01-Jan-2019,06:30,01-Jan-2019,06:45,Punjab,Patiala,"Model Town, Patiala - PPCB",,,,,,,,,,,,,,,,,,,,,,,,,,,,,,,,,,,,,,,
01-Jan-2019,06:45,01-Jan-2019,07:00,Punjab,Patiala,"Model Town, Patiala - PPCB",,,,,,,,,,,,,,,,,,,,,,,,,,,,,,,,,,,,,,,
01-Jan-2019,07:00,01-Jan-2019,07:15,Punjab,Patiala,"Model Town, Patiala - PPCB",,,,,,,,,,,,,,,,,,,,,,,,,,,,,,,,,,,,,,,
01-Jan-2019,07:15,01-Jan-2019,07:30,Punjab,Patiala,"Model Town, Patiala - PPCB",,,,,,,,,,,,,,,,,,,,,,,,,,,,,,,,,,,,,,,
01-Jan-2019,07:30,01-Jan-2019,07:45,Punjab,Patiala,"Model Town, Patiala - PPCB",,,,,,,,,,,,,,,,,,,,,,,,,,,,,,,,,,,,,,,
01-Jan-2019,07:45,01-Jan-2019,08:00,Punjab,Patiala,"Model Town, Patiala - PPCB",,,,,,,,,,,,,,,,,,,,,,,,,,,,,,,,,,,,,,,
01-Jan-2019,08:00,01-Jan-2019,08:15,Punjab,Patiala,"Model Town, Patiala - PPCB",,,,,,,,,,,,,,,,,,,,,,,,,,,,,,,,,,,,,,,
01-Jan-2019,08:15,01-Jan-2019,08:30,Punjab,Patiala,"Model Town, Patiala - PPCB",,,,,,,,,,,,,,,,,,,,,,,,,,,,,,,,,,,,,,,
01-Jan-2019,08:30,01-Jan-2019,08:45,Punjab,Patiala,"Model Town, Patiala - PPCB",0.38,136.6,,,,95.13,214.36,,,,187.1,34.1,4.1,8.0,12.1,1.83,,1.78,,2.5,,62.6,,,,,,27.46,6.06,7.68,10.23,0.0,,,0.88,,,,
01-Jan-2019,08:45,01-Jan-2019,09:00,Punjab,Patiala,"Model Town, Patiala - PPCB",0.66,251.05,,,,94.96,271.64,,,,187.1,34.1,3.9,8.2,12.0,1.73,,1.98,,2.5,,62.6,,,,,,27.45,6.3,8.54,10.23,0.0,,,0.88,,,,
01-Jan-2019,09:00,01-Jan-2019,09:15,Punjab,Patiala,"Model Town, Patiala - PPCB",0.79,246.6,,,,92.53,262.79,,,,187.2,34.1,3.7,8.4,12.1,,,3.25,,0.08,,1.9,,,,,,27.54,,9.04,0.31,0.0,,,0.03,,,,
01-Jan-2019,09:15,01-Jan-2019,09:30,Punjab,Patiala,"Model Town, Patiala - PPCB",0.66,253.69,,,,91.15,278.16,,,,188.0,34.1,4.0,8.3,12.3,2.25,,3.35,,0.0,,0.0,,,,,,27.56,7.59,9.23,0.0,0.0,,,0.0,,,,
01-Jan-2019,09:30,01-Jan-2019,09:45,Punjab,Patiala,"Model Town, Patiala - PPCB",0.67,257.92,,,,88.05,314.19,,,,188.0,34.1,4.4,8.0,12.4,2.1,,2.94,,1.67,,41.73,,,,,,27.46,7.93,9.32,6.83,0.0,,,0.58,,,,
01-Jan-2019,09:45,01-Jan-2019,10:00,Punjab,Patiala,"Model Town, Patiala - PPCB",0.75,252.43,,,,87.25,296.94,,,,340.8,34.1,4.3,8.2,12.4,1.94,,3.3,,2.5,,62.58,,,,,,27.5,7.84,9.43,10.24,0.0,,,0.87,,,,
01-Jan-2019,10:00,01-Jan-2019,10:15,Punjab,Patiala,"Model Town, Patiala - PPCB",0.66,254.68,,,,85.35,303.97,,,,402.8,34.1,4.6,7.7,12.3,1.9,,3.98,,2.5,,62.59,,,,,,27.6,8.09,9.72,10.24,0.0,,,0.87,,,,
01-Jan-2019,10:15,01-Jan-2019,10:30,Punjab,Patiala,"Model Town, Patiala - PPCB",0.31,231.38,,,,80.27,442.81,,,,402.8,43.5,4.0,7.7,11.7,1.78,,4.79,,2.5,,62.6,,,,,,27.56,9.05,11.04,10.24,0.0,,,0.87,,,,
01-Jan-2019,10:30,01-Jan-2019,10:45,Punjab,Patiala,"Model Town, Patiala - PPCB",0.88,255.15,,,,78.73,379.0,,,,402.8,44.3,3.8,7.8,11.6,1.65,,5.4,,2.5,,62.59,,,,,,27.54,9.85,11.42,10.23,0.0,,,0.87,,,,
01-Jan-2019,10:45,01-Jan-2019,11:00,Punjab,Patiala,"Model Town, Patiala - PPCB",0.71,255.27,,,,80.11,425.84,,,,323.8,44.3,3.5,7.7,11.2,1.7,,3.06,,2.5,,62.59,,,,,,27.55,11.36,11.39,10.23,0.0,,,0.87,,,,
01-Jan-2019,11:00,01-Jan-2019,11:15,Punjab,Patiala,"Model Town, Patiala - PPCB",0.42,239.48,,,,75.07,512.64,,,,291.7,44.3,4.3,7.6,11.9,1.69,,3.02,,2.5,,62.59,,,,,,27.57,13.66,12.76,10.23,0.0,,,0.87,,,,
01-Jan-2019,11:15,01-Jan-2019,11:30,Punjab,Patiala,"Model Town, Patiala - PPCB",0.6,247.67,,,,72.82,448.06,,,,291.7,46.8,3.9,8.2,12.1,1.58,,6.32,,2.5,,62.59,,,,,,27.43,13.34,13.34,10.23,0.0,,,0.87,,,,
01-Jan-2019,11:30,01-Jan-2019,11:45,Punjab,Patiala,"Model Town, Patiala - PPCB",1.05,253.77,,,,76.44,443.56,,,,291.7,47.0,4.1,8.2,12.4,1.56,,4.04,,2.5,,62.6,,,,,,27.51,12.93,12.76,10.23,0.0,,,0.87,,,,
01-Jan-2019,11:45,01-Jan-2019,12:00,Punjab,Patiala,"Model Town, Patiala - PPCB",0.9,253.43,,,,77.64,466.06,,,,286.8,47.0,4.2,8.3,12.5,1.52,,5.0,,2.5,,62.6,,,,,,27.45,13.79,12.82,10.23,0.0,,,0.87,,,,
01-Jan-2019,12:00,01-Jan-2019,12:15,Punjab,Patiala,"Model Town, Patiala - PPCB",1.1,253.16,,,,78.39,409.91,,,,284.9,47.0,3.7,8.2,11.9,1.2,,5.62,,2.5,,62.59,,,,,,27.36,,13.03,10.24,0.0,,,0.87,,,,
01-Jan-2019,12:15,01-Jan-2019,12:30,Punjab,Patiala,"Model Town, Patiala - PPCB",0.69,245.29,,,,75.8,509.6,,,,284.9,52.4,3.2,8.2,11.4,1.15,,6.99,,2.5,,62.58,,,,,,27.34,14.67,13.52,10.24,0.0,,,0.87,,,,
01-Jan-2019,12:30,01-Jan-2019,12:45,Punjab,Patiala,"Model Town, Patiala - PPCB",0.93,254.26,,,,70.71,414.04,,,,284.9,52.8,3.8,8.2,12.0,1.07,,9.52,,2.5,,62.59,,,,,,27.31,14.43,14.26,10.24,0.0,,,0.87,,,,
01-Jan-2019,12:45,01-Jan-2019,13:00,Punjab,Patiala,"Model Town, Patiala - PPCB",0.66,242.34,,,,71.23,308.33,,,,287.9,52.8,4.1,8.0,12.0,1.02,,11.03,,2.54,,62.6,,,,,,27.48,14.43,14.35,10.23,0.0,,,0.87,,,,
01-Jan-2019,13:00,01-Jan-2019,13:15,Punjab,Patiala,"Model Town, Patiala - PPCB",0.55,238.33,,,,71.94,289.86,,,,289.1,52.8,3.7,8.1,11.8,1.03,,10.66,,2.57,,62.6,,,,,,27.53,13.73,14.6,10.24,0.0,,,0.87,,,,
01-Jan-2019,13:15,01-Jan-2019,13:30,Punjab,Patiala,"Model Town, Patiala - PPCB",0.83,247.26,,,,74.64,265.07,,,,289.1,50.0,3.8,8.2,12.0,1.02,,10.44,,2.51,,62.58,,,,,,27.49,13.24,14.44,10.23,0.0,,,0.87,,,,
01-Jan-2019,13:30,01-Jan-2019,13:45,Punjab,Patiala,"Model Town, Patiala - PPCB",0.76,245.8,,,,76.46,291.97,,,,289.1,49.8,3.8,7.7,11.5,0.99,,10.47,,2.52,,62.58,,,,,,27.63,13.26,14.32,10.23,0.0,,,0.87,,,,
01-Jan-2019,13:45,01-Jan-2019,14:00,Punjab,Patiala,"Model Town, Patiala - PPCB",0.83,255.61,,,,73.43,288.37,,,,262.2,49.8,4.1,8.0,12.1,1.04,,12.11,,2.53,,62.59,,,,,,27.56,13.52,15.06,10.24,0.0,,,0.87,,,,
01-Jan-2019,14:00,01-Jan-2019,14:15,Punjab,Patiala,"Model Town, Patiala - PPCB",1.05,255.47,,,,72.76,300.01,,,,251.3,49.8,4.5,7.8,12.3,1.05,,14.29,,2.5,,62.59,,,,,,27.51,13.05,14.97,10.24,0.0,,,0.87,,,,
01-Jan-2019,14:15,01-Jan-2019,14:30,Punjab,Patiala,"Model Town, Patiala - PPCB",0.63,243.73,,,,70.87,306.26,,,,251.3,47.1,4.2,7.9,12.0,1.04,,13.97,,2.5,,62.6,,,,,,27.6,13.32,15.67,10.23,0.0,,,0.87,,,,
01-Jan-2019,14:30,01-Jan-2019,14:45,Punjab,Patiala,"Model Town, Patiala - PPCB",0.97,249.75,,,,70.46,234.53,,,,251.3,46.9,4.0,7.9,11.9,1.04,,19.54,,2.5,,62.61,,,,,,27.42,12.29,15.57,10.25,0.0,,,0.88,,,,
01-Jan-2019,14:45,01-Jan-2019,15:00,Punjab,Patiala,"Model Town, Patiala - PPCB",1.06,248.67,,,,69.91,262.9,,,,243.4,46.9,4.6,7.5,12.2,1.0,,20.73,,2.5,,62.62,,,,,,27.53,12.48,15.61,10.25,0.0,,,0.89,,,,
01-Jan-2019,15:00,01-Jan-2019,15:15,Punjab,Patiala,"Model Town, Patiala - PPCB",1.35,256.09,,,,70.95,226.35,,,,240.2,46.9,4.3,7.5,11.8,0.99,,15.23,,2.51,,62.69,,,,,,27.51,13.29,15.65,10.24,0.0,,,0.88,,,,
01-Jan-2019,15:15,01-Jan-2019,15:30,Punjab,Patiala,"Model Town, Patiala - PPCB",1.21,254.27,,,,71.79,208.29,,,,240.2,44.6,4.0,7.7,11.7,0.98,,17.66,,2.51,,62.73,,,,,,27.42,13.06,15.54,10.24,0.0,,,0.87,,,,
01-Jan-2019,15:30,01-Jan-2019,15:45,Punjab,Patiala,"Model Town, Patiala - PPCB",0.88,253.8,,,,71.94,189.23,,,,240.2,44.4,4.0,7.8,11.8,0.97,,13.78,,2.51,,62.6,,,,,,27.35,13.07,15.32,10.25,0.0,,,0.88,,,,
01-Jan-2019,15:45,01-Jan-2019,16:00,Punjab,Patiala,"Model Town, Patiala - PPCB",0.96,252.3,,,,71.79,224.73,,,,237.2,44.4,3.9,7.7,11.7,0.91,,13.7,,2.5,,62.58,,,,,,27.52,12.79,15.28,10.24,0.0,,,0.88,,,,
01-Jan-2019,16:00,01-Jan-2019,16:15,Punjab,Patiala,"Model Town, Patiala - PPCB",0.9,255.43,,,,69.17,230.02,,,,236.0,44.4,3.7,8.0,11.7,0.86,,14.03,,2.5,,62.6,,,,,,27.56,,15.52,10.25,0.0,,,0.88,,,,
01-Jan-2019,16:15,01-Jan-2019,16:30,Punjab,Patiala,"Model Town, Patiala - PPCB",0.47,249.65,,,,67.41,175.09,,,,236.0,46.0,3.7,7.9,11.6,0.92,,16.22,,2.51,,62.62,,,,,,27.41,12.31,15.61,10.25,0.0,,,0.87,,,,
01-Jan-2019,16:30,01-Jan-2019,16:45,Punjab,Patiala,"Model Town, Patiala - PPCB",0.72,254.42,,,,69.53,167.84,,,,236.0,46.1,4.1,7.7,11.8,0.93,,17.43,,2.5,,62.59,,,,,,27.45,11.29,15.12,10.25,0.0,,,0.87,,,,
01-Jan-2019,16:45,01-Jan-2019,17:00,Punjab,Patiala,"Model Town, Patiala - PPCB",0.66,254.15,,,,71.69,172.35,,,,235.2,46.1,4.6,7.6,12.2,0.98,,16.39,,2.5,,62.6,,,,,,27.46,10.69,14.89,10.24,0.0,,,0.88,,,,
01-Jan-2019,17:00,01-Jan-2019,17:15,Punjab,Patiala,"Model Town, Patiala - PPCB",0.2,100.78,,,,75.51,164.94,,,,234.9,46.1,4.2,7.5,11.7,1.02,,12.45,,2.5,,62.62,,,,,,27.47,10.44,14.6,10.26,0.0,,,0.88,,,,
01-Jan-2019,17:15,01-Jan-2019,17:30,Punjab,Patiala,"Model Town, Patiala - PPCB",0.07,152.73,,,,77.33,155.41,,,,234.9,44.4,3.8,8.0,11.8,1.16,,9.65,,2.5,,62.59,,,,,,27.38,10.07,14.26,10.24,0.0,,,0.87,,,,
01-Jan-2019,17:30,01-Jan-2019,17:45,Punjab,Patiala,"Model Town, Patiala - PPCB",0.01,347.77,,,,80.63,141.86,,,,234.9,44.3,3.7,8.1,11.8,1.41,,5.94,,2.5,,62.6,,,,,,27.32,9.6,13.8,10.24,0.0,,,0.87,,,,
01-Jan-2019,17:45,01-Jan-2019,18:00,Punjab,Patiala,"Model Town, Patiala - PPCB",,,,,,,,,,,,,,,,,,,,,,,,,,,,,,,,,,,,,,,
01-Jan-2019,18:00,01-Jan-2019,18:15,Punjab,Patiala,"Model Town, Patiala - PPCB",,,,,,,,,,,,,,,,,,,,,,,,,,,,,,,,,,,,,,,
01-Jan-2019,18:15,01-Jan-2019,18:30,Punjab,Patiala,"Model Town, Patiala - PPCB",0.28,145.17,,,,89.78,135.31,,,,242.6,43.3,3.2,8.2,11.4,1.8,,2.36,,2.51,,62.59,,,,,,27.35,8.91,12.01,10.24,0.0,,,0.88,,,,
01-Jan-2019,18:30,01-Jan-2019,18:45,Punjab,Patiala,"Model Town, Patiala - PPCB",0.03,122.88,,,,92.45,137.49,,,,242.6,43.3,3.5,7.8,11.3,2.05,,2.27,,2.51,,62.61,,,,,,27.45,8.31,11.52,10.25,0.0,,,0.88,,,,
01-Jan-2019,18:45,01-Jan-2019,19:00,Punjab,Patiala,"Model Town, Patiala - PPCB",0.28,78.24,,,,94.19,141.01,,,,256.7,43.3,4.1,8.1,12.2,2.15,,1.98,,2.5,,62.61,,,,,,27.43,7.66,11.16,10.24,0.0,,,0.87,,,,
01-Jan-2019,19:00,01-Jan-2019,19:15,Punjab,Patiala,"Model Town, Patiala - PPCB",0.25,276.07,,,,94.74,140.29,,,,262.5,43.3,4.3,8.0,12.3,2.32,,1.81,,2.51,,62.59,,,,,,27.44,7.35,10.84,10.24,0.0,,,0.88,,,,
01-Jan-2019,19:15,01-Jan-2019,19:30,Punjab,Patiala,"Model Town, Patiala - PPCB",0.15,13.42,,,,94.92,144.02,,,,262.5,45.1,3.7,8.0,11.6,2.51,,1.77,,2.51,,62.59,,,,,,27.43,7.59,10.59,10.24,0.0,,,0.87,,,,
01-Jan-2019,19:30,01-Jan-2019,19:45,Punjab,Patiala,"Model Town, Patiala - PPCB",0.63,238.07,,,,94.94,148.5,,,,262.5,45.3,4.5,8.0,12.4,2.44,,1.72,,2.5,,62.6,,,,,,27.53,7.05,10.2,10.25,0.0,,,0.87,,,,
01-Jan-2019,19:45,01-Jan-2019,20:00,Punjab,Patiala,"Model Town, Patiala - PPCB",0.2,321.4,,,,94.92,141.77,,,,274.9,45.3,4.1,7.8,11.9,2.21,,1.77,,2.5,,62.6,,,,,,27.52,7.23,10.59,10.24,0.0,,,0.87,,,,
01-Jan-2019,20:00,01-Jan-2019,20:15,Punjab,Patiala,"Model Town, Patiala - PPCB",0.26,157.91,,,,94.94,144.21,,,,279.9,45.3,4.0,8.1,12.1,2.1,,1.68,,2.5,,62.59,,,,,,27.35,,10.18,10.25,0.0,,,0.87,,,,
01-Jan-2019,20:15,01-Jan-2019,20:30,Punjab,Patiala,"Model Town, Patiala - PPCB",0.19,58.66,,,,94.96,157.62,,,,279.9,50.2,3.6,8.1,11.7,2.39,,1.72,,2.5,,62.59,,,,,,27.31,6.75,10.06,10.25,0.0,,,0.87,,,,
01-Jan-2019,20:30,01-Jan-2019,20:45,Punjab,Patiala,"Model Town, Patiala - PPCB",0.1,200.67,,,,94.94,148.54,,,,279.9,50.6,3.5,7.9,11.4,2.59,,1.81,,2.5,,62.59,,,,,,27.28,6.74,10.2,10.24,0.0,,,0.88,,,,
01-Jan-2019,20:45,01-Jan-2019,21:00,Punjab,Patiala,"Model Town, Patiala - PPCB",0.27,302.85,,,,94.93,147.72,,,,312.4,50.6,3.7,8.2,12.0,2.63,,1.82,,2.5,,62.6,,,,,,27.25,6.95,10.17,10.25,0.0,,,0.88,,,,
01-Jan-2019,21:00,01-Jan-2019,21:15,Punjab,Patiala,"Model Town, Patiala - PPCB",0.26,248.9,,,,94.94,151.39,,,,325.6,50.6,3.4,8.1,11.5,2.55,,1.7,,2.5,,62.6,,,,,,27.34,6.76,9.89,10.24,0.0,,,0.87,,,,
01-Jan-2019,21:15,01-Jan-2019,21:30,Punjab,Patiala,"Model Town, Patiala - PPCB",0.25,51.23,,,,94.96,156.98,,,,325.6,52.4,3.2,8.0,11.2,2.39,,1.68,,2.5,,62.6,,,,,,27.35,6.72,10.03,10.24,0.0,,,0.88,,,,
01-Jan-2019,21:30,01-Jan-2019,21:45,Punjab,Patiala,"Model Town, Patiala - PPCB",0.33,162.43,,,,94.94,148.61,,,,325.6,52.5,3.9,7.9,11.8,2.5,,1.68,,2.5,,62.6,,,,,,27.4,6.69,9.99,10.23,0.0,,,0.88,,,,
01-Jan-2019,21:45,01-Jan-2019,22:00,Punjab,Patiala,"Model Town, Patiala - PPCB",0.09,288.46,,,,94.95,147.94,,,,307.0,52.5,4.2,7.9,12.1,2.86,,1.83,,2.5,,62.6,,,,,,27.5,6.88,10.05,10.23,0.0,,,0.87,,,,
01-Jan-2019,22:00,01-Jan-2019,22:15,Punjab,Patiala,"Model Town, Patiala - PPCB",0.17,320.07,,,,94.95,150.67,,,,299.5,52.5,4.5,7.9,12.5,3.0,,1.73,,2.5,,62.6,,,,,,27.55,6.88,9.98,10.23,0.0,,,0.88,,,,
01-Jan-2019,22:15,01-Jan-2019,22:30,Punjab,Patiala,"Model Town, Patiala - PPCB",0.37,259.9,,,,94.95,153.08,,,,299.5,52.4,3.6,8.1,11.7,3.15,,1.68,,2.5,,62.61,,,,,,27.3,6.8,9.72,10.23,0.0,,,0.88,,,,
01-Jan-2019,22:30,01-Jan-2019,22:45,Punjab,Patiala,"Model Town, Patiala - PPCB",0.35,265.94,,,,94.95,150.55,,,,299.5,52.4,3.4,7.9,11.3,3.19,,1.69,,2.51,,62.6,,,,,,27.52,6.94,9.71,10.24,0.0,,,0.88,,,,
01-Jan-2019,22:45,01-Jan-2019,23:00,Punjab,Patiala,"Model Town, Patiala - PPCB",0.32,219.06,,,,94.95,149.3,,,,304.1,52.4,3.2,8.1,11.3,3.03,,1.68,,2.51,,62.6,,,,,,27.41,6.78,9.35,10.24,0.0,,,0.87,,,,
01-Jan-2019,23:00,01-Jan-2019,23:15,Punjab,Patiala,"Model Town, Patiala - PPCB",0.12,54.41,,,,94.96,159.01,,,,306.0,52.4,3.4,8.3,11.7,2.88,,1.68,,2.51,,62.6,,,,,,27.38,6.71,9.35,10.22,0.0,,,0.88,,,,
01-Jan-2019,23:15,01-Jan-2019,23:30,Punjab,Patiala,"Model Town, Patiala - PPCB",0.07,157.3,,,,94.95,158.52,,,,306.0,53.6,3.5,8.3,11.8,2.89,,1.68,,2.51,,62.61,,,,,,27.39,6.6,9.32,10.22,0.0,,,0.88,,,,
01-Jan-2019,23:30,01-Jan-2019,23:45,Punjab,Patiala,"Model Town, Patiala - PPCB",0.16,5.43,,,,95.03,156.35,,,,306.0,53.8,3.4,8.6,12.0,2.75,,1.68,,2.5,,62.61,,,,,,27.2,6.44,9.52,10.22,0.0,,,0.88,,,,
01-Jan-2019,23:45,02-Jan-2019,00:00,Punjab,Patiala,"Model Town, Patiala - PPCB",0.23,141.54,,,,95.22,151.25,,,,299.4,53.8,3.5,8.0,11.5,2.7,,1.68,,2.5,,62.61,,,,,,27.42,6.58,9.55,10.22,0.0,,,0.88,,,,
02-Jan-2019,00:00,02-Jan-2019,00:15,Punjab,Patiala,"Model Town, Patiala - PPCB",0.17,82.16,,,,95.24,155.81,,,,296.7,53.8,3.5,8.0,11.5,2.69,,1.68,,2.5,,62.62,,,,,,27.45,,9.46,10.23,0.0,,,0.87,,,,
02-Jan-2019,00:15,02-Jan-2019,00:30,Punjab,Patiala,"Model Town, Patiala - PPCB",0.21,314.64,,,,95.23,157.77,,,,296.7,56.8,3.2,8.0,11.2,2.75,,1.68,,2.5,,62.61,,,,,,27.42,6.53,9.53,10.24,0.0,,,0.87,,,,
02-Jan-2019,00:30,02-Jan-2019,00:45,Punjab,Patiala,"Model Town, Patiala - PPCB",0.1,246.66,,,,95.23,147.58,,,,296.7,57.1,3.4,8.1,11.5,2.8,,1.68,,2.5,,62.6,,,,,,27.4,6.81,9.44,10.24,0.0,,,0.88,,,,
02-Jan-2019,00:45,02-Jan-2019,01:00,Punjab,Patiala,"Model Town, Patiala - PPCB",0.32,37.8,,,,95.22,155.01,,,,298.7,57.1,4.0,7.9,11.9,2.8,,1.68,,2.5,,62.6,,,,,,27.54,6.52,9.24,10.27,0.0,,,0.87,,,,
02-Jan-2019,01:00,02-Jan-2019,01:15,Punjab,Patiala,"Model Town, Patiala - PPCB",0.35,14.22,,,,95.26,158.62,,,,299.5,57.1,4.7,8.2,12.8,2.54,,1.68,,2.5,,62.6,,,,,,27.6,6.56,9.45,10.28,0.0,,,0.88,,,,
02-Jan-2019,01:15,02-Jan-2019,01:30,Punjab,Patiala,"Model Town, Patiala - PPCB",0.3,136.7,,,,95.23,150.36,,,,299.5,56.8,4.1,8.3,12.4,1.83,,1.68,,2.5,,62.61,,,,,,27.44,6.2,9.47,10.25,0.0,,,0.88,,,,
02-Jan-2019,01:30,02-Jan-2019,01:45,Punjab,Patiala,"Model Town, Patiala - PPCB",0.25,63.28,,,,95.22,156.27,,,,299.5,56.7,3.6,8.6,12.2,1.61,,1.68,,2.51,,62.62,,,,,,27.39,5.95,9.47,10.24,0.0,,,0.87,,,,
02-Jan-2019,01:45,02-Jan-2019,02:00,Punjab,Patiala,"Model Town, Patiala - PPCB",0.07,34.46,,,,95.23,150.55,,,,299.1,56.7,4.2,8.5,12.7,1.33,,1.68,,2.51,,62.62,,,,,,27.49,5.97,9.46,10.24,0.0,,,0.88,,,,
02-Jan-2019,02:00,02-Jan-2019,02:15,Punjab,Patiala,"Model Town, Patiala - PPCB",0.1,337.71,,,,95.23,154.57,,,,299.0,56.7,4.4,8.0,12.4,1.19,,1.71,,2.51,,62.6,,,,,,27.52,5.89,9.42,10.24,0.0,,,0.88,,,,
02-Jan-2019,02:15,02-Jan-2019,02:30,Punjab,Patiala,"Model Town, Patiala - PPCB",0.21,242.79,,,,95.23,153.48,,,,299.0,52.0,4.4,7.8,12.2,1.16,,1.69,,2.5,,62.6,,,,,,27.54,5.68,9.23,10.23,0.0,,,0.87,,,,
02-Jan-2019,02:30,02-Jan-2019,02:45,Punjab,Patiala,"Model Town, Patiala - PPCB",0.42,257.96,,,,95.24,154.57,,,,299.0,51.6,3.9,8.0,11.9,1.12,,1.75,,2.5,,62.59,,,,,,27.62,5.62,9.16,10.23,0.0,,,0.87,,,,
02-Jan-2019,02:45,02-Jan-2019,03:00,Punjab,Patiala,"Model Town, Patiala - PPCB",0.03,240.01,,,,95.25,157.72,,,,272.5,51.6,3.9,8.2,12.1,1.07,,1.72,,2.5,,62.59,,,,,,27.58,5.48,8.98,10.24,0.0,,,0.87,,,,
02-Jan-2019,03:00,02-Jan-2019,03:15,Punjab,Patiala,"Model Town, Patiala - PPCB",0.43,275.11,,,,95.26,161.49,,,,261.7,51.6,3.7,7.9,11.6,1.08,,1.68,,2.51,,62.59,,,,,,27.52,5.47,8.87,10.24,0.0,,,0.88,,,,
02-Jan-2019,03:15,02-Jan-2019,03:30,Punjab,Patiala,"Model Town, Patiala - PPCB",0.31,262.48,,,,95.27,158.79,,,,261.7,45.2,4.2,7.6,11.8,1.03,,1.68,,2.51,,62.59,,,,,,27.62,5.33,8.68,10.25,0.0,,,0.88,,,,
02-Jan-2019,03:30,02-Jan-2019,03:45,Punjab,Patiala,"Model Town, Patiala - PPCB",0.05,12.27,,,,95.26,158.61,,,,261.7,44.7,3.0,8.1,11.1,0.97,,1.68,,2.5,,62.61,,,,,,27.24,5.28,8.48,10.24,0.0,,,0.87,,,,
02-Jan-2019,03:45,02-Jan-2019,04:00,Punjab,Patiala,"Model Town, Patiala - PPCB",0.23,102.94,,,,95.25,161.66,,,,228.5,44.7,3.5,8.2,11.7,0.95,,1.68,,2.5,,62.6,,,,,,27.27,5.39,8.52,10.24,0.0,,,0.87,,,,
02-Jan-2019,04:00,02-Jan-2019,04:15,Punjab,Patiala,"Model Town, Patiala - PPCB",0.2,311.77,,,,95.26,160.8,,,,215.0,44.7,4.0,8.0,12.0,1.06,,1.68,,2.5,,62.6,,,,,,27.32,,8.53,10.24,0.0,,,0.87,,,,
02-Jan-2019,04:15,02-Jan-2019,04:30,Punjab,Patiala,"Model Town, Patiala - PPCB",0.72,250.97,,,,95.18,160.75,,,,215.0,43.4,4.2,7.9,12.1,1.11,,1.68,,2.5,,62.6,,,,,,27.62,5.62,8.46,10.25,0.0,,,0.87,,,,
02-Jan-2019,04:30,02-Jan-2019,04:45,Punjab,Patiala,"Model Town, Patiala - PPCB",0.23,250.96,,,,94.99,160.21,,,,215.0,43.3,4.3,8.0,12.3,1.13,,1.68,,2.51,,62.6,,,,,,27.63,5.52,8.38,10.25,0.0,,,0.87,,,,
02-Jan-2019,04:45,02-Jan-2019,05:00,Punjab,Patiala,"Model Town, Patiala - PPCB",0.22,251.64,,,,94.99,160.99,,,,192.8,43.3,3.6,8.1,11.7,1.12,,1.68,,2.51,,62.59,,,,,,27.56,5.52,8.4,10.24,0.0,,,0.87,,,,
02-Jan-2019,05:00,02-Jan-2019,05:15,Punjab,Patiala,"Model Town, Patiala - PPCB",0.2,84.37,,,,94.99,161.54,,,,183.7,43.3,4.2,8.1,12.3,1.12,,1.68,,2.51,,62.58,,,,,,27.42,5.38,8.42,10.24,0.0,,,0.87,,,,
02-Jan-2019,05:15,02-Jan-2019,05:30,Punjab,Patiala,"Model Town, Patiala - PPCB",0.21,187.86,,,,94.99,162.89,,,,183.7,38.7,3.8,8.0,11.8,1.12,,1.68,,2.5,,62.58,,,,,,27.49,5.48,8.6,10.24,0.0,,,0.87,,,,
02-Jan-2019,05:30,02-Jan-2019,05:45,Punjab,Patiala,"Model Town, Patiala - PPCB",1.22,82.27,,,,94.99,161.48,,,,183.7,38.3,4.4,7.9,12.4,1.19,,1.89,,2.5,,62.59,,,,,,27.44,5.54,9.16,10.24,0.0,,,0.88,,,,
02-Jan-2019,05:45,02-Jan-2019,06:00,Punjab,Patiala,"Model Town, Patiala - PPCB",1.39,91.32,,,,94.98,157.91,,,,169.9,38.3,4.0,7.9,11.9,1.32,,3.39,,2.5,,62.62,,,,,,27.57,5.74,10.22,10.24,0.0,,,0.88,,,,
02-Jan-2019,06:00,02-Jan-2019,06:15,Punjab,Patiala,"Model Town, Patiala - PPCB",1.53,90.75,,,,94.54,156.96,,,,164.3,38.3,4.1,7.9,12.0,1.22,,6.9,,2.5,,62.6,,,,,,27.55,5.95,10.97,10.24,0.0,,,0.88,,,,
02-Jan-2019,06:15,02-Jan-2019,06:30,Punjab,Patiala,"Model Town, Patiala - PPCB",1.07,126.95,,,,92.56,147.56,,,,164.3,38.4,4.2,7.8,11.9,1.16,,9.02,,2.5,,62.6,,,,,,27.48,6.13,11.1,10.25,0.0,,,0.87,,,,
02-Jan-2019,06:30,02-Jan-2019,06:45,Punjab,Patiala,"Model Town, Patiala - PPCB",0.94,108.11,,,,92.83,142.96,,,,164.3,38.4,4.2,8.1,12.3,1.18,,9.2,,2.5,,62.59,,,,,,27.5,6.21,10.74,10.24,0.0,,,0.87,,,,
02-Jan-2019,06:45,02-Jan-2019,07:00,Punjab,Patiala,"Model Town, Patiala - PPCB",0.91,121.36,,,,91.68,140.72,,,,185.6,38.4,3.8,8.2,12.1,1.16,,9.26,,2.5,,62.6,,,,,,27.4,6.55,10.65,10.24,0.0,,,0.87,,,,
02-Jan-2019,07:00,02-Jan-2019,07:15,Punjab,Patiala,"Model Town, Patiala - PPCB",0.48,112.02,,,,92.99,138.84,,,,194.2,38.4,3.6,7.9,11.5,1.18,,9.15,,2.5,,62.59,,,,,,27.43,6.63,10.43,10.24,0.0,,,0.87,,,,
02-Jan-2019,07:15,02-Jan-2019,07:30,Punjab,Patiala,"Model Town, Patiala - PPCB",0.43,169.66,,,,92.16,140.03,,,,194.2,38.0,3.9,7.9,11.8,1.23,,9.01,,2.51,,62.59,,,,,,27.46,7.18,10.45,10.25,0.0,,,0.87,,,,
02-Jan-2019,07:30,02-Jan-2019,07:45,Punjab,Patiala,"Model Town, Patiala - PPCB",0.91,251.12,,,,94.43,144.59,,,,194.2,38.0,4.0,8.2,12.2,1.43,,7.69,,2.5,,62.59,,,,,,27.53,7.51,10.09,10.25,0.0,,,0.87,,,,
02-Jan-2019,07:45,02-Jan-2019,08:00,Punjab,Patiala,"Model Town, Patiala - PPCB",0.42,251.17,,,,94.88,152.63,,,,191.3,38.0,4.1,8.1,12.1,1.49,,5.3,,2.5,,62.6,,,,,,27.52,7.77,9.92,10.24,0.0,,,0.88,,,,
02-Jan-2019,08:00,02-Jan-2019,08:15,Punjab,Patiala,"Model Town, Patiala - PPCB",0.08,186.19,,,,94.91,176.22,,,,190.1,38.0,4.3,8.1,12.4,1.53,,2.5,,2.5,,62.6,,,,,,27.5,,9.66,10.24,0.0,,,0.87,,,,
02-Jan-2019,08:15,02-Jan-2019,08:30,Punjab,Patiala,"Model Town, Patiala - PPCB",0.22,106.72,,,,94.91,188.77,,,,190.1,42.6,4.5,7.7,12.3,1.57,,2.35,,2.5,,62.62,,,,,,27.6,7.6,9.98,10.25,0.0,,,0.87,,,,
02-Jan-2019,08:30,02-Jan-2019,08:45,Punjab,Patiala,"Model Town, Patiala - PPCB",0.21,122.39,,,,94.89,190.39,,,,190.1,43.0,4.6,7.6,12.2,1.59,,2.73,,2.5,,62.6,,,,,,27.74,7.66,10.35,10.23,0.0,,,0.88,,,,
02-Jan-2019,08:45,02-Jan-2019,09:00,Punjab,Patiala,"Model Town, Patiala - PPCB",0.22,142.41,,,,92.54,214.73,,,,208.0,43.0,4.4,7.4,11.8,1.6,,3.65,,2.5,,62.6,,,,,,27.68,8.06,11.05,10.24,0.0,,,0.88,,,,
02-Jan-2019,09:00,02-Jan-2019,09:15,Punjab,Patiala,"Model Town, Patiala - PPCB",0.49,135.8,,,,87.88,259.14,,,,215.3,43.0,4.0,7.3,11.3,1.71,,4.56,,2.5,,62.59,,,,,,27.53,9.4,11.75,10.23,0.0,,,0.88,,,,
02-Jan-2019,09:15,02-Jan-2019,09:30,Punjab,Patiala,"Model Town, Patiala - PPCB",0.68,127.28,,,,82.77,268.44,,,,215.3,42.5,3.7,7.8,11.5,1.6,,7.96,,2.51,,62.58,,,,,,27.49,12.69,12.32,10.23,0.0,,,0.87,,,,
02-Jan-2019,09:30,02-Jan-2019,09:45,Punjab,Patiala,"Model Town, Patiala - PPCB",0.8,129.17,,,,79.08,305.0,,,,215.3,42.5,3.6,8.4,11.9,1.48,,10.85,,2.5,,62.58,,,,,,27.37,15.1,12.94,10.23,0.0,,,0.87,,,,
02-Jan-2019,09:45,02-Jan-2019,10:00,Punjab,Patiala,"Model Town, Patiala - PPCB",0.83,110.64,,,,76.57,288.97,,,,224.9,42.5,3.4,8.2,11.6,1.46,,11.05,,2.5,,62.6,,,,,,27.31,16.08,13.46,10.24,0.0,,,0.87,,,,
02-Jan-2019,10:00,02-Jan-2019,10:15,Punjab,Patiala,"Model Town, Patiala - PPCB",0.99,97.66,,,,73.79,287.27,,,,228.7,42.5,3.9,8.0,11.9,1.38,,13.57,,2.5,,62.6,,,,,,27.43,16.48,13.79,10.25,0.0,,,0.87,,,,
02-Jan-2019,10:15,02-Jan-2019,10:30,Punjab,Patiala,"Model Town, Patiala - PPCB",0.88,119.74,,,,71.98,378.7,,,,228.7,44.4,3.4,8.2,11.7,1.4,,13.04,,2.5,,62.59,,,,,,27.4,15.59,14.42,10.25,0.0,,,0.87,,,,
02-Jan-2019,10:30,02-Jan-2019,10:45,Punjab,Patiala,"Model Town, Patiala - PPCB",1.06,132.1,,,,70.18,361.31,,,,228.7,44.6,3.8,7.9,11.7,1.35,,12.3,,2.51,,62.6,,,,,,27.43,17.29,14.77,10.24,0.0,,,0.87,,,,
02-Jan-2019,10:45,02-Jan-2019,11:00,Punjab,Patiala,"Model Town, Patiala - PPCB",0.94,123.05,,,,67.5,408.34,,,,233.3,44.6,4.0,7.7,11.7,1.32,,12.87,,2.5,,62.6,,,,,,27.46,18.49,15.45,10.25,0.0,,,0.87,,,,
02-Jan-2019,11:00,02-Jan-2019,11:15,Punjab,Patiala,"Model Town, Patiala - PPCB",0.92,97.96,,,,64.51,472.71,,,,235.2,44.6,4.1,8.1,12.1,1.3,,16.71,,2.5,,62.59,,,,,,27.47,18.59,16.14,10.25,0.0,,,0.87,,,,
02-Jan-2019,11:15,02-Jan-2019,11:30,Punjab,Patiala,"Model Town, Patiala - PPCB",0.86,124.86,,,,60.39,429.39,,,,235.2,43.2,3.8,8.0,11.8,1.23,,17.57,,2.5,,62.58,,,,,,27.51,17.75,17.0,10.24,0.0,,,0.88,,,,
02-Jan-2019,11:30,02-Jan-2019,11:45,Punjab,Patiala,"Model Town, Patiala - PPCB",0.88,121.17,,,,56.56,456.39,,,,235.2,43.0,3.5,8.0,11.5,1.14,,22.16,,2.59,,62.58,,,,,,27.46,17.86,17.74,10.23,0.0,,,0.87,,,,
02-Jan-2019,11:45,02-Jan-2019,12:00,Punjab,Patiala,"Model Town, Patiala - PPCB",0.79,124.12,,,,53.46,424.65,,,,233.2,43.0,3.7,7.8,11.5,1.12,,23.76,,3.08,,62.59,,,,,,27.45,18.77,18.39,10.24,0.0,,,0.88,,,,
02-Jan-2019,12:00,02-Jan-2019,12:15,Punjab,Patiala,"Model Town, Patiala - PPCB",0.9,118.97,,,,52.34,455.04,,,,232.5,43.0,3.9,8.0,11.9,1.0,,21.82,,3.25,,62.59,,,,,,27.42,,18.75,10.24,0.0,,,0.88,,,,
02-Jan-2019,12:15,02-Jan-2019,12:30,Punjab,Patiala,"Model Town, Patiala - PPCB",1.13,152.37,,,,47.62,448.3,,,,232.5,45.2,3.6,8.0,11.6,0.88,,29.22,,2.56,,62.59,,,,,,27.43,20.93,18.93,10.25,0.0,,,0.88,,,,
02-Jan-2019,12:30,02-Jan-2019,12:45,Punjab,Patiala,"Model Town, Patiala - PPCB",0.92,129.56,,,,48.38,412.11,,,,232.5,45.4,3.6,8.3,11.8,0.87,,29.98,,2.53,,62.6,,,,,,27.37,21.23,19.03,10.25,0.0,,,0.88,,,,
02-Jan-2019,12:45,02-Jan-2019,13:00,Punjab,Patiala,"Model Town, Patiala - PPCB",,,,,,,,,,,,,,,,,,,,,,,,,,,,,,,,,,,,,,,
02-Jan-2019,13:00,02-Jan-2019,13:15,Punjab,Patiala,"Model Town, Patiala - PPCB",0.86,108.94,,,,46.04,237.12,,,,241.4,45.4,3.9,8.1,12.1,,,32.79,,2.54,,62.59,,,,,,27.5,,19.24,10.23,0.0,,,0.88,,,,
02-Jan-2019,13:15,02-Jan-2019,13:30,Punjab,Patiala,"Model Town, Patiala - PPCB",0.69,124.13,,,,46.73,240.4,,,,241.4,42.8,4.1,8.0,12.2,0.87,,32.81,,2.5,,62.6,,,,,,27.47,20.48,19.42,10.24,0.0,,,0.87,,,,
02-Jan-2019,13:30,02-Jan-2019,13:45,Punjab,Patiala,"Model Town, Patiala - PPCB",0.57,129.72,,,,47.55,238.59,,,,241.4,42.6,3.8,8.1,11.9,0.93,,32.4,,2.51,,62.59,,,,,,27.46,18.33,19.37,10.25,0.0,,,0.88,,,,
02-Jan-2019,13:45,02-Jan-2019,14:00,Punjab,Patiala,"Model Town, Patiala - PPCB",0.46,155.06,,,,46.81,236.55,,,,235.7,42.6,3.9,7.9,11.8,0.9,,33.11,,2.5,,62.59,,,,,,27.43,18.88,19.43,10.26,0.0,,,0.88,,,,
02-Jan-2019,14:00,02-Jan-2019,14:15,Punjab,Patiala,"Model Town, Patiala - PPCB",0.41,100.04,,,,47.05,229.86,,,,233.4,42.6,3.5,8.2,11.7,0.89,,34.19,,2.5,,62.6,,,,,,27.42,20.41,19.53,10.26,0.0,,,0.88,,,,
02-Jan-2019,14:15,02-Jan-2019,14:30,Punjab,Patiala,"Model Town, Patiala - PPCB",0.12,87.39,,,,47.98,222.96,,,,233.4,41.1,3.7,8.0,11.7,0.93,,31.75,,2.51,,62.59,,,,,,27.41,19.72,19.38,10.25,0.0,,,0.88,,,,
02-Jan-2019,14:30,02-Jan-2019,14:45,Punjab,Patiala,"Model Town, Patiala - PPCB",0.48,127.45,,,,47.17,220.52,,,,233.4,40.9,4.0,8.0,12.0,0.89,,32.45,,2.51,,62.6,,,,,,27.41,18.46,19.38,10.23,0.0,,,0.88,,,,
02-Jan-2019,14:45,02-Jan-2019,15:00,Punjab,Patiala,"Model Town, Patiala - PPCB",0.29,79.94,,,,47.85,211.32,,,,220.6,40.9,4.1,7.9,12.0,0.89,,31.77,,2.5,,62.6,,,,,,27.46,18.78,19.3,10.24,0.0,,,0.88,,,,
02-Jan-2019,15:00,02-Jan-2019,15:15,Punjab,Patiala,"Model Town, Patiala - PPCB",0.14,12.55,,,,50.76,204.42,,,,215.4,40.9,4.5,7.9,12.4,0.92,,24.93,,2.51,,62.6,,,,,,27.49,15.98,19.07,10.23,0.0,,,0.88,,,,
02-Jan-2019,15:15,02-Jan-2019,15:30,Punjab,Patiala,"Model Town, Patiala - PPCB",0.38,270.27,,,,51.78,199.69,,,,215.4,38.5,3.8,8.1,11.9,0.85,,27.2,,2.51,,62.6,,,,,,27.27,15.64,18.99,10.25,0.0,,,0.87,,,,
02-Jan-2019,15:30,02-Jan-2019,15:45,Punjab,Patiala,"Model Town, Patiala - PPCB",0.44,265.78,,,,52.73,192.4,,,,215.4,38.3,4.0,8.0,12.0,0.93,,18.85,,2.5,,62.61,,,,,,27.46,15.29,18.77,10.26,0.0,,,0.88,,,,
02-Jan-2019,15:45,02-Jan-2019,16:00,Punjab,Patiala,"Model Town, Patiala - PPCB",0.23,277.0,,,,56.18,183.11,,,,212.4,38.3,4.2,7.6,11.8,0.88,,22.97,,2.51,,62.6,,,,,,27.52,15.34,18.49,10.24,0.0,,,0.87,,,,
02-Jan-2019,16:00,02-Jan-2019,16:15,Punjab,Patiala,"Model Town, Patiala - PPCB",0.15,16.55,,,,58.13,173.77,,,,211.1,38.3,4.3,7.8,12.1,1.04,,16.2,,2.5,,62.59,,,,,,27.63,,18.2,10.23,0.0,,,0.87,,,,
02-Jan-2019,16:15,02-Jan-2019,16:30,Punjab,Patiala,"Model Town, Patiala - PPCB",0.12,70.92,,,,57.97,163.69,,,,211.1,41.4,4.6,8.3,13.0,1.08,,19.38,,2.5,,62.6,,,,,,27.61,14.15,17.88,10.24,0.0,,,0.87,,,,
02-Jan-2019,16:30,02-Jan-2019,16:45,Punjab,Patiala,"Model Town, Patiala - PPCB",0.1,346.09,,,,59.64,158.62,,,,211.1,41.7,4.6,7.9,12.5,1.04,,18.52,,2.5,,62.58,,,,,,27.61,14.01,17.4,10.24,0.0,,,0.88,,,,
02-Jan-2019,16:45,02-Jan-2019,17:00,Punjab,Patiala,"Model Town, Patiala - PPCB",0.18,295.65,,,,63.06,151.03,,,,223.6,41.7,4.7,7.8,12.5,1.16,,11.23,,2.5,,62.59,,,,,,27.52,11.37,16.86,10.23,0.0,,,0.87,,,,
02-Jan-2019,17:00,02-Jan-2019,17:15,Punjab,Patiala,"Model Town, Patiala - PPCB",0.1,86.98,,,,68.11,143.05,,,,228.6,41.7,5.0,7.8,12.8,1.76,,2.79,,2.5,,62.58,,,,,,27.63,10.95,16.21,10.23,0.0,,,0.87,,,,
02-Jan-2019,17:15,02-Jan-2019,17:30,Punjab,Patiala,"Model Town, Patiala - PPCB",0.13,276.19,,,,72.45,138.62,,,,228.6,40.7,4.6,7.8,12.3,2.45,,2.42,,2.5,,62.58,,,,,,27.66,10.65,15.42,10.23,0.0,,,0.87,,,,
02-Jan-2019,17:30,02-Jan-2019,17:45,Punjab,Patiala,"Model Town, Patiala - PPCB",0.14,252.41,,,,77.26,133.22,,,,228.6,40.6,3.8,8.7,12.5,2.08,,1.71,,2.5,,62.59,,,,,,27.34,11.56,14.73,10.22,0.0,,,0.87,,,,
02-Jan-2019,17:45,02-Jan-2019,18:00,Punjab,Patiala,"Model Town, Patiala - PPCB",0.14,43.3,,,,80.91,136.81,,,,244.5,40.6,3.4,8.6,12.0,2.02,,1.68,,2.51,,62.6,,,,,,27.29,11.78,14.18,10.23,0.0,,,0.87,,,,
02-Jan-2019,18:00,02-Jan-2019,18:15,Punjab,Patiala,"Model Town, Patiala - PPCB",0.15,301.8,,,,84.39,137.78,,,,250.9,40.6,3.8,8.2,12.0,2.34,,1.68,,2.5,,62.6,,,,,,27.4,11.49,13.61,10.24,0.0,,,0.88,,,,
02-Jan-2019,18:15,02-Jan-2019,18:30,Punjab,Patiala,"Model Town, Patiala - PPCB",0.1,266.58,,,,86.94,140.3,,,,250.9,40.3,3.3,8.0,11.2,2.64,,1.68,,2.5,,62.59,,,,,,27.18,9.86,13.15,10.25,0.0,,,0.88,,,,
02-Jan-2019,18:30,02-Jan-2019,18:45,Punjab,Patiala,"Model Town, Patiala - PPCB",0.01,251.05,,,,89.75,139.29,,,,250.9,40.3,3.7,8.0,11.6,2.6,,1.68,,2.5,,62.59,,,,,,27.27,8.86,12.81,10.23,0.0,,,0.88,,,,
02-Jan-2019,18:45,02-Jan-2019,19:00,Punjab,Patiala,"Model Town, Patiala - PPCB",0.04,243.56,,,,91.68,140.82,,,,269.7,40.3,3.9,8.4,12.3,2.61,,1.68,,2.5,,62.6,,,,,,27.4,8.47,12.47,10.24,0.0,,,0.87,,,,
02-Jan-2019,19:00,02-Jan-2019,19:15,Punjab,Patiala,"Model Town, Patiala - PPCB",0.07,78.48,,,,93.49,142.64,,,,277.3,40.3,3.6,8.3,11.9,2.81,,1.68,,2.5,,62.59,,,,,,27.41,8.28,12.23,10.23,0.0,,,0.88,,,,
02-Jan-2019,19:15,02-Jan-2019,19:30,Punjab,Patiala,"Model Town, Patiala - PPCB",0.16,257.47,,,,94.46,142.92,,,,277.3,41.8,3.5,8.3,11.7,2.79,,1.68,,2.5,,62.6,,,,,,27.42,8.06,12.05,10.23,0.0,,,0.87,,,,
02-Jan-2019,19:30,02-Jan-2019,19:45,Punjab,Patiala,"Model Town, Patiala - PPCB",0.23,268.46,,,,94.18,144.15,,,,277.3,41.9,3.9,8.1,12.0,2.85,,1.68,,2.5,,62.6,,,,,,27.49,8.13,12.14,10.24,0.0,,,0.87,,,,
02-Jan-2019,19:45,02-Jan-2019,20:00,Punjab,Patiala,"Model Town, Patiala - PPCB",0.17,77.49,,,,94.95,146.76,,,,285.3,41.9,3.4,8.3,11.7,2.77,,1.68,,2.51,,62.59,,,,,,27.43,8.31,11.86,10.24,0.0,,,0.87,,,,
02-Jan-2019,20:00,02-Jan-2019,20:15,Punjab,Patiala,"Model Town, Patiala - PPCB",0.22,262.92,,,,95.23,147.63,,,,288.6,41.9,3.6,8.1,11.7,2.44,,1.68,,2.5,,62.6,,,,,,27.58,,11.78,10.24,0.0,,,0.87,,,,
02-Jan-2019,20:15,02-Jan-2019,20:30,Punjab,Patiala,"Model Town, Patiala - PPCB",0.22,277.38,,,,95.22,146.08,,,,288.6,52.1,3.2,8.2,11.4,2.63,,1.68,,2.51,,62.6,,,,,,27.41,7.65,11.64,10.23,0.0,,,0.88,,,,
02-Jan-2019,20:30,02-Jan-2019,20:45,Punjab,Patiala,"Model Town, Patiala - PPCB",0.22,254.46,,,,95.16,146.64,,,,288.6,53.0,3.1,8.0,11.0,2.64,,1.68,,2.51,,62.61,,,,,,27.42,7.69,11.39,10.23,0.0,,,0.88,,,,
02-Jan-2019,20:45,02-Jan-2019,21:00,Punjab,Patiala,"Model Town, Patiala - PPCB",0.14,264.77,,,,95.15,146.48,,,,329.2,53.0,4.0,7.7,11.8,2.76,,1.7,,2.5,,62.61,,,,,,27.49,7.7,11.28,10.24,0.0,,,0.88,,,,
02-Jan-2019,21:00,02-Jan-2019,21:15,Punjab,Patiala,"Model Town, Patiala - PPCB",0.29,250.31,,,,95.14,148.0,,,,345.7,53.0,4.1,7.9,12.0,3.14,,1.76,,2.5,,62.62,,,,,,27.49,7.71,11.1,10.25,0.0,,,0.88,,,,
02-Jan-2019,21:15,02-Jan-2019,21:30,Punjab,Patiala,"Model Town, Patiala - PPCB",0.28,258.23,,,,95.16,148.17,,,,345.7,59.3,4.1,8.0,12.1,3.16,,1.87,,2.5,,62.62,,,,,,27.53,7.58,10.98,10.24,0.0,,,0.87,,,,
02-Jan-2019,21:30,02-Jan-2019,21:45,Punjab,Patiala,"Model Town, Patiala - PPCB",0.21,262.52,,,,95.27,148.3,,,,345.7,59.9,3.8,7.9,11.8,3.06,,1.78,,2.51,,62.6,,,,,,27.55,7.18,10.76,10.24,0.0,,,0.87,,,,
02-Jan-2019,21:45,02-Jan-2019,22:00,Punjab,Patiala,"Model Town, Patiala - PPCB",,,,,,,,,,,,,,,,,,,,,,,,,,,,,,,,,,,,,,,
02-Jan-2019,22:00,02-Jan-2019,22:15,Punjab,Patiala,"Model Town, Patiala - PPCB",0.25,254.62,,,,95.19,148.81,,,,366.7,59.9,3.6,7.9,11.5,2.31,,1.68,,2.5,,62.61,,,,,,27.43,6.89,10.46,10.24,0.0,,,0.88,,,,
02-Jan-2019,22:15,02-Jan-2019,22:30,Punjab,Patiala,"Model Town, Patiala - PPCB",0.22,248.03,,,,95.18,147.13,,,,366.7,60.7,4.1,7.8,11.9,2.03,,1.68,,2.51,,62.63,,,,,,27.52,6.93,10.37,10.25,0.0,,,0.88,,,,
02-Jan-2019,22:30,02-Jan-2019,22:45,Punjab,Patiala,"Model Town, Patiala - PPCB",0.09,226.11,,,,95.18,147.99,,,,366.7,60.8,4.2,7.9,12.2,1.68,,1.68,,2.51,,62.63,,,,,,27.39,6.71,10.22,10.25,0.0,,,0.87,,,,
02-Jan-2019,22:45,02-Jan-2019,23:00,Punjab,Patiala,"Model Town, Patiala - PPCB",0.28,236.6,,,,95.18,148.26,,,,344.8,60.8,3.9,8.1,12.0,1.52,,1.68,,2.51,,62.62,,,,,,27.34,6.46,10.15,10.26,0.0,,,0.87,,,,
02-Jan-2019,23:00,02-Jan-2019,23:15,Punjab,Patiala,"Model Town, Patiala - PPCB",0.31,251.23,,,,95.17,146.93,,,,335.9,60.8,3.5,7.9,11.4,1.4,,1.78,,2.51,,62.6,,,,,,27.35,6.18,9.98,10.26,0.0,,,0.87,,,,
02-Jan-2019,23:15,02-Jan-2019,23:30,Punjab,Patiala,"Model Town, Patiala - PPCB",0.25,233.81,,,,95.17,145.84,,,,335.9,56.0,3.6,7.9,11.5,1.31,,2.24,,2.5,,62.61,,,,,,27.44,6.26,9.97,10.23,0.0,,,0.88,,,,
02-Jan-2019,23:30,02-Jan-2019,23:45,Punjab,Patiala,"Model Town, Patiala - PPCB",0.21,218.58,,,,95.17,146.45,,,,335.9,55.6,4.0,7.8,11.8,1.22,,2.79,,2.51,,62.62,,,,,,27.49,5.86,9.82,10.23,0.0,,,0.88,,,,
02-Jan-2019,23:45,03-Jan-2019,00:00,Punjab,Patiala,"Model Town, Patiala - PPCB",0.2,206.09,,,,95.17,146.05,,,,286.5,55.6,4.1,8.0,12.1,1.15,,3.27,,2.51,,62.64,,,,,,27.49,5.94,9.7,10.24,0.0,,,0.88,,,,
03-Jan-2019,00:00,03-Jan-2019,00:15,Punjab,Patiala,"Model Town, Patiala - PPCB",0.17,179.64,,,,95.12,147.58,,,,266.4,55.6,3.8,7.7,11.5,1.12,,3.66,,2.51,,62.66,,,,,,27.56,,9.64,10.25,0.0,,,0.89,,,,
03-Jan-2019,00:15,03-Jan-2019,00:30,Punjab,Patiala,"Model Town, Patiala - PPCB",0.11,172.9,,,,94.93,145.89,,,,266.4,54.6,3.2,8.0,11.2,1.12,,3.74,,2.51,,62.63,,,,,,27.63,6.31,9.44,10.23,0.0,,,0.89,,,,
03-Jan-2019,00:30,03-Jan-2019,00:45,Punjab,Patiala,"Model Town, Patiala - PPCB",0.19,246.85,,,,94.9,147.96,,,,266.4,54.6,3.6,8.0,11.6,1.1,,3.41,,2.51,,62.63,,,,,,27.54,6.15,9.42,10.24,0.0,,,0.88,,,,
03-Jan-2019,00:45,03-Jan-2019,01:00,Punjab,Patiala,"Model Town, Patiala - PPCB",0.31,239.73,,,,94.69,145.01,,,,256.4,54.6,3.3,8.2,11.5,1.11,,3.76,,2.51,,62.62,,,,,,27.32,6.06,9.27,10.26,0.0,,,0.88,,,,
03-Jan-2019,01:00,03-Jan-2019,01:15,Punjab,Patiala,"Model Town, Patiala - PPCB",0.25,240.82,,,,94.88,144.01,,,,252.4,54.6,3.6,8.1,11.7,1.04,,4.49,,2.5,,62.6,,,,,,27.39,6.15,9.21,10.28,0.0,,,0.88,,,,
03-Jan-2019,01:15,03-Jan-2019,01:30,Punjab,Patiala,"Model Town, Patiala - PPCB",0.27,241.51,,,,94.52,146.05,,,,252.4,52.4,4.2,8.2,12.4,1.03,,4.79,,2.5,,62.62,,,,,,27.48,6.32,9.03,10.25,0.0,,,0.88,,,,
03-Jan-2019,01:30,03-Jan-2019,01:45,Punjab,Patiala,"Model Town, Patiala - PPCB",0.24,238.14,,,,94.55,144.99,,,,252.4,52.2,4.2,8.1,12.3,1.01,,4.54,,2.51,,62.6,,,,,,27.41,6.2,8.77,10.24,0.0,,,0.87,,,,
03-Jan-2019,01:45,03-Jan-2019,02:00,Punjab,Patiala,"Model Town, Patiala - PPCB",0.18,195.3,,,,94.55,148.79,,,,246.7,52.2,4.1,7.9,12.0,0.95,,4.04,,2.5,,62.6,,,,,,27.5,6.24,8.59,10.23,0.0,,,0.87,,,,
03-Jan-2019,02:00,03-Jan-2019,02:15,Punjab,Patiala,"Model Town, Patiala - PPCB",0.27,243.7,,,,94.91,146.16,,,,244.4,52.2,4.0,8.1,12.1,0.93,,3.91,,2.51,,62.6,,,,,,27.46,6.31,8.54,10.24,0.0,,,0.87,,,,
03-Jan-2019,02:15,03-Jan-2019,02:30,Punjab,Patiala,"Model Town, Patiala - PPCB",0.28,227.73,,,,94.55,145.65,,,,244.4,49.0,4.2,7.8,12.0,0.93,,4.12,,2.51,,62.6,,,,,,27.4,6.27,8.44,10.24,0.0,,,0.88,,,,
03-Jan-2019,02:30,03-Jan-2019,02:45,Punjab,Patiala,"Model Town, Patiala - PPCB",0.24,222.72,,,,94.55,145.09,,,,244.4,48.7,4.0,7.9,11.9,0.91,,4.69,,2.5,,62.61,,,,,,27.52,6.59,8.42,10.25,0.0,,,0.88,,,,
03-Jan-2019,02:45,03-Jan-2019,03:00,Punjab,Patiala,"Model Town, Patiala - PPCB",0.3,251.25,,,,94.55,143.71,,,,232.0,48.7,4.1,7.8,11.9,0.92,,5.68,,2.51,,62.61,,,,,,27.61,6.66,8.48,10.24,0.0,,,0.88,,,,
03-Jan-2019,03:00,03-Jan-2019,03:15,Punjab,Patiala,"Model Town, Patiala - PPCB",0.29,236.16,,,,94.8,143.17,,,,227.0,48.7,4.1,7.8,11.9,0.93,,6.66,,2.51,,62.6,,,,,,27.47,7.14,8.58,10.25,0.0,,,0.88,,,,
03-Jan-2019,03:15,03-Jan-2019,03:30,Punjab,Patiala,"Model Town, Patiala - PPCB",0.18,228.45,,,,94.62,145.89,,,,227.0,46.2,3.0,8.3,11.3,0.93,,6.66,,2.5,,62.58,,,,,,27.26,7.29,8.36,10.25,0.0,,,0.87,,,,
03-Jan-2019,03:30,03-Jan-2019,03:45,Punjab,Patiala,"Model Town, Patiala - PPCB",0.22,236.71,,,,94.56,144.74,,,,227.0,46.0,3.3,8.1,11.4,0.94,,6.18,,2.5,,62.59,,,,,,27.36,7.32,8.17,10.25,0.0,,,0.87,,,,
03-Jan-2019,03:45,03-Jan-2019,04:00,Punjab,Patiala,"Model Town, Patiala - PPCB",0.38,253.19,,,,94.55,145.57,,,,226.1,46.0,4.2,7.9,12.1,0.97,,6.11,,2.51,,62.6,,,,,,27.59,7.16,8.25,10.24,0.0,,,0.88,,,,
03-Jan-2019,04:00,03-Jan-2019,04:15,Punjab,Patiala,"Model Town, Patiala - PPCB",0.39,256.8,,,,94.57,144.91,,,,225.8,46.0,4.1,8.2,12.2,1.09,,6.37,,2.51,,62.59,,,,,,27.53,,8.39,10.25,0.0,,,0.88,,,,
03-Jan-2019,04:15,03-Jan-2019,04:30,Punjab,Patiala,"Model Town, Patiala - PPCB",0.37,252.19,,,,94.9,145.79,,,,225.8,48.4,3.8,8.4,12.2,1.16,,6.42,,2.51,,62.58,,,,,,27.39,7.34,8.34,10.26,0.0,,,0.88,,,,
03-Jan-2019,04:30,03-Jan-2019,04:45,Punjab,Patiala,"Model Town, Patiala - PPCB",0.4,257.79,,,,94.91,146.04,,,,225.8,48.6,3.7,8.5,12.2,1.38,,6.18,,2.5,,62.59,,,,,,27.41,7.24,8.37,10.25,0.0,,,0.88,,,,
03-Jan-2019,04:45,03-Jan-2019,05:00,Punjab,Patiala,"Model Town, Patiala - PPCB",0.33,251.27,,,,94.93,145.08,,,,237.5,48.6,4.2,8.3,12.5,1.35,,5.54,,2.51,,62.6,,,,,,27.35,7.03,8.34,10.24,0.0,,,0.88,,,,
03-Jan-2019,05:00,03-Jan-2019,05:15,Punjab,Patiala,"Model Town, Patiala - PPCB",0.24,233.15,,,,94.95,146.0,,,,242.3,48.6,4.3,8.0,12.3,1.21,,4.97,,2.51,,62.6,,,,,,27.46,7.01,7.98,10.24,0.0,,,0.87,,,,
03-Jan-2019,05:15,03-Jan-2019,05:30,Punjab,Patiala,"Model Town, Patiala - PPCB",0.27,246.91,,,,95.1,146.15,,,,242.3,48.6,3.9,8.4,12.3,1.23,,4.34,,2.51,,62.6,,,,,,27.51,6.83,7.85,10.23,0.0,,,0.87,,,,
03-Jan-2019,05:30,03-Jan-2019,05:45,Punjab,Patiala,"Model Town, Patiala - PPCB",0.22,228.26,,,,95.21,147.42,,,,242.3,48.6,3.4,8.2,11.6,1.27,,4.23,,2.5,,62.6,,,,,,27.44,6.66,7.75,10.24,0.0,,,0.88,,,,
03-Jan-2019,05:45,03-Jan-2019,06:00,Punjab,Patiala,"Model Town, Patiala - PPCB",0.39,262.75,,,,95.21,147.17,,,,243.6,48.6,3.5,8.2,11.7,1.29,,4.41,,2.5,,62.6,,,,,,27.37,6.78,8.0,10.23,0.0,,,0.87,,,,
03-Jan-2019,06:00,03-Jan-2019,06:15,Punjab,Patiala,"Model Town, Patiala - PPCB",0.26,245.41,,,,95.22,146.65,,,,244.1,48.6,3.7,7.9,11.6,1.3,,4.16,,2.5,,62.61,,,,,,27.31,6.64,7.89,10.24,0.0,,,0.87,,,,
03-Jan-2019,06:15,03-Jan-2019,06:30,Punjab,Patiala,"Model Town, Patiala - PPCB",0.27,250.6,,,,95.24,149.05,,,,244.1,47.9,3.9,7.8,11.7,1.33,,3.84,,2.51,,62.61,,,,,,27.41,6.49,7.76,10.24,0.0,,,0.87,,,,
03-Jan-2019,06:30,03-Jan-2019,06:45,Punjab,Patiala,"Model Town, Patiala - PPCB",0.24,213.58,,,,95.22,149.0,,,,244.1,47.9,4.0,7.8,11.8,1.39,,3.04,,2.51,,62.6,,,,,,27.55,6.41,7.37,10.23,0.0,,,0.88,,,,
03-Jan-2019,06:45,03-Jan-2019,07:00,Punjab,Patiala,"Model Town, Patiala - PPCB",0.31,227.95,,,,95.25,147.28,,,,240.9,47.9,4.0,7.8,11.7,1.4,,2.47,,2.5,,62.6,,,,,,27.61,6.31,7.2,10.24,0.0,,,0.88,,,,
03-Jan-2019,07:00,03-Jan-2019,07:15,Punjab,Patiala,"Model Town, Patiala - PPCB",0.23,229.19,,,,95.25,149.74,,,,239.6,47.9,3.7,8.0,11.7,1.47,,2.0,,2.5,,62.6,,,,,,27.46,6.3,7.05,10.24,0.0,,,0.87,,,,
03-Jan-2019,07:15,03-Jan-2019,07:30,Punjab,Patiala,"Model Town, Patiala - PPCB",0.51,251.91,,,,95.26,154.37,,,,239.6,47.4,3.8,7.9,11.7,1.58,,1.74,,2.5,,62.6,,,,,,27.45,6.27,6.78,10.28,0.0,,,0.87,,,,
03-Jan-2019,07:30,03-Jan-2019,07:45,Punjab,Patiala,"Model Town, Patiala - PPCB",0.45,268.48,,,,95.26,170.87,,,,239.6,47.4,3.9,7.9,11.7,1.59,,2.36,,2.5,,62.59,,,,,,27.42,6.17,6.67,10.28,0.0,,,0.87,,,,
03-Jan-2019,07:45,03-Jan-2019,08:00,Punjab,Patiala,"Model Town, Patiala - PPCB",0.5,257.4,,,,95.26,179.36,,,,235.6,47.4,3.9,7.9,11.9,1.6,,3.1,,2.5,,62.61,,,,,,27.4,6.23,6.49,10.27,0.0,,,0.87,,,,
03-Jan-2019,08:00,03-Jan-2019,08:15,Punjab,Patiala,"Model Town, Patiala - PPCB",0.69,253.06,,,,95.26,188.43,,,,234.0,47.4,3.8,8.2,11.9,1.28,,3.55,,2.5,,62.61,,,,,,27.3,,6.16,10.25,0.0,,,0.87,,,,
03-Jan-2019,08:15,03-Jan-2019,08:30,Punjab,Patiala,"Model Town, Patiala - PPCB",0.92,249.16,,,,95.28,198.09,,,,234.0,44.9,3.7,7.9,11.6,1.41,,3.17,,2.5,,62.61,,,,,,27.47,5.89,6.04,10.23,0.0,,,0.87,,,,
03-Jan-2019,08:30,03-Jan-2019,08:45,Punjab,Patiala,"Model Town, Patiala - PPCB",0.83,247.09,,,,95.29,209.51,,,,234.0,44.7,3.7,7.7,11.4,1.34,,3.55,,2.51,,62.58,,,,,,27.52,5.84,6.06,10.23,0.0,,,0.88,,,,
03-Jan-2019,08:45,03-Jan-2019,09:00,Punjab,Patiala,"Model Town, Patiala - PPCB",0.77,246.1,,,,95.29,219.17,,,,216.8,44.7,3.9,7.4,11.3,1.4,,3.03,,2.51,,62.59,,,,,,27.64,5.88,6.3,10.23,0.0,,,0.87,,,,
03-Jan-2019,09:00,03-Jan-2019,09:15,Punjab,Patiala,"Model Town, Patiala - PPCB",0.84,253.83,,,,95.29,227.48,,,,209.8,44.7,3.8,7.7,11.5,1.42,,3.14,,2.5,,62.6,,,,,,27.54,5.74,6.57,10.23,0.0,,,0.87,,,,
03-Jan-2019,09:15,03-Jan-2019,09:30,Punjab,Patiala,"Model Town, Patiala - PPCB",0.95,253.03,,,,95.3,236.04,,,,209.8,37.8,3.6,7.9,11.5,1.39,,3.59,,2.5,,62.59,,,,,,27.5,5.82,6.64,10.24,0.0,,,0.87,,,,
03-Jan-2019,09:30,03-Jan-2019,09:45,Punjab,Patiala,"Model Town, Patiala - PPCB",0.7,253.99,,,,95.29,251.69,,,,209.8,37.3,4.0,7.8,11.7,1.41,,3.67,,2.5,,62.59,,,,,,27.48,5.8,6.83,10.24,0.0,,,0.87,,,,
03-Jan-2019,09:45,03-Jan-2019,10:00,Punjab,Patiala,"Model Town, Patiala - PPCB",,,,,,,,,,,,,,,,,,,,,,,,,,,,,,,,,,,,,,,
03-Jan-2019,10:00,03-Jan-2019,10:15,Punjab,Patiala,"Model Town, Patiala - PPCB",1.08,256.55,,,,95.03,254.95,,,,198.3,36.7,3.5,8.2,11.7,,,3.38,,2.5,,62.6,,,,,,27.52,,7.06,10.25,0.0,,,0.87,,,,
03-Jan-2019,10:15,03-Jan-2019,10:30,Punjab,Patiala,"Model Town, Patiala - PPCB",0.95,255.59,,,,95.04,258.57,,,,198.3,35.1,3.7,8.0,11.7,1.44,,3.01,,2.5,,62.59,,,,,,27.46,6.06,7.27,10.24,0.0,,,0.87,,,,
03-Jan-2019,10:30,03-Jan-2019,10:45,Punjab,Patiala,"Model Town, Patiala - PPCB",0.92,256.12,,,,95.1,264.38,,,,198.3,35.1,3.5,8.2,11.7,1.42,,2.39,,2.5,,62.59,,,,,,27.42,7.26,7.7,10.23,0.0,,,0.87,,,,
03-Jan-2019,10:45,03-Jan-2019,11:00,Punjab,Patiala,"Model Town, Patiala - PPCB",1.02,255.78,,,,95.12,280.04,,,,190.9,35.1,3.4,8.3,11.7,1.37,,2.36,,2.5,,62.6,,,,,,27.31,8.05,8.04,10.24,0.0,,,0.87,,,,
03-Jan-2019,11:00,03-Jan-2019,11:15,Punjab,Patiala,"Model Town, Patiala - PPCB",1.1,251.09,,,,95.13,315.85,,,,189.5,35.1,3.6,8.2,11.8,1.34,,2.4,,2.5,,62.59,,,,,,27.34,8.54,8.47,10.24,0.0,,,0.87,,,,
03-Jan-2019,11:15,03-Jan-2019,11:30,Punjab,Patiala,"Model Town, Patiala - PPCB",1.41,252.48,,,,95.15,377.31,,,,189.5,35.0,3.5,8.4,11.9,1.32,,3.03,,2.5,,62.58,,,,,,27.35,8.57,8.77,10.23,0.0,,,0.87,,,,
03-Jan-2019,11:30,03-Jan-2019,11:45,Punjab,Patiala,"Model Town, Patiala - PPCB",1.46,252.1,,,,95.17,451.17,,,,189.5,35.0,3.3,8.0,11.4,1.3,,4.04,,2.5,,62.58,,,,,,27.41,8.76,9.72,10.23,0.0,,,0.87,,,,
03-Jan-2019,11:45,03-Jan-2019,12:00,Punjab,Patiala,"Model Town, Patiala - PPCB",1.26,258.37,,,,94.24,414.25,,,,185.3,35.0,4.0,7.8,11.8,1.23,,4.7,,2.5,,62.58,,,,,,27.55,9.1,10.85,10.23,0.0,,,0.87,,,,
03-Jan-2019,12:00,03-Jan-2019,12:15,Punjab,Patiala,"Model Town, Patiala - PPCB",1.43,253.87,,,,89.25,499.68,,,,184.5,35.1,4.0,7.8,11.8,1.15,,5.31,,2.5,,62.59,,,,,,27.58,,11.7,10.23,0.0,,,0.87,,,,
03-Jan-2019,12:15,03-Jan-2019,12:30,Punjab,Patiala,"Model Town, Patiala - PPCB",1.46,255.52,,,,86.9,452.97,,,,184.5,36.4,4.0,7.9,11.9,1.15,,7.22,,2.5,,62.59,,,,,,27.5,9.51,12.13,10.23,0.0,,,0.87,,,,
03-Jan-2019,12:30,03-Jan-2019,12:45,Punjab,Patiala,"Model Town, Patiala - PPCB",1.53,251.5,,,,83.09,444.89,,,,184.5,36.4,4.3,7.8,12.1,1.15,,6.43,,2.5,,62.59,,,,,,27.54,9.39,12.9,10.23,0.0,,,0.88,,,,
03-Jan-2019,12:45,03-Jan-2019,13:00,Punjab,Patiala,"Model Town, Patiala - PPCB",1.41,256.24,,,,80.37,251.88,,,,178.6,36.4,3.8,8.0,11.7,1.15,,8.9,,2.5,,62.6,,,,,,27.44,9.27,13.32,10.23,0.0,,,0.88,,,,
03-Jan-2019,13:00,03-Jan-2019,13:15,Punjab,Patiala,"Model Town, Patiala - PPCB",1.62,251.56,,,,79.77,219.44,,,,177.5,36.4,3.9,7.7,11.6,1.15,,9.52,,2.51,,62.6,,,,,,27.45,9.62,13.65,10.23,0.0,,,0.87,,,,
03-Jan-2019,13:15,03-Jan-2019,13:30,Punjab,Patiala,"Model Town, Patiala - PPCB",1.52,254.09,,,,77.94,225.42,,,,177.5,36.4,4.0,8.0,12.0,1.19,,5.44,,2.51,,62.59,,,,,,27.45,9.94,14.07,10.25,0.0,,,0.87,,,,
03-Jan-2019,13:30,03-Jan-2019,13:45,Punjab,Patiala,"Model Town, Patiala - PPCB",1.6,253.23,,,,76.15,228.56,,,,177.5,36.4,4.0,8.0,12.0,1.08,,10.86,,2.51,,62.6,,,,,,27.56,9.48,14.21,10.27,0.0,,,0.88,,,,
03-Jan-2019,13:45,03-Jan-2019,14:00,Punjab,Patiala,"Model Town, Patiala - PPCB",1.81,253.65,,,,74.62,230.92,,,,171.2,36.4,4.2,7.9,12.1,1.06,,11.44,,2.54,,62.62,,,,,,27.52,9.46,14.58,10.25,0.0,,,0.88,,,,
03-Jan-2019,14:00,03-Jan-2019,14:15,Punjab,Patiala,"Model Town, Patiala - PPCB",1.57,254.13,,,,71.72,222.78,,,,170.0,36.3,4.1,7.9,12.0,1.0,,12.42,,2.68,,62.6,,,,,,27.48,9.2,14.98,10.25,0.0,,,0.87,,,,
03-Jan-2019,14:15,03-Jan-2019,14:30,Punjab,Patiala,"Model Town, Patiala - PPCB",1.79,250.93,,,,69.67,218.28,,,,170.0,34.0,4.2,7.7,12.0,0.95,,12.62,,2.65,,62.59,,,,,,27.51,9.18,15.31,10.26,0.0,,,0.88,,,,
03-Jan-2019,14:30,03-Jan-2019,14:45,Punjab,Patiala,"Model Town, Patiala - PPCB",,,,,,,,,,,,,,,,,,,,,,,,,,,,,,,,,,,,,,,
03-Jan-2019,14:45,03-Jan-2019,15:00,Punjab,Patiala,"Model Town, Patiala - PPCB",1.94,251.08,,,,68.08,211.04,,,,162.6,34.0,4.0,7.8,11.8,0.89,,12.97,,2.51,,62.6,,,,,,27.42,9.07,15.72,10.25,0.0,,,0.88,,,,
03-Jan-2019,15:00,03-Jan-2019,15:15,Punjab,Patiala,"Model Town, Patiala - PPCB",1.4,256.09,,,,66.33,199.57,,,,145.2,34.0,3.9,7.9,11.8,0.85,,11.78,,2.52,,62.6,,,,,,27.44,8.93,16.14,10.25,0.0,,,0.88,,,,
03-Jan-2019,15:15,03-Jan-2019,15:30,Punjab,Patiala,"Model Town, Patiala - PPCB",1.68,257.39,,,,66.45,196.89,,,,145.2,30.7,4.0,7.7,11.8,0.79,,12.26,,2.51,,62.61,,,,,,27.4,8.93,16.3,10.25,0.0,,,0.88,,,,
03-Jan-2019,15:30,03-Jan-2019,15:45,Punjab,Patiala,"Model Town, Patiala - PPCB",1.61,255.03,,,,66.67,191.68,,,,145.2,30.4,4.3,7.7,11.9,0.76,,13.08,,2.51,,62.59,,,,,,27.48,8.8,16.21,10.25,0.0,,,0.88,,,,
03-Jan-2019,15:45,03-Jan-2019,16:00,Punjab,Patiala,"Model Town, Patiala - PPCB",1.57,254.25,,,,66.82,185.28,,,,137.5,30.4,4.1,7.9,12.0,0.75,,12.81,,2.52,,62.59,,,,,,27.44,8.93,16.19,10.25,0.0,,,0.87,,,,
03-Jan-2019,16:00,03-Jan-2019,16:15,Punjab,Patiala,"Model Town, Patiala - PPCB",1.17,254.18,,,,68.57,179.76,,,,134.2,30.4,,,,0.81,,11.37,,2.51,,62.59,,,,,,,,16.12,10.27,0.0,,,0.87,,,,
03-Jan-2019,16:15,03-Jan-2019,16:30,Punjab,Patiala,"Model Town, Patiala - PPCB",1.13,254.43,,,,70.49,174.11,,,,134.2,31.3,,,,0.85,,10.39,,2.5,,62.58,,,,,,,9.13,15.95,10.27,0.0,,,0.88,,,,
03-Jan-2019,16:30,03-Jan-2019,16:45,Punjab,Patiala,"Model Town, Patiala - PPCB",1.19,253.78,,,,71.76,169.05,,,,134.2,31.3,3.3,7.9,11.2,0.83,,10.31,,2.5,,62.61,,,,,,27.22,8.76,15.62,10.26,0.0,,,0.88,,,,
03-Jan-2019,16:45,03-Jan-2019,17:00,Punjab,Patiala,"Model Town, Patiala - PPCB",1.27,254.53,,,,74.57,162.77,,,,128.6,31.3,3.7,7.9,11.7,0.87,,12.52,,2.5,,62.64,,,,,,27.35,8.13,15.26,10.27,0.0,,,0.88,,,,
03-Jan-2019,17:00,03-Jan-2019,17:15,Punjab,Patiala,"Model Town, Patiala - PPCB",1.21,253.07,,,,77.28,154.9,,,,126.4,31.3,3.9,7.9,11.8,0.95,,7.95,,2.51,,62.6,,,,,,27.55,7.94,14.87,10.27,0.0,,,0.88,,,,
03-Jan-2019,17:15,03-Jan-2019,17:30,Punjab,Patiala,"Model Town, Patiala - PPCB",1.08,251.7,,,,80.9,146.74,,,,126.4,26.1,3.6,7.9,11.5,0.99,,8.3,,2.51,,62.59,,,,,,27.43,7.82,14.36,10.26,0.0,,,0.87,,,,
03-Jan-2019,17:30,03-Jan-2019,17:45,Punjab,Patiala,"Model Town, Patiala - PPCB",1.31,255.25,,,,83.71,144.61,,,,126.4,25.6,3.4,8.0,8.1,1.0,,10.5,,2.51,,62.61,,,,,,27.48,7.54,13.81,10.25,0.0,,,0.87,,,,
03-Jan-2019,17:45,03-Jan-2019,18:00,Punjab,Patiala,"Model Town, Patiala - PPCB",1.04,253.59,,,,84.5,141.25,,,,120.7,25.6,3.5,8.2,11.7,1.1,,9.33,,2.51,,62.61,,,,,,27.41,7.04,13.51,10.26,0.0,,,0.87,,,,
03-Jan-2019,18:00,03-Jan-2019,18:15,Punjab,Patiala,"Model Town, Patiala - PPCB",1.08,254.94,,,,84.47,140.28,,,,118.3,25.6,3.7,8.2,11.9,1.03,,8.46,,2.51,,62.62,,,,,,27.42,6.76,13.18,10.26,0.0,,,0.88,,,,
03-Jan-2019,18:15,03-Jan-2019,18:30,Punjab,Patiala,"Model Town, Patiala - PPCB",1.47,251.14,,,,85.1,144.71,,,,118.3,26.6,4.1,8.1,12.1,1.03,,9.0,,2.51,,62.62,,,,,,27.58,6.59,12.79,10.25,0.0,,,0.87,,,,
03-Jan-2019,18:30,03-Jan-2019,18:45,Punjab,Patiala,"Model Town, Patiala - PPCB",1.27,252.76,,,,86.11,142.61,,,,118.3,26.6,3.7,8.3,11.9,1.01,,8.82,,2.52,,62.61,,,,,,27.43,6.47,12.49,10.25,0.0,,,0.87,,,,
03-Jan-2019,18:45,03-Jan-2019,19:00,Punjab,Patiala,"Model Town, Patiala - PPCB",1.27,250.21,,,,87.51,142.7,,,,118.3,26.6,3.7,8.4,12.1,1.13,,7.7,,2.51,,62.6,,,,,,27.41,6.41,12.19,10.25,0.0,,,0.87,,,,
03-Jan-2019,19:00,03-Jan-2019,19:15,Punjab,Patiala,"Model Town, Patiala - PPCB",1.21,253.42,,,,89.68,143.52,,,,118.3,26.6,3.8,8.3,12.2,1.25,,5.78,,2.5,,62.61,,,,,,27.36,6.47,11.92,10.26,0.0,,,0.87,,,,
03-Jan-2019,19:15,03-Jan-2019,19:30,Punjab,Patiala,"Model Town, Patiala - PPCB",1.38,252.83,,,,90.46,143.55,,,,118.3,26.3,4.3,8.0,12.2,1.24,,5.44,,2.51,,62.6,,,,,,27.4,6.46,11.88,10.26,0.0,,,0.87,,,,
03-Jan-2019,19:30,03-Jan-2019,19:45,Punjab,Patiala,"Model Town, Patiala - PPCB",1.27,254.14,,,,92.06,143.29,,,,118.3,26.3,4.2,8.0,12.2,1.27,,5.69,,2.5,,62.59,,,,,,27.51,6.4,11.7,10.24,0.0,,,0.88,,,,
03-Jan-2019,19:45,03-Jan-2019,20:00,Punjab,Patiala,"Model Town, Patiala - PPCB",0.93,255.07,,,,92.92,139.26,,,,121.7,26.3,3.6,8.1,11.8,1.34,,5.6,,2.51,,62.6,,,,,,27.42,6.3,11.53,10.25,0.0,,,0.88,,,,
03-Jan-2019,20:00,03-Jan-2019,20:15,Punjab,Patiala,"Model Town, Patiala - PPCB",0.97,254.69,,,,94.47,140.52,,,,123.0,26.3,3.8,7.9,11.7,1.29,,5.01,,2.51,,62.62,,,,,,27.46,,11.15,10.28,0.0,,,0.87,,,,
03-Jan-2019,20:15,03-Jan-2019,20:30,Punjab,Patiala,"Model Town, Patiala - PPCB",0.93,251.42,,,,94.96,141.4,,,,123.0,31.4,4.1,8.1,12.2,1.41,,4.69,,2.51,,62.62,,,,,,27.46,6.38,10.77,10.25,0.0,,,0.88,,,,
03-Jan-2019,20:30,03-Jan-2019,20:45,Punjab,Patiala,"Model Town, Patiala - PPCB",0.64,248.42,,,,94.99,139.39,,,,123.0,31.9,4.5,8.2,12.7,1.4,,4.69,,2.5,,62.61,,,,,,27.42,6.46,10.52,10.23,0.0,,,0.88,,,,
03-Jan-2019,20:45,03-Jan-2019,21:00,Punjab,Patiala,"Model Town, Patiala - PPCB",0.26,237.27,,,,94.98,141.25,,,,125.4,31.9,4.3,8.3,12.6,1.42,,3.85,,2.5,,62.62,,,,,,27.31,6.18,10.21,10.24,0.0,,,0.88,,,,
03-Jan-2019,21:00,03-Jan-2019,21:15,Punjab,Patiala,"Model Town, Patiala - PPCB",0.06,169.71,,,,95.0,142.92,,,,126.3,31.9,4.0,8.3,12.3,1.45,,2.72,,2.51,,62.63,,,,,,27.31,5.87,9.74,10.24,0.0,,,0.87,,,,
03-Jan-2019,21:15,03-Jan-2019,21:30,Punjab,Patiala,"Model Town, Patiala - PPCB",0.21,242.33,,,,95.01,143.59,,,,126.3,33.6,3.8,8.2,12.0,1.44,,2.23,,2.5,,62.62,,,,,,27.4,5.87,9.46,10.26,0.0,,,0.88,,,,
03-Jan-2019,21:30,03-Jan-2019,21:45,Punjab,Patiala,"Model Town, Patiala - PPCB",0.76,245.49,,,,95.01,149.83,,,,126.3,33.7,3.7,8.2,11.9,1.45,,3.01,,2.51,,62.64,,,,,,27.49,5.77,9.46,10.24,0.0,,,0.87,,,,
03-Jan-2019,21:45,03-Jan-2019,22:00,Punjab,Patiala,"Model Town, Patiala - PPCB",0.53,236.15,,,,95.01,144.96,,,,130.4,33.7,4.0,8.3,12.3,1.45,,3.65,,2.51,,62.63,,,,,,27.45,5.73,9.6,10.23,0.0,,,0.87,,,,
03-Jan-2019,22:00,03-Jan-2019,22:15,Punjab,Patiala,"Model Town, Patiala - PPCB",0.54,246.58,,,,95.01,146.06,,,,132.1,33.7,3.1,8.1,11.2,1.43,,3.58,,2.5,,62.65,,,,,,27.4,5.65,9.49,10.25,0.0,,,0.88,,,,
03-Jan-2019,22:15,03-Jan-2019,22:30,Punjab,Patiala,"Model Town, Patiala - PPCB",0.26,227.22,,,,95.01,145.29,,,,132.1,31.0,3.0,8.2,11.2,1.4,,3.33,,2.5,,62.6,,,,,,27.25,5.59,9.29,10.26,0.0,,,0.89,,,,
03-Jan-2019,22:30,03-Jan-2019,22:45,Punjab,Patiala,"Model Town, Patiala - PPCB",0.7,244.92,,,,95.03,151.1,,,,132.1,30.7,3.5,8.7,12.2,1.38,,3.02,,2.5,,62.62,,,,,,27.24,5.62,9.15,10.29,0.0,,,0.89,,,,
03-Jan-2019,22:45,03-Jan-2019,23:00,Punjab,Patiala,"Model Town, Patiala - PPCB",0.77,247.65,,,,95.04,151.35,,,,131.5,30.7,3.8,8.5,12.3,1.36,,3.59,,2.5,,62.62,,,,,,27.29,5.64,9.24,10.26,0.0,,,0.88,,,,
03-Jan-2019,23:00,03-Jan-2019,23:15,Punjab,Patiala,"Model Town, Patiala - PPCB",0.65,251.46,,,,95.03,148.41,,,,131.3,30.7,3.9,8.0,11.9,1.3,,4.15,,2.51,,62.61,,,,,,27.53,5.56,9.26,10.25,0.0,,,0.88,,,,
03-Jan-2019,23:15,03-Jan-2019,23:30,Punjab,Patiala,"Model Town, Patiala - PPCB",0.5,251.62,,,,95.01,146.4,,,,131.3,31.0,3.5,8.2,11.7,1.24,,4.62,,2.51,,62.6,,,,,,27.38,5.61,9.23,10.24,0.0,,,0.88,,,,
03-Jan-2019,23:30,03-Jan-2019,23:45,Punjab,Patiala,"Model Town, Patiala - PPCB",0.7,248.06,,,,95.02,148.94,,,,131.3,31.1,4.1,8.1,12.1,1.17,,4.79,,2.51,,62.61,,,,,,27.48,5.55,9.17,10.26,0.0,,,0.88,,,,
03-Jan-2019,23:45,04-Jan-2019,00:00,Punjab,Patiala,"Model Town, Patiala - PPCB",0.84,252.42,,,,94.99,149.38,,,,124.1,31.1,4.1,7.9,12.0,1.1,,5.48,,2.5,,62.62,,,,,,27.4,5.55,9.23,10.24,0.0,,,0.87,,,,
04-Jan-2019,00:00,04-Jan-2019,00:15,Punjab,Patiala,"Model Town, Patiala - PPCB",0.73,253.8,,,,95.01,147.61,,,,121.2,31.1,4.0,8.1,12.1,1.03,,6.15,,2.5,,62.6,,,,,,27.43,,9.27,10.24,0.0,,,0.87,,,,
04-Jan-2019,00:15,04-Jan-2019,00:30,Punjab,Patiala,"Model Town, Patiala - PPCB",0.49,251.17,,,,95.02,145.92,,,,121.2,32.8,3.1,8.3,11.5,1.05,,6.07,,2.5,,62.61,,,,,,27.4,5.51,9.15,10.24,0.0,,,0.88,,,,
04-Jan-2019,00:30,04-Jan-2019,00:45,Punjab,Patiala,"Model Town, Patiala - PPCB",0.35,254.45,,,,95.01,144.47,,,,121.2,33.0,3.9,8.2,12.1,1.02,,5.35,,2.5,,62.63,,,,,,27.49,5.44,8.91,10.26,0.0,,,0.88,,,,
04-Jan-2019,00:45,04-Jan-2019,01:00,Punjab,Patiala,"Model Town, Patiala - PPCB",0.39,257.24,,,,95.04,146.03,,,,120.2,33.0,4.3,8.2,12.5,1.02,,4.73,,2.51,,62.6,,,,,,27.48,5.53,8.76,10.25,0.0,,,0.88,,,,
04-Jan-2019,01:00,04-Jan-2019,01:15,Punjab,Patiala,"Model Town, Patiala - PPCB",0.42,243.96,,,,95.15,148.04,,,,119.8,33.0,4.3,8.1,12.4,1.01,,4.51,,2.51,,62.61,,,,,,27.47,5.32,8.5,10.24,0.0,,,0.88,,,,
04-Jan-2019,01:15,04-Jan-2019,01:30,Punjab,Patiala,"Model Town, Patiala - PPCB",0.4,239.11,,,,95.26,147.34,,,,119.8,31.4,4.1,8.0,12.1,1.01,,4.18,,2.5,,62.59,,,,,,27.56,5.4,8.36,10.24,0.0,,,0.88,,,,
04-Jan-2019,01:30,04-Jan-2019,01:45,Punjab,Patiala,"Model Town, Patiala - PPCB",0.17,181.88,,,,95.25,147.78,,,,119.8,31.3,3.7,7.8,11.5,0.99,,3.52,,2.51,,62.61,,,,,,27.63,5.3,7.98,10.24,0.0,,,0.88,,,,
04-Jan-2019,01:45,04-Jan-2019,02:00,Punjab,Patiala,"Model Town, Patiala - PPCB",0.47,239.35,,,,95.25,150.54,,,,113.3,31.3,3.9,8.0,11.8,0.99,,3.0,,2.51,,62.62,,,,,,27.61,5.44,7.85,10.25,0.0,,,0.88,,,,
04-Jan-2019,02:00,04-Jan-2019,02:15,Punjab,Patiala,"Model Town, Patiala - PPCB",0.78,248.82,,,,95.26,153.72,,,,110.6,31.3,3.0,8.1,11.1,0.97,,3.86,,2.51,,62.6,,,,,,27.37,5.42,8.02,10.24,0.0,,,0.88,,,,
04-Jan-2019,02:15,04-Jan-2019,02:30,Punjab,Patiala,"Model Town, Patiala - PPCB",0.65,246.97,,,,95.27,150.42,,,,110.6,29.8,4.4,7.8,12.1,0.93,,4.7,,2.51,,62.6,,,,,,27.61,5.21,8.14,10.27,0.0,,,0.88,,,,
04-Jan-2019,02:30,04-Jan-2019,02:45,Punjab,Patiala,"Model Town, Patiala - PPCB",0.97,251.06,,,,95.26,153.38,,,,110.6,29.7,4.4,7.9,12.3,0.9,,5.11,,2.5,,62.61,,,,,,27.58,5.38,8.19,10.26,0.0,,,0.88,,,,
04-Jan-2019,02:45,04-Jan-2019,03:00,Punjab,Patiala,"Model Town, Patiala - PPCB",0.85,248.5,,,,95.21,150.92,,,,103.1,29.7,3.9,7.8,11.6,0.87,,5.43,,2.5,,62.62,,,,,,27.62,5.39,8.19,10.23,0.0,,,0.88,,,,
04-Jan-2019,03:00,04-Jan-2019,03:15,Punjab,Patiala,"Model Town, Patiala - PPCB",0.88,251.04,,,,95.23,149.99,,,,100.1,29.7,4.0,8.1,12.1,0.86,,5.77,,2.51,,62.61,,,,,,27.47,5.34,8.23,10.25,0.0,,,0.88,,,,
04-Jan-2019,03:15,04-Jan-2019,03:30,Punjab,Patiala,"Model Town, Patiala - PPCB",0.87,252.42,,,,95.24,149.72,,,,100.1,28.6,4.2,7.9,12.1,0.84,,5.68,,2.52,,62.62,,,,,,27.46,5.41,8.07,10.26,0.0,,,0.88,,,,
04-Jan-2019,03:30,04-Jan-2019,03:45,Punjab,Patiala,"Model Town, Patiala - PPCB",0.81,252.54,,,,95.24,146.98,,,,100.1,28.5,3.4,8.1,11.5,0.82,,5.88,,2.51,,62.62,,,,,,27.46,5.58,8.06,10.26,0.0,,,0.88,,,,
04-Jan-2019,03:45,04-Jan-2019,04:00,Punjab,Patiala,"Model Town, Patiala - PPCB",0.86,252.19,,,,95.23,146.68,,,,87.8,28.5,3.6,8.0,11.7,0.81,,5.9,,2.51,,62.62,,,,,,27.47,5.68,8.11,10.26,0.0,,,0.88,,,,
04-Jan-2019,04:00,04-Jan-2019,04:15,Punjab,Patiala,"Model Town, Patiala - PPCB",1.01,253.83,,,,95.21,146.57,,,,82.8,28.5,3.7,8.1,11.7,0.79,,5.94,,2.51,,62.64,,,,,,27.48,,8.17,10.25,0.0,,,0.89,,,,
04-Jan-2019,04:15,04-Jan-2019,04:30,Punjab,Patiala,"Model Town, Patiala - PPCB",0.92,254.76,,,,95.21,144.56,,,,82.8,31.0,3.9,8.1,12.0,0.82,,6.21,,2.5,,62.64,,,,,,27.53,6.71,8.33,10.25,0.0,,,0.88,,,,
04-Jan-2019,04:30,04-Jan-2019,04:45,Punjab,Patiala,"Model Town, Patiala - PPCB",0.82,253.88,,,,95.21,142.84,,,,82.8,31.3,4.0,8.4,12.4,0.79,,6.47,,2.51,,62.62,,,,,,27.42,7.67,8.36,10.23,0.0,,,0.88,,,,
04-Jan-2019,04:45,04-Jan-2019,05:00,Punjab,Patiala,"Model Town, Patiala - PPCB",1.14,249.75,,,,95.21,147.48,,,,86.4,31.3,4.3,8.1,12.4,0.79,,6.49,,2.51,,62.61,,,,,,27.54,8.47,8.15,10.26,0.0,,,0.89,,,,
04-Jan-2019,05:00,04-Jan-2019,05:15,Punjab,Patiala,"Model Town, Patiala - PPCB",0.97,250.85,,,,95.21,146.48,,,,87.9,31.3,3.6,8.2,11.8,0.79,,6.52,,2.51,,62.64,,,,,,27.45,8.86,8.02,10.27,0.0,,,0.89,,,,
04-Jan-2019,05:15,04-Jan-2019,05:30,Punjab,Patiala,"Model Town, Patiala - PPCB",1.04,254.86,,,,95.22,146.59,,,,87.9,26.7,3.3,8.2,11.5,0.8,,6.34,,2.5,,62.63,,,,,,27.43,9.85,8.06,10.27,0.0,,,0.88,,,,
04-Jan-2019,05:30,04-Jan-2019,05:45,Punjab,Patiala,"Model Town, Patiala - PPCB",0.88,253.84,,,,95.21,145.64,,,,87.9,26.3,3.2,8.2,11.4,0.79,,6.22,,2.5,,62.67,,,,,,27.38,10.62,7.99,10.28,0.0,,,0.88,,,,
04-Jan-2019,05:45,04-Jan-2019,06:00,Punjab,Patiala,"Model Town, Patiala - PPCB",1.06,249.74,,,,95.1,147.5,,,,84.5,26.3,3.6,8.3,11.9,0.8,,6.03,,2.5,,62.67,,,,,,27.45,10.49,7.78,10.26,0.0,,,0.89,,,,
04-Jan-2019,06:00,04-Jan-2019,06:15,Punjab,Patiala,"Model Town, Patiala - PPCB",0.65,252.8,,,,95.0,144.87,,,,83.1,26.3,4.3,8.4,12.7,0.79,,5.72,,2.51,,62.64,,,,,,27.47,9.69,7.64,10.26,0.0,,,0.88,,,,
04-Jan-2019,06:15,04-Jan-2019,06:30,Punjab,Patiala,"Model Town, Patiala - PPCB",0.53,249.56,,,,95.0,143.25,,,,83.1,27.8,4.1,8.4,12.4,0.77,,5.31,,2.51,,62.63,,,,,,27.47,8.93,7.55,10.25,0.0,,,0.88,,,,
04-Jan-2019,06:30,04-Jan-2019,06:45,Punjab,Patiala,"Model Town, Patiala - PPCB",0.52,246.09,,,,94.99,143.66,,,,83.1,27.9,3.7,8.5,12.3,0.8,,4.7,,2.51,,62.61,,,,,,27.55,8.2,7.34,10.25,0.0,,,0.88,,,,
04-Jan-2019,06:45,04-Jan-2019,07:00,Punjab,Patiala,"Model Town, Patiala - PPCB",0.59,250.66,,,,94.99,143.33,,,,82.9,27.9,3.8,8.3,12.1,0.79,,4.79,,2.51,,62.61,,,,,,27.54,7.94,7.32,10.27,0.0,,,0.88,,,,
04-Jan-2019,07:00,04-Jan-2019,07:15,Punjab,Patiala,"Model Town, Patiala - PPCB",0.57,252.94,,,,94.98,143.45,,,,82.8,27.9,4.0,8.0,12.0,0.76,,5.49,,2.51,,62.61,,,,,,27.49,7.92,7.56,10.25,0.0,,,0.89,,,,
04-Jan-2019,07:15,04-Jan-2019,07:30,Punjab,Patiala,"Model Town, Patiala - PPCB",0.7,249.26,,,,94.97,150.46,,,,82.8,25.7,3.8,8.0,11.8,0.78,,4.85,,2.5,,62.59,,,,,,27.44,8.09,7.5,10.25,0.0,,,0.89,,,,
04-Jan-2019,07:30,04-Jan-2019,07:45,Punjab,Patiala,"Model Town, Patiala - PPCB",0.92,250.1,,,,94.98,170.59,,,,82.8,25.5,3.8,7.9,11.7,0.83,,5.63,,2.51,,62.6,,,,,,27.34,8.0,7.41,10.25,0.0,,,0.88,,,,
04-Jan-2019,07:45,04-Jan-2019,08:00,Punjab,Patiala,"Model Town, Patiala - PPCB",0.91,249.56,,,,94.95,194.26,,,,77.6,25.5,3.4,7.9,11.3,0.89,,6.0,,2.52,,62.62,,,,,,27.37,8.01,7.66,10.25,0.0,,,0.88,,,,
04-Jan-2019,08:00,04-Jan-2019,08:15,Punjab,Patiala,"Model Town, Patiala - PPCB",0.92,249.82,,,,92.98,214.8,,,,75.5,25.5,3.9,7.9,11.8,0.85,,6.13,,2.52,,62.6,,,,,,27.44,,8.11,10.28,0.0,,,0.88,,,,
04-Jan-2019,08:15,04-Jan-2019,08:30,Punjab,Patiala,"Model Town, Patiala - PPCB",1.22,250.83,,,,89.96,276.3,,,,75.5,27.7,3.8,7.9,11.8,0.8,,7.6,,2.51,,62.59,,,,,,27.47,8.51,8.55,10.3,0.0,,,0.88,,,,
04-Jan-2019,08:30,04-Jan-2019,08:45,Punjab,Patiala,"Model Town, Patiala - PPCB",1.01,253.0,,,,88.46,205.92,,,,75.5,27.8,4.3,8.0,12.3,0.92,,7.19,,2.52,,62.61,,,,,,27.52,8.96,9.05,10.26,0.0,,,0.88,,,,
04-Jan-2019,08:45,04-Jan-2019,09:00,Punjab,Patiala,"Model Town, Patiala - PPCB",0.7,255.59,,,,85.38,257.15,,,,80.4,27.8,3.9,7.9,11.8,0.9,,7.13,,2.51,,62.64,,,,,,27.59,9.56,9.79,10.26,0.0,,,0.88,,,,
04-Jan-2019,09:00,04-Jan-2019,09:15,Punjab,Patiala,"Model Town, Patiala - PPCB",0.82,257.16,,,,83.79,355.05,,,,82.4,27.8,3.3,8.1,11.4,0.86,,7.82,,2.51,,62.6,,,,,,27.63,12.73,10.16,10.28,0.0,,,0.88,,,,
04-Jan-2019,09:15,04-Jan-2019,09:30,Punjab,Patiala,"Model Town, Patiala - PPCB",0.87,260.23,,,,82.15,330.94,,,,82.4,26.4,3.6,8.1,11.7,0.83,,9.06,,2.51,,62.6,,,,,,27.5,16.36,10.3,10.26,0.0,,,0.88,,,,
04-Jan-2019,09:30,04-Jan-2019,09:45,Punjab,Patiala,"Model Town, Patiala - PPCB",0.29,271.99,,,,78.37,356.45,,,,82.4,26.3,3.6,8.2,11.9,0.87,,9.49,,2.5,,62.6,,,,,,27.49,17.98,11.32,10.26,0.0,,,0.88,,,,
04-Jan-2019,09:45,04-Jan-2019,10:00,Punjab,Patiala,"Model Town, Patiala - PPCB",0.21,9.08,,,,71.38,293.33,,,,78.3,26.3,3.9,8.0,11.9,0.85,,9.58,,2.5,,62.58,,,,,,27.6,18.75,12.94,10.26,0.0,,,0.88,,,,
04-Jan-2019,10:00,04-Jan-2019,10:15,Punjab,Patiala,"Model Town, Patiala - PPCB",0.37,36.96,,,,69.67,239.94,,,,76.6,26.3,4.4,7.9,12.3,0.86,,9.9,,2.5,,62.59,,,,,,27.56,19.94,13.34,10.27,0.0,,,0.88,,,,
04-Jan-2019,10:15,04-Jan-2019,10:30,Punjab,Patiala,"Model Town, Patiala - PPCB",0.4,44.59,,,,68.58,328.3,,,,76.6,27.0,4.7,7.9,12.6,0.85,,6.84,,2.51,,62.59,,,,,,27.63,21.69,13.78,10.25,0.0,,,0.88,,,,
04-Jan-2019,10:30,04-Jan-2019,10:45,Punjab,Patiala,"Model Town, Patiala - PPCB",0.2,28.1,,,,67.2,339.88,,,,76.6,27.0,4.2,7.8,12.0,0.84,,5.21,,2.51,,62.62,,,,,,27.45,27.25,14.06,10.25,0.0,,,0.87,,,,
04-Jan-2019,10:45,04-Jan-2019,11:00,Punjab,Patiala,"Model Town, Patiala - PPCB",0.26,95.59,,,,64.42,379.88,,,,85.8,27.0,3.9,7.8,11.7,0.89,,8.74,,2.5,,62.65,,,,,,27.43,33.25,14.71,10.27,0.0,,,0.88,,,,
04-Jan-2019,11:00,04-Jan-2019,11:15,Punjab,Patiala,"Model Town, Patiala - PPCB",0.6,58.01,,,,64.21,337.32,,,,89.5,27.0,3.7,8.0,11.8,0.87,,11.05,,2.5,,62.66,,,,,,27.5,31.65,14.63,10.27,0.0,,,0.88,,,,
04-Jan-2019,11:15,04-Jan-2019,11:30,Punjab,Patiala,"Model Town, Patiala - PPCB",0.39,47.36,,,,64.66,274.62,,,,89.5,28.3,3.4,8.0,11.3,0.93,,9.16,,2.5,,62.65,,,,,,27.51,29.66,14.8,10.27,0.0,,,0.88,,,,
04-Jan-2019,11:30,04-Jan-2019,11:45,Punjab,Patiala,"Model Town, Patiala - PPCB",0.23,77.56,,,,63.76,293.66,,,,89.5,28.4,3.3,7.9,11.1,0.94,,9.22,,2.51,,62.63,,,,,,27.45,30.54,14.88,10.25,0.0,,,0.88,,,,
04-Jan-2019,11:45,04-Jan-2019,12:00,Punjab,Patiala,"Model Town, Patiala - PPCB",0.31,60.25,,,,60.38,339.52,,,,91.9,28.4,3.5,8.2,11.7,0.92,,9.46,,2.53,,62.63,,,,,,27.36,26.78,15.69,10.25,0.0,,,0.88,,,,
04-Jan-2019,12:00,04-Jan-2019,12:15,Punjab,Patiala,"Model Town, Patiala - PPCB",0.1,189.36,,,,57.16,349.85,,,,92.8,28.4,3.5,8.4,11.8,0.73,,11.66,,2.54,,62.61,,,,,,27.31,,16.39,10.26,0.0,,,0.89,,,,
04-Jan-2019,12:15,04-Jan-2019,12:30,Punjab,Patiala,"Model Town, Patiala - PPCB",0.49,263.98,,,,56.58,317.32,,,,92.8,32.8,3.8,8.0,11.8,0.84,,11.92,,2.55,,62.6,,,,,,27.48,20.23,16.36,10.3,0.0,,,0.88,,,,
04-Jan-2019,12:30,04-Jan-2019,12:45,Punjab,Patiala,"Model Town, Patiala - PPCB",0.63,268.53,,,,59.79,283.95,,,,92.8,33.1,4.0,7.8,11.8,0.77,,12.12,,2.57,,62.64,,,,,,27.53,18.87,16.04,10.32,0.0,,,0.88,,,,
04-Jan-2019,12:45,04-Jan-2019,13:00,Punjab,Patiala,"Model Town, Patiala - PPCB",0.53,240.34,,,,60.88,277.08,,,,87.6,33.1,3.9,7.8,11.7,0.74,,13.19,,2.55,,62.67,,,,,,27.47,18.79,15.75,10.26,0.0,,,0.88,,,,
04-Jan-2019,13:00,04-Jan-2019,13:15,Punjab,Patiala,"Model Town, Patiala - PPCB",0.48,237.93,,,,59.86,269.08,,,,85.4,33.1,3.7,7.8,11.5,0.71,,12.52,,2.56,,62.61,,,,,,27.45,18.58,15.94,10.24,0.0,,,0.88,,,,
04-Jan-2019,13:15,04-Jan-2019,13:30,Punjab,Patiala,"Model Town, Patiala - PPCB",0.96,250.69,,,,60.99,263.08,,,,85.4,31.3,3.6,7.9,11.5,0.71,,14.16,,2.52,,62.6,,,,,,27.36,19.17,15.67,10.27,0.0,,,0.88,,,,
04-Jan-2019,13:30,04-Jan-2019,13:45,Punjab,Patiala,"Model Town, Patiala - PPCB",0.81,257.97,,,,60.95,251.94,,,,85.4,31.2,4.0,7.7,11.8,0.7,,13.72,,2.58,,62.62,,,,,,27.42,21.33,15.7,10.28,0.0,,,0.89,,,,
04-Jan-2019,13:45,04-Jan-2019,14:00,Punjab,Patiala,"Model Town, Patiala - PPCB",1.0,251.93,,,,65.14,249.23,,,,85.4,31.2,4.1,7.9,12.0,0.75,,13.54,,2.62,,62.65,,,,,,27.48,23.22,15.6,10.27,0.0,,,0.89,,,,
04-Jan-2019,14:00,04-Jan-2019,14:15,Punjab,Patiala,"Model Town, Patiala - PPCB",0.75,253.3,,,,65.69,241.73,,,,85.4,31.2,3.9,7.8,11.7,0.78,,13.44,,2.51,,62.62,,,,,,27.45,24.72,15.43,10.26,0.0,,,0.88,,,,
04-Jan-2019,14:15,04-Jan-2019,14:30,Punjab,Patiala,"Model Town, Patiala - PPCB",0.86,252.47,,,,63.95,243.76,,,,85.4,31.4,3.8,7.9,11.7,0.74,,14.99,,2.5,,62.65,,,,,,27.49,24.47,15.43,10.25,0.0,,,0.89,,,,
04-Jan-2019,14:30,04-Jan-2019,14:45,Punjab,Patiala,"Model Town, Patiala - PPCB",0.94,255.78,,,,63.99,245.18,,,,85.4,31.5,3.8,7.9,11.7,0.69,,16.02,,2.52,,62.65,,,,,,27.43,22.43,15.44,10.26,0.0,,,0.88,,,,
04-Jan-2019,14:45,04-Jan-2019,15:00,Punjab,Patiala,"Model Town, Patiala - PPCB",0.58,247.85,,,,65.26,239.42,,,,81.4,31.5,4.0,8.0,12.0,0.71,,14.97,,2.53,,62.64,,,,,,27.45,21.1,15.74,10.23,0.0,,,0.88,,,,
04-Jan-2019,15:00,04-Jan-2019,15:15,Punjab,Patiala,"Model Town, Patiala - PPCB",0.52,246.87,,,,67.43,228.12,,,,79.8,31.5,4.2,7.9,12.1,0.7,,10.88,,2.53,,62.64,,,,,,27.45,19.89,15.59,10.26,0.0,,,0.87,,,,
04-Jan-2019,15:15,04-Jan-2019,15:30,Punjab,Patiala,"Model Town, Patiala - PPCB",0.84,255.51,,,,66.54,233.37,,,,79.8,29.5,4.2,8.0,12.2,0.72,,6.86,,2.54,,62.65,,,,,,27.5,18.16,15.71,10.27,0.0,,,0.88,,,,
04-Jan-2019,15:30,04-Jan-2019,15:45,Punjab,Patiala,"Model Town, Patiala - PPCB",1.11,255.09,,,,67.32,224.27,,,,79.8,29.3,4.0,8.2,12.2,0.67,,9.4,,2.52,,62.66,,,,,,27.4,16.82,15.42,10.23,0.0,,,0.88,,,,
04-Jan-2019,15:45,04-Jan-2019,16:00,Punjab,Patiala,"Model Town, Patiala - PPCB",0.49,241.13,,,,67.62,205.49,,,,80.4,29.3,3.8,8.2,12.0,0.65,,9.29,,2.51,,62.65,,,,,,27.35,16.0,15.44,10.25,0.0,,,0.88,,,,
04-Jan-2019,16:00,04-Jan-2019,16:15,Punjab,Patiala,"Model Town, Patiala - PPCB",0.53,245.92,,,,69.23,188.61,,,,80.7,29.3,3.6,8.0,11.6,0.61,,8.35,,2.51,,62.63,,,,,,27.34,,15.33,10.28,0.0,,,0.87,,,,
04-Jan-2019,16:15,04-Jan-2019,16:30,Punjab,Patiala,"Model Town, Patiala - PPCB",0.39,243.61,,,,72.35,174.66,,,,80.7,28.7,4.1,7.9,12.0,0.64,,7.2,,2.51,,62.68,,,,,,27.36,14.49,15.12,10.26,0.0,,,0.88,,,,
04-Jan-2019,16:30,04-Jan-2019,16:45,Punjab,Patiala,"Model Town, Patiala - PPCB",0.32,225.37,,,,74.31,172.46,,,,80.7,28.7,3.9,8.0,11.9,0.69,,6.65,,2.51,,62.67,,,,,,27.42,13.63,14.91,10.27,0.0,,,0.88,,,,
04-Jan-2019,16:45,04-Jan-2019,17:00,Punjab,Patiala,"Model Town, Patiala - PPCB",0.43,239.96,,,,76.19,164.56,,,,78.3,28.7,3.6,8.0,11.6,0.77,,7.03,,2.51,,62.63,,,,,,27.45,13.07,14.77,10.3,0.0,,,0.88,,,,
04-Jan-2019,17:00,04-Jan-2019,17:15,Punjab,Patiala,"Model Town, Patiala - PPCB",0.31,236.32,,,,76.67,154.21,,,,77.4,28.7,4.5,7.5,12.0,0.78,,6.61,,2.5,,62.65,,,,,,27.73,12.6,14.58,10.28,0.0,,,0.88,,,,
04-Jan-2019,17:15,04-Jan-2019,17:30,Punjab,Patiala,"Model Town, Patiala - PPCB",0.79,252.51,,,,77.28,153.79,,,,77.4,28.6,4.2,7.9,12.1,0.8,,6.27,,2.5,,62.62,,,,,,27.52,11.87,14.23,10.27,0.0,,,0.87,,,,
04-Jan-2019,17:30,04-Jan-2019,17:45,Punjab,Patiala,"Model Town, Patiala - PPCB",0.27,244.86,,,,79.37,143.94,,,,77.4,28.6,4.9,8.1,13.0,0.83,,6.99,,2.51,,62.62,,,,,,27.61,10.89,13.85,10.24,0.0,,,0.88,,,,
04-Jan-2019,17:45,04-Jan-2019,18:00,Punjab,Patiala,"Model Town, Patiala - PPCB",0.29,241.23,,,,80.92,140.73,,,,76.8,28.6,5.2,7.7,12.9,0.9,,6.72,,2.51,,62.64,,,,,,27.63,9.85,13.45,10.26,0.0,,,0.89,,,,
04-Jan-2019,18:00,04-Jan-2019,18:15,Punjab,Patiala,"Model Town, Patiala - PPCB",0.11,96.66,,,,83.77,135.49,,,,76.6,28.6,4.3,7.8,12.1,0.94,,6.16,,2.52,,62.66,,,,,,27.45,9.23,13.05,10.28,0.0,,,0.89,,,,
04-Jan-2019,18:15,04-Jan-2019,18:30,Punjab,Patiala,"Model Town, Patiala - PPCB",0.27,245.06,,,,88.64,134.72,,,,76.6,26.9,4.1,8.3,12.4,1.1,,4.12,,2.52,,62.64,,,,,,27.33,8.5,12.41,10.25,0.0,,,0.89,,,,
04-Jan-2019,18:30,04-Jan-2019,18:45,Punjab,Patiala,"Model Town, Patiala - PPCB",0.18,236.12,,,,92.29,134.79,,,,76.6,26.7,3.8,8.0,11.8,1.13,,3.19,,2.51,,62.63,,,,,,27.38,8.04,11.92,10.24,0.0,,,0.88,,,,
04-Jan-2019,18:45,04-Jan-2019,19:00,Punjab,Patiala,"Model Town, Patiala - PPCB",0.08,145.21,,,,94.11,138.78,,,,78.6,26.7,4.1,8.1,12.1,1.31,,2.38,,2.51,,62.59,,,,,,27.27,8.01,11.7,10.26,0.0,,,0.88,,,,
04-Jan-2019,19:00,04-Jan-2019,19:15,Punjab,Patiala,"Model Town, Patiala - PPCB",0.3,149.22,,,,94.88,141.92,,,,79.4,26.7,4.2,7.9,12.1,1.47,,1.92,,2.51,,62.61,,,,,,27.29,7.7,11.15,10.26,0.0,,,0.87,,,,
04-Jan-2019,19:15,04-Jan-2019,19:30,Punjab,Patiala,"Model Town, Patiala - PPCB",0.04,175.13,,,,94.9,144.96,,,,79.4,28.4,4.2,8.1,12.2,2.14,,2.02,,2.51,,62.62,,,,,,27.3,7.63,11.06,10.26,0.0,,,0.87,,,,
04-Jan-2019,19:30,04-Jan-2019,19:45,Punjab,Patiala,"Model Town, Patiala - PPCB",0.29,104.2,,,,94.92,148.5,,,,79.4,28.5,3.6,8.6,12.2,2.03,,2.06,,2.5,,62.6,,,,,,27.3,7.51,10.93,10.25,0.0,,,0.88,,,,
04-Jan-2019,19:45,04-Jan-2019,20:00,Punjab,Patiala,"Model Town, Patiala - PPCB",0.24,226.6,,,,94.9,148.17,,,,86.6,28.5,4.3,8.2,12.5,2.03,,2.03,,2.5,,62.62,,,,,,27.33,7.23,10.82,10.27,0.0,,,0.87,,,,
04-Jan-2019,20:00,04-Jan-2019,20:15,Punjab,Patiala,"Model Town, Patiala - PPCB",0.23,70.76,,,,94.92,152.89,,,,89.5,28.5,4.6,7.9,12.5,1.99,,2.0,,2.51,,62.63,,,,,,27.4,,10.72,10.25,0.0,,,0.88,,,,
04-Jan-2019,20:15,04-Jan-2019,20:30,Punjab,Patiala,"Model Town, Patiala - PPCB",0.19,117.15,,,,94.92,157.98,,,,89.5,37.8,4.0,8.3,12.3,2.11,,1.97,,2.51,,62.63,,,,,,27.41,7.03,10.67,10.25,0.0,,,0.88,,,,
04-Jan-2019,20:30,04-Jan-2019,20:45,Punjab,Patiala,"Model Town, Patiala - PPCB",0.35,89.22,,,,94.93,158.18,,,,89.5,38.5,4.2,7.9,12.0,2.2,,2.15,,2.5,,62.68,,,,,,27.64,6.97,10.78,10.26,0.0,,,0.88,,,,
04-Jan-2019,20:45,04-Jan-2019,21:00,Punjab,Patiala,"Model Town, Patiala - PPCB",0.21,84.03,,,,95.03,152.88,,,,107.3,38.5,3.8,8.2,12.0,2.35,,2.33,,2.5,,62.62,,,,,,27.61,7.28,10.91,10.25,0.0,,,0.88,,,,
04-Jan-2019,21:00,04-Jan-2019,21:15,Punjab,Patiala,"Model Town, Patiala - PPCB",0.35,83.01,,,,95.21,149.59,,,,114.6,38.5,3.7,8.4,12.1,2.43,,1.96,,2.52,,62.63,,,,,,27.4,7.48,10.92,10.27,0.0,,,0.88,,,,
04-Jan-2019,21:15,04-Jan-2019,21:30,Punjab,Patiala,"Model Town, Patiala - PPCB",0.34,110.37,,,,95.27,150.58,,,,114.6,41.5,3.0,8.1,11.2,2.57,,1.94,,2.52,,62.6,,,,,,27.44,7.6,10.74,10.25,0.0,,,0.88,,,,
04-Jan-2019,21:30,04-Jan-2019,21:45,Punjab,Patiala,"Model Town, Patiala - PPCB",0.49,95.39,,,,95.31,152.15,,,,114.6,41.7,3.4,8.1,11.5,2.48,,1.79,,2.5,,62.63,,,,,,27.37,7.4,10.73,10.26,0.0,,,0.88,,,,
04-Jan-2019,21:45,04-Jan-2019,22:00,Punjab,Patiala,"Model Town, Patiala - PPCB",0.49,80.82,,,,95.24,150.23,,,,116.5,41.7,3.5,8.0,11.5,2.18,,1.74,,2.51,,62.63,,,,,,27.34,7.48,10.74,10.26,0.0,,,0.88,,,,
04-Jan-2019,22:00,04-Jan-2019,22:15,Punjab,Patiala,"Model Town, Patiala - PPCB",0.26,110.03,,,,95.23,150.14,,,,117.3,41.7,3.6,7.8,11.4,2.02,,1.68,,2.51,,62.59,,,,,,27.54,7.4,10.57,10.25,0.0,,,0.87,,,,
04-Jan-2019,22:15,04-Jan-2019,22:30,Punjab,Patiala,"Model Town, Patiala - PPCB",0.41,214.61,,,,95.25,164.16,,,,117.3,41.0,3.2,8.1,11.3,1.69,,1.68,,2.5,,62.6,,,,,,27.35,6.98,10.39,10.26,0.0,,,0.88,,,,
04-Jan-2019,22:30,04-Jan-2019,22:45,Punjab,Patiala,"Model Town, Patiala - PPCB",0.44,180.18,,,,95.26,169.61,,,,117.3,41.0,3.8,8.2,12.0,1.23,,1.68,,2.51,,62.61,,,,,,27.36,6.68,10.36,10.23,0.0,,,0.88,,,,
04-Jan-2019,22:45,04-Jan-2019,23:00,Punjab,Patiala,"Model Town, Patiala - PPCB",0.34,214.56,,,,95.26,169.41,,,,103.8,41.0,3.3,8.2,11.5,1.06,,1.68,,2.51,,62.61,,,,,,27.48,6.26,10.33,10.25,0.0,,,0.87,,,,
04-Jan-2019,23:00,04-Jan-2019,23:15,Punjab,Patiala,"Model Town, Patiala - PPCB",0.6,169.35,,,,95.26,169.6,,,,98.3,41.0,3.5,8.3,11.8,1.04,,1.68,,2.51,,62.63,,,,,,27.44,6.22,10.34,10.25,0.0,,,0.88,,,,
04-Jan-2019,23:15,04-Jan-2019,23:30,Punjab,Patiala,"Model Town, Patiala - PPCB",0.35,196.58,,,,95.28,169.39,,,,98.3,33.6,3.8,8.4,12.2,1.0,,1.68,,2.52,,62.61,,,,,,27.27,6.13,10.47,10.26,0.0,,,0.88,,,,
04-Jan-2019,23:30,04-Jan-2019,23:45,Punjab,Patiala,"Model Town, Patiala - PPCB",0.36,212.59,,,,95.39,169.55,,,,98.3,33.0,3.7,8.3,11.9,1.01,,1.68,,2.51,,62.59,,,,,,27.41,6.75,10.61,10.28,0.0,,,0.89,,,,
04-Jan-2019,23:45,05-Jan-2019,00:00,Punjab,Patiala,"Model Town, Patiala - PPCB",0.34,205.04,,,,95.38,169.5,,,,92.1,33.0,3.9,8.1,11.9,1.04,,1.68,,2.51,,62.62,,,,,,27.49,7.95,10.68,10.28,0.0,,,0.88,,,,
05-Jan-2019,00:00,05-Jan-2019,00:15,Punjab,Patiala,"Model Town, Patiala - PPCB",0.64,153.35,,,,95.31,169.43,,,,89.6,33.0,4.1,8.2,12.2,0.91,,1.68,,2.51,,62.65,,,,,,27.53,,10.62,10.25,0.0,,,0.88,,,,
05-Jan-2019,00:15,05-Jan-2019,00:30,Punjab,Patiala,"Model Town, Patiala - PPCB",0.65,131.56,,,,95.31,169.23,,,,89.6,32.6,4.1,8.3,12.4,0.96,,1.73,,2.51,,62.67,,,,,,27.39,9.06,10.57,10.29,0.0,,,0.87,,,,
05-Jan-2019,00:30,05-Jan-2019,00:45,Punjab,Patiala,"Model Town, Patiala - PPCB",0.53,126.17,,,,95.3,169.16,,,,89.6,32.5,3.8,8.2,12.0,0.92,,2.4,,2.51,,62.66,,,,,,27.4,8.63,10.53,10.28,0.0,,,0.88,,,,
05-Jan-2019,00:45,05-Jan-2019,01:00,Punjab,Patiala,"Model Town, Patiala - PPCB",0.56,127.78,,,,95.3,169.09,,,,82.7,32.5,4.1,7.9,12.0,0.91,,3.24,,2.52,,62.64,,,,,,27.5,7.96,10.59,10.27,0.0,,,0.88,,,,
05-Jan-2019,01:00,05-Jan-2019,01:15,Punjab,Patiala,"Model Town, Patiala - PPCB",0.48,138.71,,,,95.29,168.61,,,,79.8,32.5,3.9,8.0,12.0,0.9,,3.41,,2.52,,62.66,,,,,,27.4,7.69,10.57,10.3,0.0,,,0.88,,,,
05-Jan-2019,01:15,05-Jan-2019,01:30,Punjab,Patiala,"Model Town, Patiala - PPCB",0.67,114.85,,,,95.3,166.33,,,,79.8,28.2,4.1,7.9,12.0,0.85,,3.88,,2.51,,62.73,,,,,,27.57,7.45,10.57,10.27,0.0,,,0.89,,,,
05-Jan-2019,01:30,05-Jan-2019,01:45,Punjab,Patiala,"Model Town, Patiala - PPCB",0.44,96.47,,,,95.22,163.03,,,,79.8,27.8,4.5,7.8,12.3,0.87,,3.84,,2.51,,62.65,,,,,,27.55,7.28,10.6,10.25,0.0,,,0.89,,,,
05-Jan-2019,01:45,05-Jan-2019,02:00,Punjab,Patiala,"Model Town, Patiala - PPCB",0.46,82.9,,,,95.07,157.84,,,,73.4,27.8,4.6,7.8,12.4,0.88,,3.09,,2.51,,62.61,,,,,,27.5,7.1,10.45,10.25,0.0,,,0.89,,,,
05-Jan-2019,02:00,05-Jan-2019,02:15,Punjab,Patiala,"Model Town, Patiala - PPCB",0.5,117.96,,,,95.07,165.06,,,,70.8,27.8,4.1,8.0,12.1,0.88,,2.63,,2.52,,62.61,,,,,,27.51,6.73,10.15,10.23,0.0,,,0.87,,,,
05-Jan-2019,02:15,05-Jan-2019,02:30,Punjab,Patiala,"Model Town, Patiala - PPCB",0.62,105.08,,,,95.06,165.55,,,,70.8,28.6,3.6,8.2,11.8,0.92,,2.09,,2.52,,62.68,,,,,,27.42,6.68,9.66,10.24,0.0,,,0.88,,,,
05-Jan-2019,02:30,05-Jan-2019,02:45,Punjab,Patiala,"Model Town, Patiala - PPCB",0.55,98.23,,,,95.06,164.8,,,,70.8,28.7,4.2,8.1,12.3,0.95,,2.21,,2.52,,62.67,,,,,,27.47,6.22,9.26,10.25,0.0,,,0.88,,,,
05-Jan-2019,02:45,05-Jan-2019,03:00,Punjab,Patiala,"Model Town, Patiala - PPCB",0.42,93.69,,,,95.05,162.96,,,,73.1,28.7,4.6,8.1,12.7,1.09,,1.97,,2.51,,62.6,,,,,,27.48,6.11,9.12,10.25,0.0,,,0.89,,,,
05-Jan-2019,03:00,05-Jan-2019,03:15,Punjab,Patiala,"Model Town, Patiala - PPCB",0.44,92.7,,,,95.05,160.5,,,,74.0,28.7,4.5,7.8,12.4,1.18,,1.88,,2.51,,62.64,,,,,,27.54,6.15,9.09,10.25,0.0,,,0.89,,,,
05-Jan-2019,03:15,05-Jan-2019,03:30,Punjab,Patiala,"Model Town, Patiala - PPCB",0.47,87.48,,,,95.05,158.62,,,,74.0,28.5,4.0,7.9,11.8,1.09,,1.92,,2.51,,62.61,,,,,,27.46,5.83,9.0,10.28,0.0,,,0.89,,,,
05-Jan-2019,03:30,05-Jan-2019,03:45,Punjab,Patiala,"Model Town, Patiala - PPCB",0.42,78.9,,,,95.05,157.96,,,,74.0,28.4,3.6,7.9,11.5,1.06,,2.01,,2.51,,62.6,,,,,,27.55,5.96,8.99,10.32,0.0,,,0.88,,,,
05-Jan-2019,03:45,05-Jan-2019,04:00,Punjab,Patiala,"Model Town, Patiala - PPCB",0.68,87.32,,,,95.05,160.06,,,,65.4,28.4,3.6,8.4,12.0,1.08,,1.94,,2.51,,62.61,,,,,,27.47,5.95,8.84,10.29,0.0,,,0.88,,,,
05-Jan-2019,04:00,05-Jan-2019,04:15,Punjab,Patiala,"Model Town, Patiala - PPCB",0.38,78.51,,,,95.05,159.73,,,,61.9,28.4,3.4,8.2,11.6,1.13,,1.96,,2.51,,62.61,,,,,,27.61,,8.91,10.24,0.0,,,0.88,,,,
05-Jan-2019,04:15,05-Jan-2019,04:30,Punjab,Patiala,"Model Town, Patiala - PPCB",0.61,83.05,,,,95.05,157.9,,,,61.9,33.7,4.0,7.9,11.9,1.24,,1.93,,2.52,,62.69,,,,,,27.61,6.19,8.82,10.27,0.0,,,0.88,,,,
05-Jan-2019,04:30,05-Jan-2019,04:45,Punjab,Patiala,"Model Town, Patiala - PPCB",0.57,77.84,,,,95.05,161.1,,,,61.9,34.1,4.6,7.9,12.5,1.28,,1.77,,2.51,,62.68,,,,,,27.45,6.29,8.75,10.25,0.0,,,0.88,,,,
05-Jan-2019,04:45,05-Jan-2019,05:00,Punjab,Patiala,"Model Town, Patiala - PPCB",0.51,79.17,,,,95.05,159.42,,,,83.4,34.1,4.2,8.1,12.3,1.34,,1.68,,2.51,,62.63,,,,,,27.44,6.33,8.71,10.29,0.0,,,0.89,,,,
05-Jan-2019,05:00,05-Jan-2019,05:15,Punjab,Patiala,"Model Town, Patiala - PPCB",0.55,92.34,,,,95.05,161.59,,,,92.1,34.1,4.2,8.1,12.3,1.38,,1.68,,2.5,,62.64,,,,,,27.54,6.33,8.65,10.31,0.0,,,0.88,,,,
05-Jan-2019,05:15,05-Jan-2019,05:30,Punjab,Patiala,"Model Town, Patiala - PPCB",0.74,83.47,,,,95.06,160.61,,,,92.1,36.1,4.6,8.1,12.8,1.4,,1.68,,2.51,,62.64,,,,,,27.52,6.34,8.66,10.24,0.0,,,0.87,,,,
05-Jan-2019,05:30,05-Jan-2019,05:45,Punjab,Patiala,"Model Town, Patiala - PPCB",0.39,79.19,,,,95.05,159.49,,,,92.1,36.3,4.7,7.9,12.6,1.44,,1.7,,2.51,,62.66,,,,,,27.49,6.29,8.71,10.25,0.0,,,0.88,,,,
05-Jan-2019,05:45,05-Jan-2019,06:00,Punjab,Patiala,"Model Town, Patiala - PPCB",0.45,88.51,,,,95.05,156.62,,,,87.6,36.3,4.0,8.3,12.3,1.52,,1.79,,2.51,,62.69,,,,,,27.44,6.4,8.77,10.26,0.0,,,0.89,,,,
05-Jan-2019,06:00,05-Jan-2019,06:15,Punjab,Patiala,"Model Town, Patiala - PPCB",1.03,96.62,,,,95.05,155.02,,,,85.8,36.3,3.7,8.4,12.1,1.58,,2.07,,2.51,,62.62,,,,,,27.44,6.34,8.93,10.24,0.0,,,0.88,,,,
05-Jan-2019,06:15,05-Jan-2019,06:30,Punjab,Patiala,"Model Town, Patiala - PPCB",0.96,99.73,,,,95.05,155.53,,,,85.8,36.4,3.6,8.0,11.7,1.59,,1.98,,2.52,,62.66,,,,,,27.46,6.67,9.12,10.24,0.0,,,0.88,,,,
05-Jan-2019,06:30,05-Jan-2019,06:45,Punjab,Patiala,"Model Town, Patiala - PPCB",0.9,97.4,,,,95.02,151.49,,,,85.8,36.4,3.8,7.9,11.6,1.58,,1.75,,2.52,,62.67,,,,,,27.52,6.96,9.27,10.26,0.0,,,0.89,,,,
05-Jan-2019,06:45,05-Jan-2019,07:00,Punjab,Patiala,"Model Town, Patiala - PPCB",0.72,112.44,,,,95.21,147.21,,,,90.5,36.4,4.4,7.6,12.0,1.61,,1.68,,2.52,,62.65,,,,,,27.58,7.37,9.32,10.35,0.0,,,0.88,,,,
05-Jan-2019,07:00,05-Jan-2019,07:15,Punjab,Patiala,"Model Town, Patiala - PPCB",0.77,110.94,,,,95.26,146.66,,,,92.4,36.4,4.5,7.8,12.3,1.65,,1.68,,2.52,,62.68,,,,,,27.56,8.09,9.3,10.41,0.0,,,0.88,,,,
05-Jan-2019,07:15,05-Jan-2019,07:30,Punjab,Patiala,"Model Town, Patiala - PPCB",0.65,101.21,,,,95.25,151.91,,,,92.4,37.1,4.4,7.8,12.1,1.72,,1.68,,2.51,,62.68,,,,,,27.67,8.75,9.3,10.37,0.0,,,0.88,,,,
05-Jan-2019,07:30,05-Jan-2019,07:45,Punjab,Patiala,"Model Town, Patiala - PPCB",0.54,92.79,,,,95.23,158.13,,,,92.4,37.2,3.6,8.0,11.6,1.68,,1.72,,2.51,,62.61,,,,,,27.56,9.32,9.39,10.27,0.0,,,0.88,,,,
05-Jan-2019,07:45,05-Jan-2019,08:00,Punjab,Patiala,"Model Town, Patiala - PPCB",0.46,107.94,,,,95.22,167.67,,,,95.4,37.2,3.8,8.1,11.9,1.68,,1.9,,2.51,,62.65,,,,,,27.5,9.77,9.5,10.3,0.0,,,0.87,,,,
05-Jan-2019,08:00,05-Jan-2019,08:15,Punjab,Patiala,"Model Town, Patiala - PPCB",0.8,98.19,,,,95.19,172.6,,,,96.6,37.2,3.5,7.9,11.4,1.46,,2.37,,2.52,,62.75,,,,,,27.55,,9.84,10.34,0.0,,,0.87,,,,
05-Jan-2019,08:15,05-Jan-2019,08:30,Punjab,Patiala,"Model Town, Patiala - PPCB",0.69,91.97,,,,95.17,167.21,,,,96.6,43.4,3.6,7.9,11.5,1.42,,2.81,,2.51,,62.67,,,,,,27.62,10.02,10.01,10.29,0.0,,,0.88,,,,
05-Jan-2019,08:30,05-Jan-2019,08:45,Punjab,Patiala,"Model Town, Patiala - PPCB",0.65,102.87,,,,95.15,191.79,,,,96.6,44.0,4.2,7.7,11.9,1.41,,3.06,,2.52,,62.61,,,,,,27.57,10.46,10.24,10.27,0.0,,,0.88,,,,
05-Jan-2019,08:45,05-Jan-2019,09:00,Punjab,Patiala,"Model Town, Patiala - PPCB",0.39,102.07,,,,92.19,233.34,,,,101.1,44.0,3.8,8.2,12.0,1.34,,3.76,,2.51,,62.66,,,,,,27.44,11.5,11.05,10.26,0.0,,,0.89,,,,
05-Jan-2019,09:00,05-Jan-2019,09:15,Punjab,Patiala,"Model Town, Patiala - PPCB",0.53,89.67,,,,88.1,253.54,,,,103.0,44.0,4.6,8.0,12.5,1.27,,4.07,,2.5,,62.69,,,,,,27.48,13.19,11.69,10.27,0.0,,,0.88,,,,
05-Jan-2019,09:15,05-Jan-2019,09:30,Punjab,Patiala,"Model Town, Patiala - PPCB",0.39,107.32,,,,87.28,228.4,,,,103.0,42.0,4.0,8.0,12.0,1.22,,4.09,,2.51,,62.67,,,,,,27.4,14.93,11.87,10.27,0.0,,,0.89,,,,
05-Jan-2019,09:30,05-Jan-2019,09:45,Punjab,Patiala,"Model Town, Patiala - PPCB",0.62,116.72,,,,86.0,264.63,,,,103.0,41.9,3.8,8.2,11.9,1.25,,5.39,,2.52,,62.63,,,,,,27.35,13.2,12.18,10.24,0.0,,,0.88,,,,
05-Jan-2019,09:45,05-Jan-2019,10:00,Punjab,Patiala,"Model Town, Patiala - PPCB",0.86,90.69,,,,81.39,337.03,,,,102.4,41.9,3.6,8.3,11.8,1.23,,6.6,,2.52,,62.67,,,,,,27.29,13.5,13.01,10.27,0.0,,,0.89,,,,
05-Jan-2019,10:00,05-Jan-2019,10:15,Punjab,Patiala,"Model Town, Patiala - PPCB",1.11,100.18,,,,77.13,321.24,,,,102.1,41.9,3.4,8.3,11.7,1.05,,8.4,,2.52,,62.68,,,,,,27.31,15.04,13.82,10.29,0.0,,,0.9,,,,
05-Jan-2019,10:15,05-Jan-2019,10:30,Punjab,Patiala,"Model Town, Patiala - PPCB",0.75,102.18,,,,76.49,257.5,,,,102.1,38.8,3.7,8.3,11.9,0.99,,6.77,,2.52,,62.71,,,,,,27.42,16.15,14.1,10.27,0.0,,,0.92,,,,
05-Jan-2019,10:30,05-Jan-2019,10:45,Punjab,Patiala,"Model Town, Patiala - PPCB",0.7,88.18,,,,76.37,208.19,,,,102.1,38.5,3.6,8.1,11.6,0.94,,7.67,,2.51,,62.71,,,,,,27.48,15.86,14.14,10.26,0.0,,,0.9,,,,
05-Jan-2019,10:45,05-Jan-2019,11:00,Punjab,Patiala,"Model Town, Patiala - PPCB",0.91,106.35,,,,77.78,203.49,,,,96.9,38.5,3.5,7.8,11.3,0.89,,7.84,,2.51,,62.68,,,,,,27.5,14.75,13.99,10.27,0.0,,,0.88,,,,
05-Jan-2019,11:00,05-Jan-2019,11:15,Punjab,Patiala,"Model Town, Patiala - PPCB",1.04,98.89,,,,77.76,195.6,,,,94.8,38.5,3.5,8.0,11.5,0.9,,11.04,,2.51,,62.63,,,,,,27.45,13.0,13.82,10.24,0.0,,,0.88,,,,
05-Jan-2019,11:15,05-Jan-2019,11:30,Punjab,Patiala,"Model Town, Patiala - PPCB",1.02,111.93,,,,78.37,253.18,,,,94.8,33.5,3.7,8.2,12.0,0.93,,12.02,,2.62,,62.6,,,,,,27.43,12.09,13.99,10.27,0.0,,,0.88,,,,
05-Jan-2019,11:30,05-Jan-2019,11:45,Punjab,Patiala,"Model Town, Patiala - PPCB",1.11,107.27,,,,73.98,305.92,,,,94.8,33.1,3.8,8.2,12.0,0.94,,9.08,,2.7,,62.64,,,,,,27.41,13.59,14.63,10.3,0.0,,,0.88,,,,
05-Jan-2019,11:45,05-Jan-2019,12:00,Punjab,Patiala,"Model Town, Patiala - PPCB",1.2,96.0,,,,65.19,412.24,,,,94.8,33.1,3.6,8.2,11.8,0.89,,14.34,,2.53,,62.65,,,,,,27.43,14.28,15.77,10.26,0.0,,,0.88,,,,
05-Jan-2019,12:00,05-Jan-2019,12:15,Punjab,Patiala,"Model Town, Patiala - PPCB",1.31,108.81,,,,60.67,431.33,,,,94.8,33.0,4.2,8.0,12.2,0.83,,14.22,,2.72,,62.62,,,,,,27.56,,16.27,10.24,0.0,,,0.88,,,,
05-Jan-2019,12:15,05-Jan-2019,12:30,Punjab,Patiala,"Model Town, Patiala - PPCB",1.33,102.1,,,,58.72,314.49,,,,94.8,32.8,3.7,8.0,11.7,0.75,,14.89,,2.7,,62.65,,,,,,27.55,12.97,16.39,10.25,0.0,,,0.88,,,,
05-Jan-2019,12:30,05-Jan-2019,12:45,Punjab,Patiala,"Model Town, Patiala - PPCB",1.28,112.66,,,,57.69,341.78,,,,94.8,32.8,3.7,8.3,12.0,0.68,,15.53,,2.64,,62.68,,,,,,27.36,12.27,16.41,10.27,0.0,,,0.88,,,,
05-Jan-2019,12:45,05-Jan-2019,13:00,Punjab,Patiala,"Model Town, Patiala - PPCB",1.43,103.77,,,,56.54,260.36,,,,66.3,32.8,3.8,8.1,11.9,0.62,,18.14,,2.59,,62.68,,,,,,27.34,11.81,16.72,10.26,0.0,,,0.88,,,,
05-Jan-2019,13:00,05-Jan-2019,13:15,Punjab,Patiala,"Model Town, Patiala - PPCB",1.18,104.68,,,,54.54,243.16,,,,63.8,32.4,3.7,7.8,11.5,0.6,,17.49,,2.54,,62.72,,,,,,27.39,11.78,17.12,10.26,0.0,,,0.88,,,,
05-Jan-2019,13:15,05-Jan-2019,13:30,Punjab,Patiala,"Model Town, Patiala - PPCB",1.44,105.2,,,,52.31,243.41,,,,63.8,30.0,4.0,7.9,11.9,0.56,,19.84,,2.57,,62.68,,,,,,27.39,11.08,17.21,10.25,0.0,,,0.89,,,,
05-Jan-2019,13:30,05-Jan-2019,13:45,Punjab,Patiala,"Model Town, Patiala - PPCB",1.08,112.94,,,,51.96,246.16,,,,63.8,30.0,4.4,7.8,12.2,0.53,,19.31,,2.58,,62.62,,,,,,27.61,10.73,17.5,10.27,0.0,,,0.88,,,,
05-Jan-2019,13:45,05-Jan-2019,14:00,Punjab,Patiala,"Model Town, Patiala - PPCB",0.9,102.87,,,,53.69,239.05,,,,47.2,30.0,4.4,7.8,12.2,0.54,,17.99,,2.57,,62.59,,,,,,27.55,10.99,17.18,10.3,0.0,,,0.88,,,,
05-Jan-2019,14:00,05-Jan-2019,14:15,Punjab,Patiala,"Model Town, Patiala - PPCB",1.02,100.32,,,,55.16,236.36,,,,45.7,29.8,4.5,7.8,12.3,0.54,,18.32,,2.53,,62.64,,,,,,27.48,10.69,16.94,10.31,0.0,,,0.88,,,,
05-Jan-2019,14:15,05-Jan-2019,14:30,Punjab,Patiala,"Model Town, Patiala - PPCB",0.93,93.36,,,,56.67,207.96,,,,45.7,28.2,3.6,7.9,11.5,0.57,,17.94,,2.51,,62.62,,,,,,27.48,10.52,16.74,10.36,0.0,,,0.88,,,,
05-Jan-2019,14:30,05-Jan-2019,14:45,Punjab,Patiala,"Model Town, Patiala - PPCB",0.58,83.28,,,,57.64,213.79,,,,45.7,28.2,3.7,8.0,11.7,0.6,,15.86,,2.52,,62.66,,,,,,27.46,10.63,16.88,10.36,0.0,,,0.88,,,,
05-Jan-2019,14:45,05-Jan-2019,15:00,Punjab,Patiala,"Model Town, Patiala - PPCB",0.53,79.65,,,,61.6,215.67,,,,34.2,28.2,4.1,8.0,12.1,0.61,,14.12,,2.52,,62.74,,,,,,27.6,10.81,16.75,10.31,0.0,,,0.89,,,,
05-Jan-2019,15:00,05-Jan-2019,15:15,Punjab,Patiala,"Model Town, Patiala - PPCB",0.64,80.86,,,,61.53,224.92,,,,33.3,27.8,4.1,7.8,11.9,0.65,,12.8,,2.52,,62.71,,,,,,27.63,11.12,16.88,10.31,0.0,,,0.89,,,,
05-Jan-2019,15:15,05-Jan-2019,15:30,Punjab,Patiala,"Model Town, Patiala - PPCB",0.59,81.42,,,,59.99,211.78,,,,33.3,25.2,3.8,7.6,11.5,0.62,,15.0,,2.53,,62.66,,,,,,27.62,11.25,16.96,10.29,0.0,,,0.89,,,,
05-Jan-2019,15:30,05-Jan-2019,15:45,Punjab,Patiala,"Model Town, Patiala - PPCB",0.39,74.65,,,,61.31,202.77,,,,33.3,25.2,3.5,7.7,11.2,0.63,,13.54,,2.52,,62.64,,,,,,27.48,11.16,16.93,10.3,0.0,,,0.89,,,,
05-Jan-2019,15:45,05-Jan-2019,16:00,Punjab,Patiala,"Model Town, Patiala - PPCB",0.31,50.86,,,,63.65,181.24,,,,32.1,25.2,4.0,8.0,11.9,0.65,,9.85,,2.52,,62.67,,,,,,27.44,11.19,16.8,10.27,0.0,,,0.88,,,,
05-Jan-2019,16:00,05-Jan-2019,16:15,Punjab,Patiala,"Model Town, Patiala - PPCB",0.44,65.53,,,,65.98,177.27,,,,32.0,25.4,4.2,8.0,12.3,0.83,,6.95,,2.51,,62.69,,,,,,27.43,,16.48,10.24,0.0,,,0.88,,,,
05-Jan-2019,16:15,05-Jan-2019,16:30,Punjab,Patiala,"Model Town, Patiala - PPCB",0.79,84.33,,,,67.32,176.18,,,,32.0,26.8,4.3,7.9,12.2,0.96,,10.06,,2.51,,62.66,,,,,,27.46,10.35,16.27,10.3,0.0,,,0.88,,,,
05-Jan-2019,16:30,05-Jan-2019,16:45,Punjab,Patiala,"Model Town, Patiala - PPCB",0.88,93.03,,,,69.2,169.24,,,,32.0,26.8,3.9,8.0,11.8,1.0,,10.39,,2.51,,62.62,,,,,,27.53,9.88,16.18,10.3,0.0,,,0.87,,,,
05-Jan-2019,16:45,05-Jan-2019,17:00,Punjab,Patiala,"Model Town, Patiala - PPCB",0.7,89.47,,,,68.82,158.59,,,,33.3,26.8,3.3,8.0,11.3,1.04,,10.6,,2.51,,62.59,,,,,,27.45,9.69,16.2,10.27,0.0,,,0.88,,,,
05-Jan-2019,17:00,05-Jan-2019,17:15,Punjab,Patiala,"Model Town, Patiala - PPCB",0.42,93.27,,,,67.99,155.38,,,,33.4,26.8,3.2,8.0,11.3,0.99,,10.79,,2.51,,62.63,,,,,,27.37,9.56,16.06,10.26,0.0,,,0.88,,,,
05-Jan-2019,17:15,05-Jan-2019,17:30,Punjab,Patiala,"Model Town, Patiala - PPCB",0.62,90.97,,,,67.7,154.49,,,,33.4,26.7,3.3,7.8,11.1,1.04,,11.19,,2.51,,62.72,,,,,,27.45,9.53,15.97,10.26,0.0,,,0.88,,,,
05-Jan-2019,17:30,05-Jan-2019,17:45,Punjab,Patiala,"Model Town, Patiala - PPCB",0.46,73.28,,,,68.56,151.39,,,,33.4,26.7,3.5,8.0,11.4,1.12,,12.49,,2.51,,62.66,,,,,,27.33,9.24,15.8,10.26,0.0,,,0.88,,,,
05-Jan-2019,17:45,05-Jan-2019,18:00,Punjab,Patiala,"Model Town, Patiala - PPCB",0.52,78.46,,,,69.33,151.19,,,,33.9,26.7,4.0,8.2,12.2,1.17,,11.28,,2.51,,62.64,,,,,,27.46,9.14,15.61,10.26,0.0,,,0.88,,,,
05-Jan-2019,18:00,05-Jan-2019,18:15,Punjab,Patiala,"Model Town, Patiala - PPCB",0.47,78.92,,,,70.25,149.32,,,,34.0,26.7,4.0,8.1,12.1,1.17,,11.61,,2.52,,62.69,,,,,,27.47,9.25,15.51,10.28,0.0,,,0.87,,,,
05-Jan-2019,18:15,05-Jan-2019,18:30,Punjab,Patiala,"Model Town, Patiala - PPCB",0.33,67.98,,,,71.58,141.6,,,,34.0,27.1,3.7,8.0,11.7,1.26,,11.15,,2.51,,62.67,,,,,,27.4,8.9,15.33,10.3,0.0,,,0.87,,,,
05-Jan-2019,18:30,05-Jan-2019,18:45,Punjab,Patiala,"Model Town, Patiala - PPCB",0.11,299.23,,,,75.15,136.72,,,,34.0,27.1,3.8,8.2,12.0,1.44,,5.68,,2.51,,62.61,,,,,,27.41,8.78,14.81,10.28,0.0,,,0.88,,,,
05-Jan-2019,18:45,05-Jan-2019,19:00,Punjab,Patiala,"Model Town, Patiala - PPCB",0.39,65.3,,,,79.61,146.34,,,,44.7,27.1,4.2,8.1,12.3,1.47,,4.62,,2.51,,62.6,,,,,,27.44,8.39,14.16,10.29,0.0,,,0.88,,,,
05-Jan-2019,19:00,05-Jan-2019,19:15,Punjab,Patiala,"Model Town, Patiala - PPCB",0.63,87.81,,,,76.49,148.28,,,,45.6,27.3,4.6,8.0,12.6,1.4,,6.57,,2.51,,62.6,,,,,,27.56,8.56,14.28,10.27,0.0,,,0.88,,,,
05-Jan-2019,19:15,05-Jan-2019,19:30,Punjab,Patiala,"Model Town, Patiala - PPCB",0.52,111.95,,,,71.99,151.24,,,,45.6,28.2,4.1,8.3,12.4,1.34,,8.37,,2.52,,62.61,,,,,,27.43,8.84,14.77,10.27,0.0,,,0.89,,,,
05-Jan-2019,19:30,05-Jan-2019,19:45,Punjab,Patiala,"Model Town, Patiala - PPCB",0.63,87.92,,,,71.11,153.81,,,,45.6,28.2,3.7,8.2,11.9,1.37,,7.88,,2.52,,62.62,,,,,,27.4,9.18,14.7,10.3,0.0,,,0.89,,,,
05-Jan-2019,19:45,05-Jan-2019,20:00,Punjab,Patiala,"Model Town, Patiala - PPCB",0.55,89.59,,,,69.18,150.69,,,,34.4,28.2,3.5,8.1,11.6,1.23,,10.06,,2.52,,62.61,,,,,,27.45,9.38,14.77,10.28,0.0,,,0.88,,,,
05-Jan-2019,20:00,05-Jan-2019,20:15,Punjab,Patiala,"Model Town, Patiala - PPCB",0.56,78.72,,,,67.32,148.71,,,,33.4,28.7,3.7,8.3,11.9,1.07,,11.31,,2.52,,62.64,,,,,,27.38,,14.82,10.3,0.0,,,0.88,,,,
05-Jan-2019,20:15,05-Jan-2019,20:30,Punjab,Patiala,"Model Town, Patiala - PPCB",0.48,73.94,,,,66.32,151.51,,,,33.4,31.8,3.8,8.1,12.0,0.93,,13.96,,2.52,,62.64,,,,,,27.35,9.22,14.85,10.27,0.0,,,0.88,,,,
05-Jan-2019,20:30,05-Jan-2019,20:45,Punjab,Patiala,"Model Town, Patiala - PPCB",0.14,23.7,,,,67.03,155.07,,,,33.4,31.8,4.2,8.3,12.5,0.95,,13.4,,2.51,,62.65,,,,,,27.4,8.88,14.78,10.28,0.0,,,0.88,,,,
05-Jan-2019,20:45,05-Jan-2019,21:00,Punjab,Patiala,"Model Town, Patiala - PPCB",0.27,353.63,,,,70.11,153.73,,,,29.6,31.8,4.0,8.1,12.1,1.22,,3.92,,2.51,,62.64,,,,,,27.33,8.03,14.49,10.27,0.0,,,0.88,,,,
05-Jan-2019,21:00,05-Jan-2019,21:15,Punjab,Patiala,"Model Town, Patiala - PPCB",0.26,320.94,,,,72.5,149.86,,,,29.3,31.6,3.7,8.3,12.0,1.18,,2.76,,2.51,,62.67,,,,,,27.34,7.88,14.07,10.26,0.0,,,0.88,,,,
05-Jan-2019,21:15,05-Jan-2019,21:30,Punjab,Patiala,"Model Town, Patiala - PPCB",0.27,290.85,,,,76.84,153.09,,,,29.3,30.3,4.4,8.0,12.4,1.21,,2.21,,2.52,,62.64,,,,,,27.49,7.64,13.44,10.27,0.0,,,0.88,,,,
05-Jan-2019,21:30,05-Jan-2019,21:45,Punjab,Patiala,"Model Town, Patiala - PPCB",0.44,279.41,,,,77.62,154.31,,,,29.3,30.3,4.1,8.3,12.4,1.23,,2.74,,2.51,,62.62,,,,,,27.49,7.39,13.21,10.26,0.0,,,0.89,,,,
05-Jan-2019,21:45,05-Jan-2019,22:00,Punjab,Patiala,"Model Town, Patiala - PPCB",0.5,306.25,,,,78.53,153.75,,,,37.4,30.3,4.4,8.5,12.9,1.06,,5.31,,2.52,,62.61,,,,,,27.47,7.22,13.09,10.27,0.0,,,0.89,,,,
05-Jan-2019,22:00,05-Jan-2019,22:15,Punjab,Patiala,"Model Town, Patiala - PPCB",0.51,286.76,,,,80.64,156.06,,,,38.1,30.3,3.7,8.3,12.1,0.98,,6.1,,2.53,,62.63,,,,,,27.47,7.13,12.87,10.28,0.0,,,0.88,,,,
05-Jan-2019,22:15,05-Jan-2019,22:30,Punjab,Patiala,"Model Town, Patiala - PPCB",1.14,251.31,,,,83.43,158.35,,,,38.1,30.2,3.6,8.0,11.7,1.03,,4.63,,2.51,,62.69,,,,,,27.44,6.9,12.61,10.29,0.0,,,0.88,,,,
05-Jan-2019,22:30,05-Jan-2019,22:45,Punjab,Patiala,"Model Town, Patiala - PPCB",1.76,253.52,,,,84.58,159.91,,,,38.1,30.2,4.2,7.7,11.9,0.84,,5.07,,2.52,,62.69,,,,,,27.51,6.81,12.46,10.33,0.0,,,0.89,,,,
05-Jan-2019,22:45,05-Jan-2019,23:00,Punjab,Patiala,"Model Town, Patiala - PPCB",0.98,255.45,,,,85.78,157.71,,,,34.7,30.2,4.1,7.8,11.9,0.8,,5.37,,2.52,,62.66,,,,,,27.51,6.94,12.44,10.39,0.0,,,0.89,,,,
05-Jan-2019,23:00,05-Jan-2019,23:15,Punjab,Patiala,"Model Town, Patiala - PPCB",0.57,265.74,,,,86.14,156.73,,,,34.4,30.1,3.4,8.0,11.5,0.79,,5.01,,2.5,,62.67,,,,,,27.45,7.04,12.4,10.31,0.0,,,0.89,,,,
05-Jan-2019,23:15,05-Jan-2019,23:30,Punjab,Patiala,"Model Town, Patiala - PPCB",0.34,0.03,,,,86.93,154.85,,,,34.4,29.7,3.6,8.1,11.7,0.78,,4.11,,2.5,,62.62,,,,,,27.47,7.13,12.35,10.26,0.0,,,0.88,,,,
05-Jan-2019,23:30,05-Jan-2019,23:45,Punjab,Patiala,"Model Town, Patiala - PPCB",0.38,288.29,,,,85.88,156.5,,,,34.4,29.7,4.0,8.2,12.2,0.73,,3.68,,2.51,,62.6,,,,,,27.61,7.3,12.21,10.3,0.0,,,0.88,,,,
05-Jan-2019,23:45,06-Jan-2019,00:00,Punjab,Patiala,"Model Town, Patiala - PPCB",0.36,319.19,,,,85.99,157.67,,,,31.2,29.7,4.4,8.3,12.7,0.65,,3.61,,2.51,,62.63,,,,,,27.56,7.43,12.09,10.31,0.0,,,0.88,,,,
06-Jan-2019,00:00,06-Jan-2019,00:15,Punjab,Patiala,"Model Town, Patiala - PPCB",0.54,281.85,,,,86.96,147.26,,,,30.9,29.9,4.4,8.0,12.4,0.77,,3.38,,2.52,,62.7,,,,,,27.59,,11.96,10.3,0.0,,,0.88,,,,
06-Jan-2019,00:15,06-Jan-2019,00:30,Punjab,Patiala,"Model Town, Patiala - PPCB",0.53,274.81,,,,88.22,147.12,,,,30.9,30.9,4.2,8.3,12.5,0.69,,3.46,,2.51,,62.68,,,,,,27.57,7.46,11.71,10.31,0.0,,,0.88,,,,
06-Jan-2019,00:30,06-Jan-2019,00:45,Punjab,Patiala,"Model Town, Patiala - PPCB",1.13,263.72,,,,90.73,142.39,,,,30.9,30.9,3.5,8.7,12.2,0.6,,3.62,,2.51,,62.66,,,,,,27.41,7.2,11.47,10.32,0.0,,,0.89,,,,
06-Jan-2019,00:45,06-Jan-2019,01:00,Punjab,Patiala,"Model Town, Patiala - PPCB",1.73,254.01,,,,92.97,142.48,,,,22.5,30.9,4.6,8.4,13.0,0.52,,4.03,,2.52,,62.64,,,,,,27.5,6.86,11.17,10.28,0.0,,,0.89,,,,
06-Jan-2019,01:00,06-Jan-2019,01:15,Punjab,Patiala,"Model Town, Patiala - PPCB",0.65,238.19,,,,93.88,146.58,,,,21.7,30.9,4.5,8.3,12.8,0.5,,4.49,,2.52,,62.63,,,,,,27.42,6.68,11.14,10.26,0.0,,,0.89,,,,
06-Jan-2019,01:15,06-Jan-2019,01:30,Punjab,Patiala,"Model Town, Patiala - PPCB",0.68,256.0,,,,93.19,149.95,,,,21.7,25.6,3.9,8.1,12.1,0.53,,5.06,,2.51,,62.63,,,,,,27.22,6.87,11.26,10.31,0.0,,,0.89,,,,
06-Jan-2019,01:30,06-Jan-2019,01:45,Punjab,Patiala,"Model Town, Patiala - PPCB",1.56,252.46,,,,94.01,153.66,,,,21.7,25.2,3.5,8.0,11.5,0.57,,5.69,,2.52,,62.63,,,,,,27.38,7.12,11.25,10.32,0.0,,,0.89,,,,
06-Jan-2019,01:45,06-Jan-2019,02:00,Punjab,Patiala,"Model Town, Patiala - PPCB",1.18,254.99,,,,94.87,156.88,,,,18.3,25.2,3.7,8.3,12.0,0.55,,6.1,,2.52,,62.61,,,,,,27.43,7.24,11.08,10.28,0.0,,,0.89,,,,
06-Jan-2019,02:00,06-Jan-2019,02:15,Punjab,Patiala,"Model Town, Patiala - PPCB",0.87,253.57,,,,92.69,157.69,,,,16.9,25.2,3.4,8.7,12.1,0.49,,10.44,,2.51,,62.59,,,,,,27.42,7.44,11.31,10.29,0.0,,,0.9,,,,
06-Jan-2019,02:15,06-Jan-2019,02:30,Punjab,Patiala,"Model Town, Patiala - PPCB",0.77,258.07,,,,89.62,148.46,,,,16.9,19.9,3.8,8.5,12.3,0.46,,12.62,,2.52,,62.63,,,,,,27.41,7.85,11.53,10.28,0.0,,,0.89,,,,
06-Jan-2019,02:30,06-Jan-2019,02:45,Punjab,Patiala,"Model Town, Patiala - PPCB",1.06,253.33,,,,89.39,139.44,,,,16.9,19.4,3.8,8.2,12.0,0.4,,14.7,,2.52,,62.63,,,,,,27.39,7.76,11.56,10.3,0.0,,,0.89,,,,
06-Jan-2019,02:45,06-Jan-2019,03:00,Punjab,Patiala,"Model Town, Patiala - PPCB",2.23,257.27,,,,88.42,133.6,,,,14.7,19.4,2.7,8.3,11.0,0.31,,20.54,,2.52,,62.65,,,,,,27.27,7.35,11.48,10.31,0.0,,,0.88,,,,
06-Jan-2019,03:00,06-Jan-2019,03:15,Punjab,Patiala,"Model Town, Patiala - PPCB",2.38,253.34,,,,87.86,132.6,,,,13.8,19.4,3.0,8.2,11.2,0.3,,23.27,,2.54,,62.7,,,,,,27.42,7.27,11.37,10.35,1.0,,,0.89,,,,
06-Jan-2019,03:15,06-Jan-2019,03:30,Punjab,Patiala,"Model Town, Patiala - PPCB",0.94,246.42,,,,88.32,137.93,,,,13.8,17.3,3.3,8.2,11.5,0.29,,21.82,,2.52,,62.64,,,,,,27.46,7.23,11.24,10.33,1.0,,,0.91,,,,
06-Jan-2019,03:30,06-Jan-2019,03:45,Punjab,Patiala,"Model Town, Patiala - PPCB",0.19,220.74,,,,94.57,151.08,,,,13.8,17.1,4.0,8.2,12.2,0.28,,19.32,,2.51,,62.61,,,,,,27.47,6.99,10.89,10.3,0.5,,,0.89,,,,
06-Jan-2019,03:45,06-Jan-2019,04:00,Punjab,Patiala,"Model Town, Patiala - PPCB",0.23,34.04,,,,95.17,156.71,,,,11.0,17.1,4.2,7.8,12.0,0.3,,15.6,,2.52,,62.64,,,,,,27.44,6.68,10.73,10.3,0.0,,,0.89,,,,
06-Jan-2019,04:00,06-Jan-2019,04:15,Punjab,Patiala,"Model Town, Patiala - PPCB",0.27,188.91,,,,95.35,155.68,,,,9.9,17.1,3.8,8.0,11.8,0.34,,14.94,,2.51,,62.65,,,,,,27.43,,10.66,10.34,0.0,,,0.89,,,,
06-Jan-2019,04:15,06-Jan-2019,04:30,Punjab,Patiala,"Model Town, Patiala - PPCB",0.81,147.62,,,,94.6,148.97,,,,9.9,15.1,3.4,8.3,11.6,0.37,,18.13,,2.52,,62.6,,,,,,27.36,6.74,10.88,10.35,0.0,,,0.89,,,,
06-Jan-2019,04:30,06-Jan-2019,04:45,Punjab,Patiala,"Model Town, Patiala - PPCB",0.69,162.62,,,,94.56,145.95,,,,9.9,15.0,4.0,8.1,12.1,0.36,,20.49,,2.53,,62.58,,,,,,27.47,7.15,10.92,10.35,0.0,,,0.9,,,,
06-Jan-2019,04:45,06-Jan-2019,05:00,Punjab,Patiala,"Model Town, Patiala - PPCB",0.46,262.5,,,,94.76,149.95,,,,13.4,15.0,4.2,8.0,12.2,0.37,,19.2,,2.51,,62.6,,,,,,27.52,9.16,10.82,10.33,0.0,,,0.91,,,,
06-Jan-2019,05:00,06-Jan-2019,05:15,Punjab,Patiala,"Model Town, Patiala - PPCB",0.25,159.76,,,,95.16,153.29,,,,14.8,15.0,4.4,7.9,12.3,0.37,,15.6,,2.52,,62.69,,,,,,27.55,10.28,10.69,10.34,0.5,,,0.89,,,,
06-Jan-2019,05:15,06-Jan-2019,05:30,Punjab,Patiala,"Model Town, Patiala - PPCB",0.69,156.51,,,,95.11,153.55,,,,14.8,11.8,4.4,8.0,12.4,0.36,,15.18,,2.53,,62.76,,,,,,27.62,10.45,10.58,10.31,0.0,,,0.89,,,,
06-Jan-2019,05:30,06-Jan-2019,05:45,Punjab,Patiala,"Model Town, Patiala - PPCB",1.03,171.42,,,,89.01,148.24,,,,14.8,11.5,4.3,7.8,12.0,0.33,,17.6,,2.51,,62.75,,,,,,27.54,11.1,11.04,10.33,0.0,,,0.89,,,,
06-Jan-2019,05:45,06-Jan-2019,06:00,Punjab,Patiala,"Model Town, Patiala - PPCB",0.37,156.97,,,,83.88,143.6,,,,12.9,11.5,4.6,7.9,12.5,0.32,,18.3,,2.52,,62.73,,,,,,27.45,11.89,11.3,10.36,0.0,,,0.89,,,,
06-Jan-2019,06:00,06-Jan-2019,06:15,Punjab,Patiala,"Model Town, Patiala - PPCB",0.55,208.54,,,,72.04,139.07,,,,12.2,11.5,4.3,8.2,12.5,0.33,,21.64,,2.54,,62.69,,,,,,27.37,13.57,12.0,10.26,0.0,,,0.89,,,,
06-Jan-2019,06:15,06-Jan-2019,06:30,Punjab,Patiala,"Model Town, Patiala - PPCB",0.32,278.51,,,,71.87,146.24,,,,12.2,8.7,3.9,8.3,12.1,0.34,,19.35,,2.54,,62.75,,,,,,27.27,13.25,12.2,10.3,0.0,,,0.91,,,,
06-Jan-2019,06:30,06-Jan-2019,06:45,Punjab,Patiala,"Model Town, Patiala - PPCB",0.08,128.54,,,,86.31,153.76,,,,12.2,8.4,3.9,8.0,11.9,0.4,,10.27,,2.54,,62.67,,,,,,27.43,10.26,11.63,10.32,0.0,,,0.89,,,,
06-Jan-2019,06:45,06-Jan-2019,07:00,Punjab,Patiala,"Model Town, Patiala - PPCB",0.23,100.44,,,,91.51,152.6,,,,10.9,8.4,3.4,7.8,11.2,0.44,,10.79,,2.51,,62.67,,,,,,27.47,9.12,11.11,10.36,0.0,,,0.89,,,,
06-Jan-2019,07:00,06-Jan-2019,07:15,Punjab,Patiala,"Model Town, Patiala - PPCB",0.13,67.9,,,,92.87,151.67,,,,10.4,8.4,3.8,7.9,11.7,0.62,,9.89,,2.51,,62.69,,,,,,27.54,8.6,11.09,10.29,0.0,,,0.91,,,,
06-Jan-2019,07:15,06-Jan-2019,07:30,Punjab,Patiala,"Model Town, Patiala - PPCB",0.29,288.33,,,,94.93,150.87,,,,10.4,8.5,4.1,7.9,11.9,0.57,,2.14,,2.53,,62.79,,,,,,27.57,8.07,10.94,10.29,0.0,,,0.89,,,,
06-Jan-2019,07:30,06-Jan-2019,07:45,Punjab,Patiala,"Model Town, Patiala - PPCB",0.57,51.6,,,,89.82,148.98,,,,10.4,8.5,4.0,8.0,11.9,0.48,,9.45,,2.53,,62.72,,,,,,27.53,7.61,11.01,10.29,0.0,,,0.88,,,,
06-Jan-2019,07:45,06-Jan-2019,08:00,Punjab,Patiala,"Model Town, Patiala - PPCB",0.31,7.79,,,,86.26,149.7,,,,8.3,8.5,4.2,7.8,12.1,0.39,,12.39,,2.53,,62.63,,,,,,27.66,7.36,11.15,10.28,0.0,,,0.89,,,,
06-Jan-2019,08:00,06-Jan-2019,08:15,Punjab,Patiala,"Model Town, Patiala - PPCB",0.28,37.37,,,,88.06,146.6,,,,7.4,8.5,4.0,8.0,12.0,0.38,,11.49,,2.55,,62.65,,,,,,27.64,,11.03,10.29,0.0,,,0.88,,,,
06-Jan-2019,08:15,06-Jan-2019,08:30,Punjab,Patiala,"Model Town, Patiala - PPCB",0.36,36.55,,,,86.95,154.62,,,,7.4,9.4,3.8,8.0,11.7,0.39,,11.11,,2.53,,62.7,,,,,,27.51,6.81,10.99,10.27,0.0,,,0.89,,,,
06-Jan-2019,08:30,06-Jan-2019,08:45,Punjab,Patiala,"Model Town, Patiala - PPCB",0.11,352.74,,,,86.74,158.71,,,,7.4,9.5,3.5,8.1,11.5,0.42,,8.85,,2.54,,62.69,,,,,,27.4,6.75,11.07,10.29,0.0,,,0.9,,,,
06-Jan-2019,08:45,06-Jan-2019,09:00,Punjab,Patiala,"Model Town, Patiala - PPCB",0.05,42.59,,,,87.93,159.81,,,,10.2,9.5,3.7,8.3,12.0,0.51,,6.64,,2.53,,62.6,,,,,,27.43,6.69,11.08,10.38,0.0,,,0.91,,,,
06-Jan-2019,09:00,06-Jan-2019,09:15,Punjab,Patiala,"Model Town, Patiala - PPCB",0.15,290.36,,,,88.67,163.49,,,,11.4,9.5,4.0,8.3,12.3,0.55,,5.71,,2.53,,62.61,,,,,,27.43,6.72,11.1,10.32,0.0,,,0.92,,,,
06-Jan-2019,09:15,06-Jan-2019,09:30,Punjab,Patiala,"Model Town, Patiala - PPCB",0.2,289.06,,,,90.27,178.27,,,,11.4,8.5,3.9,8.2,12.1,0.62,,5.26,,2.52,,62.64,,,,,,27.41,6.5,11.06,10.31,0.0,,,0.9,,,,
06-Jan-2019,09:30,06-Jan-2019,09:45,Punjab,Patiala,"Model Town, Patiala - PPCB",0.53,256.56,,,,90.43,224.31,,,,11.4,8.5,3.9,7.9,11.8,0.59,,5.05,,2.52,,62.62,,,,,,27.46,6.55,11.18,10.39,0.0,,,0.89,,,,
06-Jan-2019,09:45,06-Jan-2019,10:00,Punjab,Patiala,"Model Town, Patiala - PPCB",0.31,0.55,,,,87.95,250.36,,,,10.3,8.5,3.7,8.1,11.8,0.56,,4.6,,2.52,,62.64,,,,,,27.46,6.51,11.71,10.41,0.0,,,0.9,,,,
06-Jan-2019,10:00,06-Jan-2019,10:15,Punjab,Patiala,"Model Town, Patiala - PPCB",0.4,9.39,,,,83.51,293.09,,,,9.9,8.5,3.5,8.2,11.7,0.6,,6.09,,2.51,,62.62,,,,,,27.45,6.84,12.37,10.33,0.0,,,0.89,,,,
06-Jan-2019,10:15,06-Jan-2019,10:30,Punjab,Patiala,"Model Town, Patiala - PPCB",0.26,308.96,,,,80.96,344.34,,,,9.9,10.4,4.0,7.9,11.8,0.6,,5.95,,2.52,,62.66,,,,,,27.56,7.47,12.94,10.28,0.0,,,0.88,,,,
06-Jan-2019,10:30,06-Jan-2019,10:45,Punjab,Patiala,"Model Town, Patiala - PPCB",0.26,5.6,,,,78.88,253.55,,,,9.9,10.6,4.3,8.3,12.6,0.55,,5.94,,2.53,,62.68,,,,,,27.53,8.29,13.49,10.27,0.0,,,0.9,,,,
06-Jan-2019,10:45,06-Jan-2019,11:00,Punjab,Patiala,"Model Town, Patiala - PPCB",,,,,,,,,,,,,,,,,,,,,,,,,,,,,,,,,,,,,,,
06-Jan-2019,11:00,06-Jan-2019,11:15,Punjab,Patiala,"Model Town, Patiala - PPCB",,,,,,,,,,,,,,,,,,,,,,,,,,,,,,,,,,,,,,,
06-Jan-2019,11:15,06-Jan-2019,11:30,Punjab,Patiala,"Model Town, Patiala - PPCB",,,,,,,,,,,,,,,,,,,,,,,,,,,,,,,,,,,,,,,
06-Jan-2019,11:30,06-Jan-2019,11:45,Punjab,Patiala,"Model Town, Patiala - PPCB",,,,,,,,,,,,,,,,,,,,,,,,,,,,,,,,,,,,,,,
06-Jan-2019,11:45,06-Jan-2019,12:00,Punjab,Patiala,"Model Town, Patiala - PPCB",,,,,,,,,,,,,,,,,,,,,,,,,,,,,,,,,,,,,,,
06-Jan-2019,12:00,06-Jan-2019,12:15,Punjab,Patiala,"Model Town, Patiala - PPCB",,,,,,,,,,,,,,,,,,,,,,,,,,,,,,,,,,,,,,,
06-Jan-2019,12:15,06-Jan-2019,12:30,Punjab,Patiala,"Model Town, Patiala - PPCB",,,,,,,,,,,,,,,,,,,,,,,,,,,,,,,,,,,,,,,
06-Jan-2019,12:30,06-Jan-2019,12:45,Punjab,Patiala,"Model Town, Patiala - PPCB",,,,,,,,,,,,,,,,,,,,,,,,,,,,,,,,,,,,,,,
06-Jan-2019,12:45,06-Jan-2019,13:00,Punjab,Patiala,"Model Town, Patiala - PPCB",,,,,,,,,,,,,,,,,,,,,,,,,,,,,,,,,,,,,,,
06-Jan-2019,13:00,06-Jan-2019,13:15,Punjab,Patiala,"Model Town, Patiala - PPCB",,,,,,,,,,,,,,,,,,,,,,,,,,,,,,,,,,,,,,,
06-Jan-2019,13:15,06-Jan-2019,13:30,Punjab,Patiala,"Model Town, Patiala - PPCB",,,,,,,,,,,,,,,,,,,,,,,,,,,,,,,,,,,,,,,
06-Jan-2019,13:30,06-Jan-2019,13:45,Punjab,Patiala,"Model Town, Patiala - PPCB",,,,,,,,,,,,,,,,,,,,,,,,,,,,,,,,,,,,,,,
06-Jan-2019,13:45,06-Jan-2019,14:00,Punjab,Patiala,"Model Town, Patiala - PPCB",,,,,,,,,,,,,,,,,,,,,,,,,,,,,,,,,,,,,,,
06-Jan-2019,14:00,06-Jan-2019,14:15,Punjab,Patiala,"Model Town, Patiala - PPCB",,,,,,,,,,,,,,,,,,,,,,,,,,,,,,,,,,,,,,,
06-Jan-2019,14:15,06-Jan-2019,14:30,Punjab,Patiala,"Model Town, Patiala - PPCB",,,,,,,,,,,,,,,,,,,,,,,,,,,,,,,,,,,,,,,
06-Jan-2019,14:30,06-Jan-2019,14:45,Punjab,Patiala,"Model Town, Patiala - PPCB",,,,,,,,,,,,,,,,,,,,,,,,,,,,,,,,,,,,,,,
06-Jan-2019,14:45,06-Jan-2019,15:00,Punjab,Patiala,"Model Town, Patiala - PPCB",,,,,,,,,,,,,,,,,,,,,,,,,,,,,,,,,,,,,,,
06-Jan-2019,15:00,06-Jan-2019,15:15,Punjab,Patiala,"Model Town, Patiala - PPCB",,,,,,,,,,,,,,,,,,,,,,,,,,,,,,,,,,,,,,,
06-Jan-2019,15:15,06-Jan-2019,15:30,Punjab,Patiala,"Model Town, Patiala - PPCB",,,,,,,,,,,,,,,,,,,,,,,,,,,,,,,,,,,,,,,
06-Jan-2019,15:30,06-Jan-2019,15:45,Punjab,Patiala,"Model Town, Patiala - PPCB",,,,,,,,,,,,,,,,,,,,,,,,,,,,,,,,,,,,,,,
06-Jan-2019,15:45,06-Jan-2019,16:00,Punjab,Patiala,"Model Town, Patiala - PPCB",,,,,,,,,,,,,,,,,,,,,,,,,,,,,,,,,,,,,,,
06-Jan-2019,16:00,06-Jan-2019,16:15,Punjab,Patiala,"Model Town, Patiala - PPCB",0.38,323.11,,,,70.84,189.14,,,,5.9,12.2,4.6,7.6,12.2,,,13.97,,0.06,,1.42,,,,,,27.62,,15.93,0.23,0.0,,,0.02,,,,
06-Jan-2019,16:15,06-Jan-2019,16:30,Punjab,Patiala,"Model Town, Patiala - PPCB",0.41,296.36,,,,73.24,181.11,,,,5.9,15.6,3.9,7.7,11.6,0.54,,12.29,,0.0,,0.0,,,,,,27.53,8.87,15.69,0.0,0.0,,,0.0,,,,
06-Jan-2019,16:30,06-Jan-2019,16:45,Punjab,Patiala,"Model Town, Patiala - PPCB",0.46,268.46,,,,74.26,166.82,,,,5.9,15.9,3.5,8.1,11.6,0.52,,12.72,,2.08,,51.8,,,,,,27.42,8.61,15.36,8.49,0.0,,,0.76,,,,
06-Jan-2019,16:45,06-Jan-2019,17:00,Punjab,Patiala,"Model Town, Patiala - PPCB",0.62,256.64,,,,77.94,158.1,,,,46.4,15.9,4.2,8.2,12.3,0.55,,11.19,,2.55,,62.7,,,,,,27.5,8.01,15.02,10.28,0.0,,,0.9,,,,
06-Jan-2019,17:00,06-Jan-2019,17:15,Punjab,Patiala,"Model Town, Patiala - PPCB",0.35,285.53,,,,80.31,145.43,,,,62.8,15.9,4.1,8.2,12.4,0.59,,8.29,,2.56,,62.71,,,,,,27.52,7.4,14.72,10.27,0.0,,,0.89,,,,
06-Jan-2019,17:15,06-Jan-2019,17:30,Punjab,Patiala,"Model Town, Patiala - PPCB",0.22,260.84,,,,81.74,132.31,,,,62.8,14.0,4.0,7.8,11.9,0.67,,7.32,,2.53,,62.69,,,,,,27.54,7.09,14.16,10.29,0.0,,,0.88,,,,
06-Jan-2019,17:30,06-Jan-2019,17:45,Punjab,Patiala,"Model Town, Patiala - PPCB",0.3,255.96,,,,85.3,129.58,,,,62.8,13.8,4.5,7.8,12.3,0.72,,5.35,,2.51,,62.68,,,,,,27.53,6.52,13.5,10.32,0.0,,,0.89,,,,
06-Jan-2019,17:45,06-Jan-2019,18:00,Punjab,Patiala,"Model Town, Patiala - PPCB",0.19,237.87,,,,89.07,122.43,,,,70.9,13.8,4.6,7.9,12.5,0.82,,2.74,,2.52,,62.68,,,,,,27.53,6.16,12.96,10.38,0.0,,,0.9,,,,
06-Jan-2019,18:00,06-Jan-2019,18:15,Punjab,Patiala,"Model Town, Patiala - PPCB",0.19,227.28,,,,92.88,128.86,,,,74.2,13.8,4.2,8.0,12.2,0.86,,2.52,,2.52,,62.64,,,,,,27.46,5.9,12.49,10.38,0.0,,,0.9,,,,
06-Jan-2019,18:15,06-Jan-2019,18:30,Punjab,Patiala,"Model Town, Patiala - PPCB",0.19,204.46,,,,94.38,128.55,,,,74.2,15.9,4.2,8.3,12.6,0.97,,2.05,,2.52,,62.7,,,,,,27.43,5.72,12.15,10.3,0.0,,,0.9,,,,
06-Jan-2019,18:30,06-Jan-2019,18:45,Punjab,Patiala,"Model Town, Patiala - PPCB",0.1,167.15,,,,94.56,134.56,,,,74.2,16.1,3.9,8.5,12.3,0.95,,2.04,,2.51,,62.83,,,,,,27.43,5.53,11.84,10.36,0.0,,,0.88,,,,
06-Jan-2019,18:45,06-Jan-2019,19:00,Punjab,Patiala,"Model Town, Patiala - PPCB",0.36,239.44,,,,94.56,132.68,,,,79.6,16.1,4.0,8.3,12.3,1.03,,1.88,,2.51,,62.77,,,,,,27.44,5.51,11.66,10.39,0.0,,,0.88,,,,
06-Jan-2019,19:00,06-Jan-2019,19:15,Punjab,Patiala,"Model Town, Patiala - PPCB",0.16,178.53,,,,94.68,133.56,,,,81.8,16.1,4.0,8.3,12.3,1.16,,1.75,,2.51,,62.64,,,,,,27.47,5.39,11.39,10.35,0.0,,,0.89,,,,
06-Jan-2019,19:15,06-Jan-2019,19:30,Punjab,Patiala,"Model Town, Patiala - PPCB",0.22,252.24,,,,94.81,134.47,,,,81.8,18.0,4.1,8.0,12.0,1.13,,1.78,,2.52,,62.63,,,,,,27.6,5.34,11.22,10.32,0.0,,,0.9,,,,
06-Jan-2019,19:30,06-Jan-2019,19:45,Punjab,Patiala,"Model Town, Patiala - PPCB",0.12,200.59,,,,94.57,135.78,,,,81.8,18.1,3.8,7.9,11.7,1.19,,1.73,,2.51,,62.68,,,,,,27.45,5.26,11.07,10.34,0.0,,,0.92,,,,
06-Jan-2019,19:45,06-Jan-2019,20:00,Punjab,Patiala,"Model Town, Patiala - PPCB",0.19,225.51,,,,94.57,136.42,,,,86.6,18.1,4.4,7.8,12.2,1.18,,1.72,,2.52,,62.69,,,,,,27.45,5.11,10.88,10.46,0.0,,,0.9,,,,
06-Jan-2019,20:00,06-Jan-2019,20:15,Punjab,Patiala,"Model Town, Patiala - PPCB",0.2,217.42,,,,94.6,138.05,,,,88.6,18.1,4.1,7.6,11.8,1.11,,1.69,,2.53,,62.68,,,,,,27.52,,10.71,10.47,0.0,,,0.87,,,,
06-Jan-2019,20:15,06-Jan-2019,20:30,Punjab,Patiala,"Model Town, Patiala - PPCB",0.18,201.06,,,,94.92,137.21,,,,88.6,22.5,3.8,7.6,11.4,1.25,,1.73,,2.53,,62.67,,,,,,27.47,6.54,10.51,10.34,0.0,,,0.89,,,,
06-Jan-2019,20:30,06-Jan-2019,20:45,Punjab,Patiala,"Model Town, Patiala - PPCB",0.14,154.97,,,,94.94,140.74,,,,88.6,22.9,4.1,8.0,12.1,1.15,,1.73,,2.54,,62.7,,,,,,27.44,6.65,10.31,10.33,0.0,,,0.9,,,,
06-Jan-2019,20:45,06-Jan-2019,21:00,Punjab,Patiala,"Model Town, Patiala - PPCB",0.08,172.33,,,,94.94,138.36,,,,249.1,22.9,3.5,8.2,11.6,1.1,,1.72,,2.54,,62.7,,,,,,27.41,6.32,10.22,10.27,0.0,,,0.88,,,,
06-Jan-2019,21:00,06-Jan-2019,21:15,Punjab,Patiala,"Model Town, Patiala - PPCB",0.22,234.99,,,,94.96,140.08,,,,317.8,22.9,4.3,7.9,12.1,1.18,,1.7,,2.52,,62.69,,,,,,27.48,6.3,10.09,10.31,0.0,,,0.89,,,,
06-Jan-2019,21:15,06-Jan-2019,21:30,Punjab,Patiala,"Model Town, Patiala - PPCB",0.16,228.41,,,,94.96,141.31,,,,317.8,23.1,3.9,8.1,12.0,1.04,,1.68,,2.53,,62.74,,,,,,27.34,6.13,9.95,10.38,0.0,,,0.9,,,,
06-Jan-2019,21:30,06-Jan-2019,21:45,Punjab,Patiala,"Model Town, Patiala - PPCB",0.12,99.18,,,,94.97,140.23,,,,317.8,23.2,4.0,8.2,12.2,1.01,,1.68,,2.52,,62.76,,,,,,27.46,6.05,9.88,10.35,0.0,,,0.89,,,,
06-Jan-2019,21:45,06-Jan-2019,22:00,Punjab,Patiala,"Model Town, Patiala - PPCB",0.36,250.44,,,,94.96,141.57,,,,241.5,23.2,3.9,7.9,11.9,0.93,,1.68,,2.51,,62.71,,,,,,27.46,5.88,9.8,10.34,0.0,,,0.89,,,,
06-Jan-2019,22:00,06-Jan-2019,22:15,Punjab,Patiala,"Model Town, Patiala - PPCB",0.2,196.36,,,,94.96,138.08,,,,210.5,23.2,4.2,7.9,12.1,0.89,,1.68,,2.53,,62.68,,,,,,27.49,5.79,9.57,10.32,0.0,,,0.91,,,,
06-Jan-2019,22:15,06-Jan-2019,22:30,Punjab,Patiala,"Model Town, Patiala - PPCB",0.13,161.38,,,,95.06,140.51,,,,210.5,23.1,3.8,7.9,11.6,0.84,,1.68,,2.54,,62.67,,,,,,27.41,5.61,9.48,10.33,0.0,,,0.92,,,,
06-Jan-2019,22:30,06-Jan-2019,22:45,Punjab,Patiala,"Model Town, Patiala - PPCB",0.14,191.64,,,,95.21,141.08,,,,210.5,23.1,3.3,8.0,11.3,0.75,,1.68,,2.53,,62.66,,,,,,27.29,5.58,9.44,10.33,0.0,,,0.91,,,,
06-Jan-2019,22:45,06-Jan-2019,23:00,Punjab,Patiala,"Model Town, Patiala - PPCB",0.44,237.31,,,,95.33,143.6,,,,202.8,23.1,3.8,7.9,11.6,0.7,,1.72,,2.52,,62.71,,,,,,27.47,5.47,9.49,10.38,0.0,,,0.9,,,,
06-Jan-2019,23:00,06-Jan-2019,23:15,Punjab,Patiala,"Model Town, Patiala - PPCB",0.36,253.81,,,,95.32,139.9,,,,199.7,23.1,3.7,7.8,11.5,0.67,,1.9,,2.53,,62.72,,,,,,27.42,5.41,9.67,10.39,0.0,,,0.9,,,,
06-Jan-2019,23:15,06-Jan-2019,23:30,Punjab,Patiala,"Model Town, Patiala - PPCB",0.06,180.26,,,,95.25,141.64,,,,199.7,18.7,3.5,8.0,11.4,0.65,,2.01,,2.56,,62.7,,,,,,27.33,5.58,9.51,10.36,0.0,,,0.9,,,,
06-Jan-2019,23:30,06-Jan-2019,23:45,Punjab,Patiala,"Model Town, Patiala - PPCB",0.3,242.28,,,,95.26,140.12,,,,199.7,18.3,3.9,8.0,11.9,0.67,,1.88,,2.56,,62.82,,,,,,27.43,5.54,9.38,10.41,0.0,,,0.93,,,,
06-Jan-2019,23:45,07-Jan-2019,00:00,Punjab,Patiala,"Model Town, Patiala - PPCB",0.21,227.82,,,,95.27,137.6,,,,117.4,18.3,3.9,7.9,11.8,0.67,,1.82,,2.56,,62.82,,,,,,27.52,5.54,9.17,10.38,0.0,,,0.91,,,,
07-Jan-2019,00:00,07-Jan-2019,00:15,Punjab,Patiala,"Model Town, Patiala - PPCB",0.3,246.31,,,,95.27,144.25,,,,84.0,18.3,4.0,7.8,11.7,0.64,,1.88,,2.54,,62.7,,,,,,27.53,,9.1,10.33,0.0,,,0.89,,,,
07-Jan-2019,00:15,07-Jan-2019,00:30,Punjab,Patiala,"Model Town, Patiala - PPCB",0.01,262.72,,,,95.27,142.31,,,,84.0,18.0,3.9,7.9,11.7,0.65,,1.86,,2.51,,62.71,,,,,,27.48,5.45,8.96,10.28,0.0,,,0.89,,,,
07-Jan-2019,00:30,07-Jan-2019,00:45,Punjab,Patiala,"Model Town, Patiala - PPCB",0.48,256.22,,,,95.26,146.69,,,,84.0,18.0,4.2,8.0,12.2,0.64,,1.97,,2.51,,62.76,,,,,,27.52,5.3,8.92,10.27,0.0,,,0.9,,,,
07-Jan-2019,00:45,07-Jan-2019,01:00,Punjab,Patiala,"Model Town, Patiala - PPCB",0.37,261.26,,,,95.26,142.13,,,,119.4,18.0,3.9,8.0,11.9,0.62,,2.15,,2.54,,62.82,,,,,,27.53,5.34,8.81,10.36,0.0,,,0.9,,,,
07-Jan-2019,01:00,07-Jan-2019,01:15,Punjab,Patiala,"Model Town, Patiala - PPCB",0.05,188.52,,,,95.26,140.31,,,,133.8,18.0,3.4,7.9,11.3,0.6,,2.15,,2.55,,62.73,,,,,,27.52,5.32,8.66,10.37,0.0,,,0.89,,,,
07-Jan-2019,01:15,07-Jan-2019,01:30,Punjab,Patiala,"Model Town, Patiala - PPCB",0.18,275.48,,,,95.26,142.71,,,,133.8,17.3,3.4,8.0,11.4,0.6,,2.17,,2.52,,62.74,,,,,,27.51,5.38,8.69,10.46,0.0,,,0.89,,,,
07-Jan-2019,01:30,07-Jan-2019,01:45,Punjab,Patiala,"Model Town, Patiala - PPCB",0.34,252.79,,,,95.27,140.45,,,,133.8,17.3,4.2,7.9,12.1,0.61,,2.44,,2.54,,62.81,,,,,,27.51,5.36,8.69,10.42,0.0,,,0.88,,,,
07-Jan-2019,01:45,07-Jan-2019,02:00,Punjab,Patiala,"Model Town, Patiala - PPCB",0.31,265.24,,,,95.26,142.04,,,,96.3,17.3,3.8,8.3,12.2,0.62,,2.33,,2.52,,62.78,,,,,,27.4,5.38,8.68,10.27,0.0,,,0.9,,,,
07-Jan-2019,02:00,07-Jan-2019,02:15,Punjab,Patiala,"Model Town, Patiala - PPCB",0.29,271.26,,,,95.26,141.86,,,,80.2,17.3,3.7,8.5,12.3,0.66,,2.05,,2.53,,62.73,,,,,,27.44,5.49,8.56,10.31,0.0,,,0.91,,,,
07-Jan-2019,02:15,07-Jan-2019,02:30,Punjab,Patiala,"Model Town, Patiala - PPCB",0.41,262.39,,,,95.26,143.39,,,,80.2,16.6,3.8,8.4,12.3,0.69,,1.85,,2.57,,62.65,,,,,,27.48,5.61,8.5,10.3,0.0,,,0.92,,,,
07-Jan-2019,02:30,07-Jan-2019,02:45,Punjab,Patiala,"Model Town, Patiala - PPCB",0.41,278.99,,,,95.26,144.09,,,,80.2,16.5,3.9,8.0,11.9,0.74,,1.69,,2.59,,62.68,,,,,,27.48,5.85,8.44,10.37,0.0,,,0.92,,,,
07-Jan-2019,02:45,07-Jan-2019,03:00,Punjab,Patiala,"Model Town, Patiala - PPCB",0.46,276.11,,,,95.27,143.89,,,,94.5,16.5,3.8,8.3,12.0,0.78,,1.68,,2.54,,62.7,,,,,,27.44,6.14,8.33,10.37,0.0,,,0.88,,,,
07-Jan-2019,03:00,07-Jan-2019,03:15,Punjab,Patiala,"Model Town, Patiala - PPCB",0.47,273.76,,,,95.15,144.25,,,,100.6,16.5,3.5,8.2,11.7,0.81,,1.68,,2.51,,62.66,,,,,,27.32,6.31,8.19,10.31,0.0,,,0.89,,,,
07-Jan-2019,03:15,07-Jan-2019,03:30,Punjab,Patiala,"Model Town, Patiala - PPCB",0.53,268.92,,,,95.03,143.88,,,,100.6,16.9,3.2,8.4,11.5,0.75,,1.68,,2.52,,62.73,,,,,,27.28,6.36,8.13,10.29,0.0,,,0.89,,,,
07-Jan-2019,03:30,07-Jan-2019,03:45,Punjab,Patiala,"Model Town, Patiala - PPCB",0.55,266.92,,,,95.02,142.78,,,,100.6,16.9,3.6,8.4,12.0,0.69,,1.83,,2.53,,62.71,,,,,,27.28,6.7,8.08,10.26,0.0,,,0.88,,,,
07-Jan-2019,03:45,07-Jan-2019,04:00,Punjab,Patiala,"Model Town, Patiala - PPCB",0.32,288.75,,,,94.98,141.05,,,,286.9,16.9,4.1,7.9,12.1,0.61,,2.47,,2.53,,62.64,,,,,,27.48,7.09,8.13,10.26,0.0,,,0.9,,,,
07-Jan-2019,04:00,07-Jan-2019,04:15,Punjab,Patiala,"Model Town, Patiala - PPCB",0.64,262.0,,,,94.96,140.58,,,,362.6,16.9,4.1,7.9,12.0,0.53,,3.39,,2.52,,62.6,,,,,,27.57,,8.05,10.27,0.0,,,0.89,,,,
07-Jan-2019,04:15,07-Jan-2019,04:30,Punjab,Patiala,"Model Town, Patiala - PPCB",0.4,264.44,,,,94.96,138.56,,,,362.6,21.9,4.1,7.9,12.0,0.54,,3.59,,2.51,,62.63,,,,,,27.38,6.96,7.91,10.29,0.0,,,0.89,,,,
07-Jan-2019,04:30,07-Jan-2019,04:45,Punjab,Patiala,"Model Town, Patiala - PPCB",0.27,277.62,,,,94.96,138.17,,,,362.6,22.3,4.1,8.2,12.3,0.52,,3.5,,2.52,,62.7,,,,,,27.32,7.11,7.78,10.31,0.0,,,0.88,,,,
07-Jan-2019,04:45,07-Jan-2019,05:00,Punjab,Patiala,"Model Town, Patiala - PPCB",0.14,290.75,,,,94.96,137.78,,,,343.3,22.3,4.0,8.3,12.3,0.52,,3.21,,2.53,,62.72,,,,,,27.35,6.93,7.58,10.32,0.0,,,0.88,,,,
07-Jan-2019,05:00,07-Jan-2019,05:15,Punjab,Patiala,"Model Town, Patiala - PPCB",0.34,237.54,,,,94.98,139.89,,,,335.5,22.3,4.2,8.0,12.3,0.54,,2.86,,2.53,,62.71,,,,,,27.56,7.07,7.31,10.32,0.0,,,0.88,,,,
07-Jan-2019,05:15,07-Jan-2019,05:30,Punjab,Patiala,"Model Town, Patiala - PPCB",0.45,254.41,,,,94.99,140.33,,,,335.5,22.3,4.3,8.2,12.5,0.59,,2.22,,2.52,,62.66,,,,,,27.53,7.18,7.2,10.3,0.0,,,0.88,,,,
07-Jan-2019,05:30,07-Jan-2019,05:45,Punjab,Patiala,"Model Town, Patiala - PPCB",0.37,242.71,,,,94.99,139.11,,,,335.5,22.3,4.3,7.8,12.1,0.62,,2.2,,2.51,,62.69,,,,,,27.54,7.4,7.13,10.29,0.0,,,0.9,,,,
07-Jan-2019,05:45,07-Jan-2019,06:00,Punjab,Patiala,"Model Town, Patiala - PPCB",0.38,248.67,,,,94.99,138.85,,,,255.2,22.3,4.1,7.5,11.6,0.63,,2.1,,2.51,,62.68,,,,,,27.6,7.56,6.96,10.38,0.0,,,0.89,,,,
07-Jan-2019,06:00,07-Jan-2019,06:15,Punjab,Patiala,"Model Town, Patiala - PPCB",0.17,174.45,,,,94.99,139.29,,,,220.8,22.3,3.8,7.9,11.6,0.65,,1.84,,2.51,,62.67,,,,,,27.48,7.63,6.83,10.39,0.0,,,0.88,,,,
07-Jan-2019,06:15,07-Jan-2019,06:30,Punjab,Patiala,"Model Town, Patiala - PPCB",0.49,248.32,,,,94.99,143.91,,,,220.8,28.1,3.8,8.1,11.9,0.64,,1.87,,2.53,,62.65,,,,,,27.43,7.78,6.79,10.26,0.0,,,0.88,,,,
07-Jan-2019,06:30,07-Jan-2019,06:45,Punjab,Patiala,"Model Town, Patiala - PPCB",0.3,234.08,,,,95.0,139.23,,,,220.8,28.6,4.0,8.2,12.2,0.67,,1.76,,2.53,,62.67,,,,,,27.37,7.57,6.65,10.26,0.0,,,0.88,,,,
07-Jan-2019,06:45,07-Jan-2019,07:00,Punjab,Patiala,"Model Town, Patiala - PPCB",0.32,237.77,,,,95.01,140.28,,,,196.6,28.6,3.4,8.2,11.6,0.76,,1.68,,2.51,,62.71,,,,,,27.44,7.56,6.53,10.27,0.0,,,0.88,,,,
07-Jan-2019,07:00,07-Jan-2019,07:15,Punjab,Patiala,"Model Town, Patiala - PPCB",0.25,233.83,,,,95.03,143.44,,,,186.8,28.6,3.3,8.1,11.4,0.73,,1.68,,2.51,,62.66,,,,,,27.46,7.66,6.5,10.25,0.0,,,0.88,,,,
07-Jan-2019,07:15,07-Jan-2019,07:30,Punjab,Patiala,"Model Town, Patiala - PPCB",0.3,89.07,,,,95.03,147.85,,,,186.8,29.9,3.7,8.0,11.7,0.67,,1.68,,2.51,,62.69,,,,,,27.42,7.42,6.36,10.29,0.0,,,0.89,,,,
07-Jan-2019,07:30,07-Jan-2019,07:45,Punjab,Patiala,"Model Town, Patiala - PPCB",0.43,252.44,,,,95.03,157.52,,,,186.8,30.1,4.2,7.7,11.9,0.74,,1.7,,2.51,,62.67,,,,,,27.5,7.65,6.39,10.31,0.0,,,0.88,,,,
07-Jan-2019,07:45,07-Jan-2019,08:00,Punjab,Patiala,"Model Town, Patiala - PPCB",,,,,,,,,,,,,,,,,,,,,,,,,,,,,,,,,,,,,,,
07-Jan-2019,08:00,07-Jan-2019,08:15,Punjab,Patiala,"Model Town, Patiala - PPCB",,,,,,,,,,,,,,,,,,,,,,,,,,,,,,,,,,,,,,,
07-Jan-2019,08:15,07-Jan-2019,08:30,Punjab,Patiala,"Model Town, Patiala - PPCB",,,,,,,,,,,,,,,,,,,,,,,,,,,,,,,,,,,,,,,
07-Jan-2019,08:30,07-Jan-2019,08:45,Punjab,Patiala,"Model Town, Patiala - PPCB",,,,,,,,,,,,,,,,,,,,,,,,,,,,,,,,,,,,,,,
07-Jan-2019,08:45,07-Jan-2019,09:00,Punjab,Patiala,"Model Town, Patiala - PPCB",,,,,,,,,,,,,,,,,,,,,,,,,,,,,,,,,,,,,,,
07-Jan-2019,09:00,07-Jan-2019,09:15,Punjab,Patiala,"Model Town, Patiala - PPCB",,,,,,,,,,,,,,,,,,,,,,,,,,,,,,,,,,,,,,,
07-Jan-2019,09:15,07-Jan-2019,09:30,Punjab,Patiala,"Model Town, Patiala - PPCB",,,,,,,,,,,,,,,,,,,,,,,,,,,,,,,,,,,,,,,
07-Jan-2019,09:30,07-Jan-2019,09:45,Punjab,Patiala,"Model Town, Patiala - PPCB",,,,,,,,,,,,,,,,,,,,,,,,,,,,,,,,,,,,,,,
07-Jan-2019,09:45,07-Jan-2019,10:00,Punjab,Patiala,"Model Town, Patiala - PPCB",0.15,222.47,,,,95.02,172.77,,,,195.9,30.1,3.8,8.0,11.8,0.82,,1.68,,2.51,,62.6,,,,,,27.44,7.62,6.47,10.28,0.0,,,0.87,,,,
07-Jan-2019,10:00,07-Jan-2019,10:15,Punjab,Patiala,"Model Town, Patiala - PPCB",0.89,258.46,,,,84.27,351.47,,,,122.4,33.4,4.2,8.1,12.3,,,4.9,,2.51,,62.64,,,,,,27.46,,11.71,10.3,0.0,,,0.89,,,,
07-Jan-2019,10:15,07-Jan-2019,10:30,Punjab,Patiala,"Model Town, Patiala - PPCB",0.65,262.31,,,,81.15,455.3,,,,122.4,34.4,4.0,7.9,11.9,0.78,,5.71,,2.51,,62.66,,,,,,27.47,25.56,12.3,10.29,0.0,,,0.9,,,,
07-Jan-2019,10:30,07-Jan-2019,10:45,Punjab,Patiala,"Model Town, Patiala - PPCB",0.55,260.82,,,,76.46,387.63,,,,122.4,34.4,4.0,7.9,12.0,0.81,,3.53,,2.51,,62.7,,,,,,27.34,29.87,13.39,10.24,0.0,,,0.88,,,,
07-Jan-2019,10:45,07-Jan-2019,11:00,Punjab,Patiala,"Model Town, Patiala - PPCB",0.74,260.71,,,,75.24,508.79,,,,221.9,34.4,4.0,7.9,11.9,0.73,,3.97,,2.51,,62.67,,,,,,27.37,33.14,13.86,10.29,0.0,,,0.87,,,,
07-Jan-2019,11:00,07-Jan-2019,11:15,Punjab,Patiala,"Model Town, Patiala - PPCB",1.08,254.91,,,,73.57,627.71,,,,223.0,34.0,4.0,8.1,12.1,0.66,,4.99,,2.52,,62.6,,,,,,27.45,31.41,13.93,10.29,0.0,,,0.88,,,,
07-Jan-2019,11:15,07-Jan-2019,11:30,Punjab,Patiala,"Model Town, Patiala - PPCB",1.02,254.44,,,,72.32,509.67,,,,223.0,32.4,3.7,8.1,11.8,0.62,,6.13,,2.52,,62.61,,,,,,27.41,26.92,14.36,10.29,0.0,,,0.88,,,,
07-Jan-2019,11:30,07-Jan-2019,11:45,Punjab,Patiala,"Model Town, Patiala - PPCB",0.76,259.85,,,,70.53,591.29,,,,223.0,32.4,3.6,8.1,11.7,0.62,,6.28,,2.52,,62.67,,,,,,27.36,25.64,15.06,10.3,0.0,,,0.88,,,,
07-Jan-2019,11:45,07-Jan-2019,12:00,Punjab,Patiala,"Model Town, Patiala - PPCB",1.12,254.47,,,,66.22,495.86,,,,32.2,32.4,3.8,7.9,11.7,0.57,,6.88,,2.51,,62.64,,,,,,27.4,24.75,15.68,10.28,0.0,,,0.88,,,,
07-Jan-2019,12:00,07-Jan-2019,12:15,Punjab,Patiala,"Model Town, Patiala - PPCB",1.13,257.24,,,,64.09,669.29,,,,30.0,32.4,4.0,8.1,12.1,0.5,,9.35,,2.51,,62.62,,,,,,27.4,,15.74,10.24,0.0,,,0.88,,,,
07-Jan-2019,12:15,07-Jan-2019,12:30,Punjab,Patiala,"Model Town, Patiala - PPCB",0.75,261.98,,,,60.46,621.37,,,,30.0,32.1,4.0,7.8,11.8,0.5,,10.0,,2.52,,62.62,,,,,,27.42,21.14,16.71,10.26,0.0,,,0.89,,,,
07-Jan-2019,12:30,07-Jan-2019,12:45,Punjab,Patiala,"Model Town, Patiala - PPCB",1.03,255.22,,,,58.18,598.63,,,,30.0,32.1,3.9,7.9,11.7,0.45,,12.14,,2.73,,62.66,,,,,,27.47,19.13,16.8,10.23,0.0,,,0.88,,,,
07-Jan-2019,12:45,07-Jan-2019,13:00,Punjab,Patiala,"Model Town, Patiala - PPCB",0.91,259.71,,,,57.48,275.24,,,,85.9,32.1,3.9,7.9,11.8,0.45,,15.03,,2.57,,62.67,,,,,,27.43,19.41,17.01,10.51,0.0,,,0.92,,,,
07-Jan-2019,13:00,07-Jan-2019,13:15,Punjab,Patiala,"Model Town, Patiala - PPCB",0.87,258.52,,,,58.92,244.53,,,,86.5,30.7,4.2,8.0,12.2,0.43,,15.6,,2.54,,62.71,,,,,,27.46,19.29,16.7,10.38,0.0,,,0.91,,,,
07-Jan-2019,13:15,07-Jan-2019,13:30,Punjab,Patiala,"Model Town, Patiala - PPCB",0.91,263.83,,,,56.65,244.9,,,,86.5,25.6,4.3,7.9,12.2,0.41,,11.61,,2.53,,62.73,,,,,,27.47,15.92,16.89,10.35,0.0,,,0.94,,,,
07-Jan-2019,13:30,07-Jan-2019,13:45,Punjab,Patiala,"Model Town, Patiala - PPCB",1.15,251.07,,,,56.72,245.37,,,,86.5,25.6,4.6,8.0,12.5,0.38,,11.96,,2.53,,62.67,,,,,,27.49,14.47,16.69,10.42,0.0,,,0.94,,,,
07-Jan-2019,13:45,07-Jan-2019,14:00,Punjab,Patiala,"Model Town, Patiala - PPCB",1.0,253.01,,,,55.89,242.48,,,,79.2,25.6,4.4,7.8,12.2,0.36,,13.27,,2.52,,62.67,,,,,,27.41,14.04,16.87,10.33,0.0,,,0.89,,,,
07-Jan-2019,14:00,07-Jan-2019,14:15,Punjab,Patiala,"Model Town, Patiala - PPCB",0.99,254.5,,,,54.59,235.33,,,,79.1,25.1,4.3,8.0,12.3,0.35,,13.41,,2.53,,62.64,,,,,,27.39,13.13,17.06,10.29,0.0,,,0.89,,,,
07-Jan-2019,14:15,07-Jan-2019,14:30,Punjab,Patiala,"Model Town, Patiala - PPCB",1.14,254.08,,,,55.34,235.48,,,,79.1,23.3,4.0,8.0,12.0,0.35,,14.65,,2.53,,62.68,,,,,,27.32,11.7,16.93,10.32,0.0,,,0.88,,,,
07-Jan-2019,14:30,07-Jan-2019,14:45,Punjab,Patiala,"Model Town, Patiala - PPCB",0.38,303.23,,,,56.47,224.88,,,,79.1,23.3,3.6,8.2,11.8,0.37,,13.42,,2.52,,62.62,,,,,,27.39,11.07,17.3,10.28,0.0,,,0.88,,,,
07-Jan-2019,14:45,07-Jan-2019,15:00,Punjab,Patiala,"Model Town, Patiala - PPCB",0.44,275.38,,,,57.33,216.12,,,,36.5,23.3,4.1,8.2,12.3,0.36,,14.38,,2.53,,62.74,,,,,,27.48,10.93,17.28,10.23,0.0,,,0.88,,,,
07-Jan-2019,15:00,07-Jan-2019,15:15,Punjab,Patiala,"Model Town, Patiala - PPCB",0.55,279.31,,,,57.64,209.87,,,,36.0,22.3,4.2,8.0,12.2,0.35,,13.63,,2.51,,62.72,,,,,,27.44,11.11,17.29,10.29,0.0,,,0.89,,,,
07-Jan-2019,15:15,07-Jan-2019,15:30,Punjab,Patiala,"Model Town, Patiala - PPCB",1.03,254.83,,,,56.43,207.14,,,,36.0,18.8,3.8,8.1,11.9,0.34,,14.34,,2.52,,62.66,,,,,,27.51,10.72,17.21,10.42,0.0,,,0.87,,,,
07-Jan-2019,15:30,07-Jan-2019,15:45,Punjab,Patiala,"Model Town, Patiala - PPCB",0.94,256.52,,,,56.92,199.53,,,,36.0,18.8,4.4,7.8,12.1,0.32,,15.1,,2.51,,62.65,,,,,,27.68,10.31,17.11,10.35,0.0,,,0.89,,,,
07-Jan-2019,15:45,07-Jan-2019,16:00,Punjab,Patiala,"Model Town, Patiala - PPCB",0.92,253.69,,,,58.34,191.19,,,,52.5,18.8,4.0,7.5,11.5,0.36,,13.48,,2.54,,62.71,,,,,,27.58,10.09,17.01,10.25,0.0,,,0.91,,,,
07-Jan-2019,16:00,07-Jan-2019,16:15,Punjab,Patiala,"Model Town, Patiala - PPCB",0.91,254.27,,,,58.06,181.14,,,,52.6,18.5,3.7,8.0,11.7,0.46,,12.5,,2.52,,62.66,,,,,,27.48,,16.88,10.32,0.0,,,0.9,,,,
07-Jan-2019,16:15,07-Jan-2019,16:30,Punjab,Patiala,"Model Town, Patiala - PPCB",0.8,251.5,,,,60.03,172.81,,,,52.6,17.5,4.2,7.9,12.1,0.46,,12.02,,2.52,,62.66,,,,,,27.51,10.18,16.73,10.34,0.0,,,0.9,,,,
07-Jan-2019,16:30,07-Jan-2019,16:45,Punjab,Patiala,"Model Town, Patiala - PPCB",1.18,250.22,,,,61.66,170.64,,,,52.6,17.5,4.2,7.7,11.9,0.5,,11.6,,2.53,,62.75,,,,,,27.56,10.33,16.47,10.33,0.0,,,0.93,,,,
07-Jan-2019,16:45,07-Jan-2019,17:00,Punjab,Patiala,"Model Town, Patiala - PPCB",0.88,248.95,,,,63.48,161.27,,,,50.5,17.5,4.5,7.7,12.1,0.55,,12.67,,2.51,,62.78,,,,,,27.44,10.52,16.16,10.31,0.0,,,0.91,,,,
07-Jan-2019,17:00,07-Jan-2019,17:15,Punjab,Patiala,"Model Town, Patiala - PPCB",0.42,246.54,,,,65.63,135.4,,,,50.5,17.5,4.1,7.7,11.9,0.61,,9.17,,2.53,,62.65,,,,,,27.53,10.64,15.77,10.3,0.0,,,0.91,,,,
07-Jan-2019,17:15,07-Jan-2019,17:30,Punjab,Patiala,"Model Town, Patiala - PPCB",0.05,227.02,,,,71.1,122.66,,,,50.5,17.2,4.0,7.7,11.8,0.81,,6.91,,2.53,,62.81,,,,,,27.52,9.91,14.99,10.3,0.0,,,0.9,,,,
07-Jan-2019,17:30,07-Jan-2019,17:45,Punjab,Patiala,"Model Town, Patiala - PPCB",0.45,246.3,,,,74.5,119.35,,,,50.5,17.2,3.7,8.0,11.7,0.84,,5.61,,2.51,,62.66,,,,,,27.28,9.85,14.4,10.31,0.0,,,0.89,,,,
07-Jan-2019,17:45,07-Jan-2019,18:00,Punjab,Patiala,"Model Town, Patiala - PPCB",0.47,243.78,,,,76.93,120.75,,,,96.3,17.2,3.8,8.2,12.0,0.78,,7.32,,2.5,,62.77,,,,,,27.31,9.55,13.95,10.38,0.0,,,0.88,,,,
07-Jan-2019,18:00,07-Jan-2019,18:15,Punjab,Patiala,"Model Town, Patiala - PPCB",0.78,246.87,,,,77.71,128.18,,,,96.8,17.0,3.8,8.1,11.9,0.95,,6.51,,2.51,,62.73,,,,,,27.32,9.22,13.8,10.37,0.0,,,0.89,,,,
07-Jan-2019,18:15,07-Jan-2019,18:30,Punjab,Patiala,"Model Town, Patiala - PPCB",0.85,252.12,,,,77.72,130.61,,,,96.8,16.1,3.3,8.4,11.8,0.87,,10.81,,2.51,,62.68,,,,,,27.36,9.0,13.77,10.25,0.0,,,0.88,,,,
07-Jan-2019,18:30,07-Jan-2019,18:45,Punjab,Patiala,"Model Town, Patiala - PPCB",0.66,254.58,,,,77.38,123.67,,,,96.8,16.1,2.9,8.4,11.4,0.82,,10.4,,2.51,,62.62,,,,,,27.32,8.64,13.55,10.26,0.0,,,0.89,,,,
07-Jan-2019,18:45,07-Jan-2019,19:00,Punjab,Patiala,"Model Town, Patiala - PPCB",0.59,248.8,,,,79.22,125.03,,,,123.8,16.1,3.2,8.2,11.5,0.8,,9.65,,2.52,,62.77,,,,,,27.21,8.4,13.19,10.28,0.0,,,0.88,,,,
07-Jan-2019,19:00,07-Jan-2019,19:15,Punjab,Patiala,"Model Town, Patiala - PPCB",0.43,244.69,,,,81.53,130.16,,,,124.2,16.3,3.2,8.3,11.6,0.85,,8.89,,2.53,,62.69,,,,,,27.27,8.05,12.89,10.29,0.0,,,0.88,,,,
07-Jan-2019,19:15,07-Jan-2019,19:30,Punjab,Patiala,"Model Town, Patiala - PPCB",0.59,244.67,,,,80.93,137.82,,,,124.2,17.4,3.3,8.1,11.4,0.81,,8.89,,2.51,,62.64,,,,,,27.5,7.92,12.79,10.3,0.0,,,0.89,,,,
07-Jan-2019,19:30,07-Jan-2019,19:45,Punjab,Patiala,"Model Town, Patiala - PPCB",0.9,252.96,,,,81.65,135.12,,,,124.2,17.4,4.0,7.7,11.7,0.89,,6.33,,2.51,,62.65,,,,,,27.56,7.78,12.65,10.32,0.0,,,0.88,,,,
07-Jan-2019,19:45,07-Jan-2019,20:00,Punjab,Patiala,"Model Town, Patiala - PPCB",0.7,252.39,,,,82.42,125.95,,,,109.5,17.4,3.9,7.9,11.7,0.74,,7.74,,2.51,,62.64,,,,,,27.54,7.69,12.49,10.28,0.0,,,0.88,,,,
07-Jan-2019,20:00,07-Jan-2019,20:15,Punjab,Patiala,"Model Town, Patiala - PPCB",0.61,249.78,,,,83.86,125.04,,,,109.3,17.4,4.5,7.7,12.2,0.67,,8.14,,2.52,,62.64,,,,,,27.64,,12.29,10.28,0.0,,,0.89,,,,
07-Jan-2019,20:15,07-Jan-2019,20:30,Punjab,Patiala,"Model Town, Patiala - PPCB",0.72,248.61,,,,85.25,125.07,,,,109.3,17.4,4.0,8.0,12.0,0.63,,8.5,,2.53,,62.63,,,,,,27.55,6.97,12.06,10.32,0.0,,,0.91,,,,
07-Jan-2019,20:30,07-Jan-2019,20:45,Punjab,Patiala,"Model Town, Patiala - PPCB",0.59,248.71,,,,86.27,125.13,,,,109.3,17.4,3.7,8.3,12.1,0.64,,8.16,,2.52,,62.85,,,,,,27.4,6.82,11.95,10.34,0.0,,,0.93,,,,
07-Jan-2019,20:45,07-Jan-2019,21:00,Punjab,Patiala,"Model Town, Patiala - PPCB",0.29,258.76,,,,88.43,122.79,,,,103.3,17.4,3.6,8.5,12.1,0.66,,6.48,,2.52,,62.86,,,,,,27.37,6.74,11.58,10.28,0.0,,,0.9,,,,
07-Jan-2019,21:00,07-Jan-2019,21:15,Punjab,Patiala,"Model Town, Patiala - PPCB",0.27,250.03,,,,91.38,121.16,,,,103.2,17.1,3.3,8.4,11.8,0.75,,4.99,,2.53,,62.68,,,,,,27.36,6.49,11.14,10.51,0.0,,,0.9,,,,
07-Jan-2019,21:15,07-Jan-2019,21:30,Punjab,Patiala,"Model Town, Patiala - PPCB",0.2,217.65,,,,94.56,126.75,,,,103.2,16.0,3.8,8.3,12.2,0.75,,5.06,,2.58,,62.65,,,,,,27.47,6.27,10.61,10.4,0.0,,,0.88,,,,
07-Jan-2019,21:30,07-Jan-2019,21:45,Punjab,Patiala,"Model Town, Patiala - PPCB",0.22,226.55,,,,95.15,132.08,,,,103.2,16.0,3.9,8.1,12.0,0.79,,3.71,,2.55,,62.79,,,,,,27.57,6.07,10.3,10.34,0.0,,,0.92,,,,
07-Jan-2019,21:45,07-Jan-2019,22:00,Punjab,Patiala,"Model Town, Patiala - PPCB",0.22,218.97,,,,95.17,135.38,,,,72.3,16.0,4.0,7.8,11.8,0.8,,3.58,,2.59,,62.84,,,,,,27.59,6.09,10.17,10.31,0.0,,,0.89,,,,
07-Jan-2019,22:00,07-Jan-2019,22:15,Punjab,Patiala,"Model Town, Patiala - PPCB",0.22,240.74,,,,95.17,133.01,,,,72.0,16.0,3.5,8.0,11.6,0.81,,3.4,,2.54,,62.81,,,,,,27.4,5.93,10.02,10.38,0.0,,,0.91,,,,
07-Jan-2019,22:15,07-Jan-2019,22:30,Punjab,Patiala,"Model Town, Patiala - PPCB",0.19,209.23,,,,95.17,136.02,,,,72.0,15.8,3.7,7.9,11.6,0.85,,2.67,,2.5,,62.73,,,,,,27.4,5.57,9.76,10.4,0.0,,,0.88,,,,
07-Jan-2019,22:30,07-Jan-2019,22:45,Punjab,Patiala,"Model Town, Patiala - PPCB",0.34,230.94,,,,95.19,138.75,,,,72.0,15.8,4.0,8.1,12.1,0.87,,2.73,,2.51,,62.65,,,,,,27.49,5.79,9.6,10.34,0.0,,,0.87,,,,
07-Jan-2019,22:45,07-Jan-2019,23:00,Punjab,Patiala,"Model Town, Patiala - PPCB",0.95,250.0,,,,95.04,141.02,,,,37.3,15.8,4.3,8.0,12.3,0.7,,4.65,,2.52,,62.64,,,,,,27.59,5.76,9.91,10.29,0.0,,,0.88,,,,
07-Jan-2019,23:00,07-Jan-2019,23:15,Punjab,Patiala,"Model Town, Patiala - PPCB",0.94,248.93,,,,94.94,140.25,,,,36.9,15.7,3.8,8.3,12.1,0.56,,6.91,,2.52,,62.66,,,,,,27.5,5.7,10.01,10.26,0.0,,,0.9,,,,
07-Jan-2019,23:15,07-Jan-2019,23:30,Punjab,Patiala,"Model Town, Patiala - PPCB",1.08,249.82,,,,94.94,139.67,,,,36.9,15.3,4.0,7.9,12.0,0.57,,7.02,,2.51,,62.75,,,,,,27.47,5.63,10.01,10.32,0.0,,,0.9,,,,
07-Jan-2019,23:30,07-Jan-2019,23:45,Punjab,Patiala,"Model Town, Patiala - PPCB",1.12,248.73,,,,94.94,140.64,,,,36.9,15.3,4.6,7.7,12.3,0.55,,7.18,,2.52,,62.64,,,,,,27.52,5.72,10.03,10.27,0.0,,,0.89,,,,
07-Jan-2019,23:45,08-Jan-2019,00:00,Punjab,Patiala,"Model Town, Patiala - PPCB",1.03,252.13,,,,94.94,137.69,,,,293.8,15.3,3.9,8.1,11.9,0.52,,7.19,,2.51,,62.62,,,,,,27.24,5.8,9.94,10.26,0.0,,,0.89,,,,
08-Jan-2019,00:00,08-Jan-2019,00:15,Punjab,Patiala,"Model Town, Patiala - PPCB",1.0,251.53,,,,94.94,139.26,,,,296.6,15.8,4.0,8.1,12.1,0.54,,7.26,,2.51,,62.63,,,,,,27.39,,9.86,10.27,0.0,,,0.89,,,,
08-Jan-2019,00:15,08-Jan-2019,00:30,Punjab,Patiala,"Model Town, Patiala - PPCB",0.88,250.68,,,,94.95,137.48,,,,296.6,17.6,3.5,7.9,11.5,0.54,,7.48,,2.51,,62.63,,,,,,27.41,6.37,9.83,10.27,0.0,,,0.88,,,,
08-Jan-2019,00:30,08-Jan-2019,00:45,Punjab,Patiala,"Model Town, Patiala - PPCB",0.97,253.3,,,,94.94,137.92,,,,296.6,17.6,3.9,8.1,12.0,0.55,,7.5,,2.52,,62.62,,,,,,27.49,6.63,9.77,10.31,0.0,,,0.88,,,,
08-Jan-2019,00:45,08-Jan-2019,01:00,Punjab,Patiala,"Model Town, Patiala - PPCB",0.99,249.88,,,,94.95,139.55,,,,52.6,17.6,3.6,8.1,11.7,0.55,,7.45,,2.53,,62.65,,,,,,27.38,6.9,9.64,10.28,0.0,,,0.88,,,,
08-Jan-2019,01:00,08-Jan-2019,01:15,Punjab,Patiala,"Model Town, Patiala - PPCB",0.59,251.59,,,,94.95,133.99,,,,49.8,17.6,3.7,8.0,11.7,0.54,,6.99,,2.52,,62.67,,,,,,27.37,6.85,9.55,10.29,0.0,,,0.88,,,,
08-Jan-2019,01:15,08-Jan-2019,01:30,Punjab,Patiala,"Model Town, Patiala - PPCB",0.77,252.66,,,,94.95,139.44,,,,49.8,16.3,4.1,7.8,11.9,0.53,,6.33,,2.52,,62.68,,,,,,27.49,6.65,9.53,10.33,0.0,,,0.88,,,,
08-Jan-2019,01:30,08-Jan-2019,01:45,Punjab,Patiala,"Model Town, Patiala - PPCB",0.82,252.21,,,,94.96,142.48,,,,49.8,16.2,3.9,7.9,11.8,0.52,,6.23,,2.52,,62.68,,,,,,27.53,6.78,9.52,10.33,0.0,,,0.88,,,,
08-Jan-2019,01:45,08-Jan-2019,02:00,Punjab,Patiala,"Model Town, Patiala - PPCB",0.71,248.6,,,,94.94,141.98,,,,219.9,16.2,3.4,8.2,11.5,0.54,,6.49,,2.51,,62.67,,,,,,27.4,6.62,9.4,10.29,0.0,,,0.88,,,,
08-Jan-2019,02:00,08-Jan-2019,02:15,Punjab,Patiala,"Model Town, Patiala - PPCB",0.39,250.88,,,,94.95,141.39,,,,292.8,16.2,3.7,8.1,11.8,0.53,,6.19,,2.5,,62.63,,,,,,27.57,6.53,9.45,10.27,0.0,,,0.89,,,,
08-Jan-2019,02:15,08-Jan-2019,02:30,Punjab,Patiala,"Model Town, Patiala - PPCB",0.59,254.94,,,,94.96,132.12,,,,292.8,17.5,4.3,7.9,12.2,0.52,,5.98,,2.51,,62.59,,,,,,27.58,6.51,9.46,10.25,0.0,,,0.89,,,,
08-Jan-2019,02:30,08-Jan-2019,02:45,Punjab,Patiala,"Model Town, Patiala - PPCB",0.68,254.59,,,,94.95,133.03,,,,292.8,17.6,4.5,7.9,12.4,0.51,,6.66,,2.52,,62.61,,,,,,27.58,6.6,9.5,10.25,0.0,,,0.88,,,,
08-Jan-2019,02:45,08-Jan-2019,03:00,Punjab,Patiala,"Model Town, Patiala - PPCB",0.88,253.17,,,,94.94,136.2,,,,162.6,17.6,4.3,7.9,12.2,0.51,,6.53,,2.52,,62.65,,,,,,27.56,6.63,9.37,10.28,0.0,,,0.88,,,,
08-Jan-2019,03:00,08-Jan-2019,03:15,Punjab,Patiala,"Model Town, Patiala - PPCB",0.64,253.31,,,,94.96,139.51,,,,106.8,17.6,4.1,7.7,11.9,0.51,,6.57,,2.51,,62.65,,,,,,27.66,6.6,9.3,10.29,0.0,,,0.89,,,,
08-Jan-2019,03:15,08-Jan-2019,03:30,Punjab,Patiala,"Model Town, Patiala - PPCB",0.42,265.96,,,,94.94,141.13,,,,106.8,15.2,4.4,7.7,12.2,0.5,,5.57,,2.51,,62.64,,,,,,27.75,6.45,9.13,10.27,0.0,,,0.89,,,,
08-Jan-2019,03:30,08-Jan-2019,03:45,Punjab,Patiala,"Model Town, Patiala - PPCB",0.56,253.42,,,,94.96,133.64,,,,106.8,15.0,4.4,7.8,12.2,0.5,,5.68,,2.51,,62.63,,,,,,27.69,6.53,9.07,10.26,0.0,,,0.88,,,,
08-Jan-2019,03:45,08-Jan-2019,04:00,Punjab,Patiala,"Model Town, Patiala - PPCB",0.64,254.2,,,,94.94,135.7,,,,83.4,15.0,3.8,7.9,11.7,0.5,,5.9,,2.52,,62.6,,,,,,27.51,6.45,9.03,10.27,0.0,,,0.89,,,,
08-Jan-2019,04:00,08-Jan-2019,04:15,Punjab,Patiala,"Model Town, Patiala - PPCB",0.91,250.29,,,,95.16,144.8,,,,73.9,15.0,3.5,8.4,11.9,0.59,,5.82,,2.53,,62.63,,,,,,27.4,,8.94,10.27,0.0,,,0.89,,,,
08-Jan-2019,04:15,08-Jan-2019,04:30,Punjab,Patiala,"Model Town, Patiala - PPCB",0.87,250.95,,,,95.17,143.73,,,,73.9,17.5,3.7,8.1,11.9,0.63,,5.77,,2.52,,62.69,,,,,,27.42,7.43,8.93,10.27,0.0,,,0.89,,,,
08-Jan-2019,04:30,08-Jan-2019,04:45,Punjab,Patiala,"Model Town, Patiala - PPCB",0.53,251.46,,,,95.18,152.5,,,,73.9,17.7,3.5,8.3,11.8,0.65,,5.62,,2.51,,62.72,,,,,,27.25,7.86,8.85,10.31,0.0,,,0.89,,,,
08-Jan-2019,04:45,08-Jan-2019,05:00,Punjab,Patiala,"Model Town, Patiala - PPCB",0.25,247.72,,,,95.19,153.89,,,,38.9,17.7,3.4,8.3,11.6,0.64,,4.75,,2.51,,62.71,,,,,,27.37,7.8,8.9,10.29,0.0,,,0.89,,,,
08-Jan-2019,05:00,08-Jan-2019,05:15,Punjab,Patiala,"Model Town, Patiala - PPCB",0.14,254.42,,,,95.19,156.44,,,,23.9,17.7,4.1,8.1,12.2,0.64,,4.26,,2.51,,62.66,,,,,,27.53,8.03,8.97,10.25,0.0,,,0.88,,,,
08-Jan-2019,05:15,08-Jan-2019,05:30,Punjab,Patiala,"Model Town, Patiala - PPCB",0.48,251.68,,,,95.18,157.32,,,,23.9,15.9,3.8,8.1,11.8,0.65,,4.09,,2.51,,62.62,,,,,,27.49,8.33,9.04,10.31,0.0,,,0.91,,,,
08-Jan-2019,05:30,08-Jan-2019,05:45,Punjab,Patiala,"Model Town, Patiala - PPCB",0.76,253.22,,,,95.19,157.79,,,,23.9,15.7,4.0,8.1,12.1,0.69,,3.71,,2.51,,62.65,,,,,,27.49,8.64,8.86,10.38,0.0,,,0.91,,,,
08-Jan-2019,05:45,08-Jan-2019,06:00,Punjab,Patiala,"Model Town, Patiala - PPCB",1.22,251.68,,,,95.19,158.73,,,,46.6,15.7,4.4,8.0,12.4,0.68,,3.82,,2.52,,62.69,,,,,,27.46,9.34,8.87,10.34,0.0,,,0.88,,,,
08-Jan-2019,06:00,08-Jan-2019,06:15,Punjab,Patiala,"Model Town, Patiala - PPCB",1.01,252.07,,,,95.19,159.07,,,,56.4,15.7,4.0,8.3,12.3,0.68,,3.86,,2.52,,62.65,,,,,,27.43,9.21,8.77,10.26,0.0,,,0.88,,,,
08-Jan-2019,06:15,08-Jan-2019,06:30,Punjab,Patiala,"Model Town, Patiala - PPCB",0.88,257.71,,,,95.18,152.21,,,,56.4,15.2,4.4,8.0,12.4,0.69,,3.4,,2.52,,62.63,,,,,,27.47,9.37,8.91,10.25,0.0,,,0.88,,,,
08-Jan-2019,06:30,08-Jan-2019,06:45,Punjab,Patiala,"Model Town, Patiala - PPCB",0.45,265.28,,,,95.17,142.06,,,,56.4,15.1,3.6,8.2,11.9,0.69,,3.7,,2.51,,62.64,,,,,,27.45,9.8,9.06,10.26,0.0,,,0.89,,,,
08-Jan-2019,06:45,08-Jan-2019,07:00,Punjab,Patiala,"Model Town, Patiala - PPCB",,,,,,,,,,,,,,,,,,,,,,,,,,,,,,,,,,,,,,,
08-Jan-2019,07:00,08-Jan-2019,07:15,Punjab,Patiala,"Model Town, Patiala - PPCB",,,,,,,,,,,,,,,,,,,,,,,,,,,,,,,,,,,,,,,
08-Jan-2019,07:15,08-Jan-2019,07:30,Punjab,Patiala,"Model Town, Patiala - PPCB",,,,,,,,,,,,,,,,,,,,,,,,,,,,,,,,,,,,,,,
08-Jan-2019,07:30,08-Jan-2019,07:45,Punjab,Patiala,"Model Town, Patiala - PPCB",0.69,248.46,,,,95.2,164.49,,,,59.1,15.6,3.9,8.2,12.1,0.79,,2.98,,0.04,,0.94,,,,,,27.36,8.93,8.56,0.15,0.0,,,0.01,,,,
08-Jan-2019,07:45,08-Jan-2019,08:00,Punjab,Patiala,"Model Town, Patiala - PPCB",0.85,251.4,,,,95.2,172.91,,,,73.1,15.6,3.9,8.2,12.2,0.91,,2.78,,0.42,,10.43,,,,,,27.38,9.11,8.8,1.7,0.0,,,0.15,,,,
08-Jan-2019,08:00,08-Jan-2019,08:15,Punjab,Patiala,"Model Town, Patiala - PPCB",0.8,249.66,,,,95.18,183.53,,,,79.1,15.6,4.2,8.0,12.2,0.87,,2.59,,2.51,,62.58,,,,,,27.44,,8.99,10.22,0.0,,,0.9,,,,
08-Jan-2019,08:15,08-Jan-2019,08:30,Punjab,Patiala,"Model Town, Patiala - PPCB",0.93,251.37,,,,95.18,195.45,,,,79.1,18.8,4.2,7.9,12.1,0.89,,2.8,,2.52,,62.61,,,,,,27.59,9.34,9.24,10.27,0.0,,,0.9,,,,
08-Jan-2019,08:30,08-Jan-2019,08:45,Punjab,Patiala,"Model Town, Patiala - PPCB",0.81,251.51,,,,95.14,222.89,,,,79.1,19.0,4.1,7.8,11.8,0.89,,3.22,,2.52,,62.64,,,,,,27.45,9.76,9.59,10.25,0.0,,,0.89,,,,
08-Jan-2019,08:45,08-Jan-2019,09:00,Punjab,Patiala,"Model Town, Patiala - PPCB",0.79,252.72,,,,93.6,227.12,,,,76.1,19.0,4.1,8.0,12.1,0.85,,3.75,,2.51,,62.63,,,,,,27.42,10.24,9.96,10.27,0.0,,,0.88,,,,
08-Jan-2019,09:00,08-Jan-2019,09:15,Punjab,Patiala,"Model Town, Patiala - PPCB",1.12,250.56,,,,91.4,291.2,,,,74.8,19.0,4.4,7.9,12.3,0.83,,4.64,,2.51,,62.66,,,,,,27.57,10.64,10.29,10.34,0.0,,,0.9,,,,
08-Jan-2019,09:15,08-Jan-2019,09:30,Punjab,Patiala,"Model Town, Patiala - PPCB",1.2,251.9,,,,89.16,360.37,,,,74.8,20.9,4.4,8.2,12.6,0.8,,5.49,,2.51,,62.63,,,,,,27.65,11.33,10.73,10.27,0.0,,,0.89,,,,
08-Jan-2019,09:30,08-Jan-2019,09:45,Punjab,Patiala,"Model Town, Patiala - PPCB",0.97,253.81,,,,85.81,356.92,,,,74.8,21.1,4.1,8.1,12.2,0.78,,6.45,,2.51,,62.63,,,,,,27.56,12.79,11.43,10.34,0.0,,,0.88,,,,
08-Jan-2019,09:45,08-Jan-2019,10:00,Punjab,Patiala,"Model Town, Patiala - PPCB",0.73,263.55,,,,80.57,347.38,,,,78.7,21.1,3.7,8.4,12.2,0.81,,7.19,,2.51,,62.59,,,,,,27.34,15.26,12.4,10.28,0.0,,,0.9,,,,
08-Jan-2019,10:00,08-Jan-2019,10:15,Punjab,Patiala,"Model Town, Patiala - PPCB",0.75,262.33,,,,74.64,306.89,,,,80.3,21.1,4.2,8.3,12.4,0.76,,9.79,,2.51,,62.63,,,,,,27.46,21.13,13.26,10.29,0.0,,,0.89,,,,
08-Jan-2019,10:15,08-Jan-2019,10:30,Punjab,Patiala,"Model Town, Patiala - PPCB",0.9,258.97,,,,70.84,425.63,,,,80.3,22.0,4.7,8.0,12.7,0.73,,7.37,,2.51,,62.6,,,,,,27.61,27.55,13.89,10.27,0.0,,,0.88,,,,
08-Jan-2019,10:30,08-Jan-2019,10:45,Punjab,Patiala,"Model Town, Patiala - PPCB",0.94,254.91,,,,69.45,375.9,,,,80.3,22.1,3.8,8.3,12.1,0.73,,4.18,,2.53,,62.65,,,,,,27.49,26.66,14.54,10.28,0.0,,,0.88,,,,
08-Jan-2019,10:45,08-Jan-2019,11:00,Punjab,Patiala,"Model Town, Patiala - PPCB",0.9,257.3,,,,68.79,453.63,,,,64.4,22.1,4.0,8.1,12.0,0.68,,7.53,,2.51,,62.64,,,,,,27.51,21.16,14.74,10.27,0.0,,,0.87,,,,
08-Jan-2019,11:00,08-Jan-2019,11:15,Punjab,Patiala,"Model Town, Patiala - PPCB",1.34,256.66,,,,68.87,575.29,,,,57.6,22.1,4.0,8.3,12.3,0.66,,8.58,,3.22,,62.59,,,,,,27.39,17.06,14.89,10.28,0.0,,,0.88,,,,
08-Jan-2019,11:15,08-Jan-2019,11:30,Punjab,Patiala,"Model Town, Patiala - PPCB",1.11,259.39,,,,64.89,525.04,,,,57.6,20.3,3.7,8.0,11.8,0.63,,9.13,,2.75,,62.62,,,,,,27.37,13.79,15.29,10.3,0.0,,,0.89,,,,
08-Jan-2019,11:30,08-Jan-2019,11:45,Punjab,Patiala,"Model Town, Patiala - PPCB",1.22,253.6,,,,63.22,567.95,,,,57.6,20.1,4.3,7.9,12.2,0.6,,12.35,,2.51,,62.63,,,,,,27.42,11.75,15.81,10.34,0.0,,,0.88,,,,
08-Jan-2019,11:45,08-Jan-2019,12:00,Punjab,Patiala,"Model Town, Patiala - PPCB",1.08,259.67,,,,60.57,485.27,,,,60.0,20.1,3.9,8.0,11.9,1.04,,11.45,,2.52,,62.59,,,,,,27.37,11.67,16.63,10.27,0.0,,,0.87,,,,
08-Jan-2019,12:00,08-Jan-2019,12:15,Punjab,Patiala,"Model Town, Patiala - PPCB",1.03,260.36,,,,61.03,422.04,,,,61.0,20.1,3.4,8.0,11.4,0.6,,11.82,,2.52,,62.6,,,,,,27.42,,16.24,10.26,0.0,,,0.89,,,,
08-Jan-2019,12:15,08-Jan-2019,12:30,Punjab,Patiala,"Model Town, Patiala - PPCB",1.4,255.15,,,,60.36,559.49,,,,61.0,20.7,3.5,7.9,11.4,0.57,,12.54,,2.51,,62.67,,,,,,27.41,10.58,16.55,10.26,0.0,,,0.9,,,,
08-Jan-2019,12:30,08-Jan-2019,12:45,Punjab,Patiala,"Model Town, Patiala - PPCB",1.59,255.42,,,,59.5,578.73,,,,61.0,20.7,4.2,7.9,12.1,0.62,,14.14,,2.5,,62.62,,,,,,27.53,10.24,16.83,10.29,0.0,,,0.89,,,,
08-Jan-2019,12:45,08-Jan-2019,13:00,Punjab,Patiala,"Model Town, Patiala - PPCB",0.81,260.88,,,,57.46,301.65,,,,57.2,20.7,4.0,8.0,12.0,0.56,,14.0,,2.51,,62.7,,,,,,27.52,9.9,17.09,10.32,0.0,,,0.89,,,,
08-Jan-2019,13:00,08-Jan-2019,13:15,Punjab,Patiala,"Model Town, Patiala - PPCB",1.34,253.06,,,,56.05,341.96,,,,55.6,20.7,3.5,7.7,11.3,0.52,,13.64,,2.51,,62.7,,,,,,27.35,9.44,17.33,10.28,0.0,,,0.89,,,,
08-Jan-2019,13:15,08-Jan-2019,13:30,Punjab,Patiala,"Model Town, Patiala - PPCB",0.93,255.97,,,,52.36,317.18,,,,55.6,19.3,4.1,7.5,11.6,0.49,,13.46,,2.51,,62.7,,,,,,27.38,8.83,17.81,10.32,0.0,,,0.88,,,,
08-Jan-2019,13:30,08-Jan-2019,13:45,Punjab,Patiala,"Model Town, Patiala - PPCB",1.12,255.59,,,,50.08,301.43,,,,55.6,19.2,4.1,7.9,11.9,0.43,,13.46,,2.51,,62.64,,,,,,27.32,8.31,17.58,10.28,0.0,,,0.87,,,,
08-Jan-2019,13:45,08-Jan-2019,14:00,Punjab,Patiala,"Model Town, Patiala - PPCB",1.16,257.32,,,,48.79,327.9,,,,42.9,19.2,3.8,8.1,11.9,0.37,,14.69,,2.51,,62.6,,,,,,27.45,7.53,17.62,10.28,0.0,,,0.88,,,,
08-Jan-2019,14:00,08-Jan-2019,14:15,Punjab,Patiala,"Model Town, Patiala - PPCB",1.56,255.48,,,,50.31,318.41,,,,37.5,19.2,4.3,8.1,12.4,0.39,,17.96,,2.51,,62.75,,,,,,27.42,7.74,17.94,10.26,0.0,,,0.88,,,,
08-Jan-2019,14:15,08-Jan-2019,14:30,Punjab,Patiala,"Model Town, Patiala - PPCB",1.39,,,,,,,,,,,,,,,,,,,,,,,,,,,,,,,,,,,,,,
08-Jan-2019,14:30,08-Jan-2019,14:45,Punjab,Patiala,"Model Town, Patiala - PPCB",,254.82,,,,49.76,290.27,,,,37.5,18.0,4.2,7.8,12.0,0.4,,19.93,,2.5,,62.65,,,,,,27.42,7.99,17.86,10.27,0.0,,,0.88,,,,
08-Jan-2019,14:45,08-Jan-2019,15:00,Punjab,Patiala,"Model Town, Patiala - PPCB",1.18,258.3,,,,52.59,240.31,,,,36.1,18.0,4.1,7.8,11.9,0.44,,19.26,,2.52,,62.65,,,,,,27.44,8.39,17.62,10.24,0.0,,,0.89,,,,
08-Jan-2019,15:00,08-Jan-2019,15:15,Punjab,Patiala,"Model Town, Patiala - PPCB",1.52,256.23,,,,53.75,218.84,,,,35.5,18.0,4.1,7.6,11.7,0.47,,18.7,,2.52,,62.64,,,,,,27.48,8.72,17.48,10.25,0.0,,,0.88,,,,
08-Jan-2019,15:15,08-Jan-2019,15:30,Punjab,Patiala,"Model Town, Patiala - PPCB",2.04,253.06,,,,54.4,249.52,,,,35.5,15.3,2.2,7.3,9.5,0.51,,18.73,,2.52,,62.62,,,,,,27.53,9.23,17.33,10.32,0.0,,,0.89,,,,
08-Jan-2019,15:30,08-Jan-2019,15:45,Punjab,Patiala,"Model Town, Patiala - PPCB",1.92,254.64,,,,55.15,258.62,,,,35.5,15.1,3.3,7.5,10.9,0.55,,19.2,,2.53,,62.61,,,,,,27.45,11.52,17.4,10.3,0.0,,,0.89,,,,
08-Jan-2019,15:45,08-Jan-2019,16:00,Punjab,Patiala,"Model Town, Patiala - PPCB",1.89,255.79,,,,54.02,202.23,,,,47.7,15.1,3.8,7.5,11.3,0.54,,19.62,,2.52,,62.62,,,,,,27.45,12.54,17.1,10.26,0.0,,,0.89,,,,
08-Jan-2019,16:00,08-Jan-2019,16:15,Punjab,Patiala,"Model Town, Patiala - PPCB",1.63,254.47,,,,57.15,188.42,,,,52.9,15.1,4.0,7.7,11.8,0.55,,18.87,,2.51,,62.6,,,,,,27.42,,16.92,10.25,0.0,,,0.89,,,,
08-Jan-2019,16:15,08-Jan-2019,16:30,Punjab,Patiala,"Model Town, Patiala - PPCB",1.38,252.69,,,,58.37,180.4,,,,52.9,15.9,4.0,7.6,11.6,0.61,,17.51,,2.51,,62.65,,,,,,27.44,11.22,16.74,10.3,0.0,,,0.9,,,,
08-Jan-2019,16:30,08-Jan-2019,16:45,Punjab,Patiala,"Model Town, Patiala - PPCB",1.68,254.35,,,,60.64,172.03,,,,52.9,15.9,3.9,7.8,11.7,0.63,,17.6,,2.52,,62.65,,,,,,27.35,10.58,16.36,10.25,0.0,,,0.91,,,,
08-Jan-2019,16:45,08-Jan-2019,17:00,Punjab,Patiala,"Model Town, Patiala - PPCB",1.23,253.18,,,,62.74,164.03,,,,39.8,15.9,4.1,7.6,11.7,0.66,,17.56,,2.52,,62.62,,,,,,27.53,10.4,16.01,10.27,0.0,,,0.88,,,,
08-Jan-2019,17:00,08-Jan-2019,17:15,Punjab,Patiala,"Model Town, Patiala - PPCB",1.06,255.51,,,,63.73,170.89,,,,34.2,15.9,4.0,7.7,11.6,0.83,,15.62,,2.52,,62.64,,,,,,27.47,10.4,15.85,10.31,0.0,,,0.89,,,,
08-Jan-2019,17:15,08-Jan-2019,17:30,Punjab,Patiala,"Model Town, Patiala - PPCB",1.16,256.44,,,,63.63,155.1,,,,34.2,16.6,3.6,8.0,11.7,0.84,,15.51,,2.53,,62.63,,,,,,27.39,10.0,15.6,10.28,0.0,,,0.88,,,,
08-Jan-2019,17:30,08-Jan-2019,17:45,Punjab,Patiala,"Model Town, Patiala - PPCB",1.18,251.5,,,,65.86,141.78,,,,34.2,16.7,3.9,8.1,12.0,0.87,,16.82,,2.53,,62.6,,,,,,27.43,9.84,15.19,10.31,0.0,,,0.89,,,,
08-Jan-2019,17:45,08-Jan-2019,18:00,Punjab,Patiala,"Model Town, Patiala - PPCB",1.14,252.84,,,,71.17,136.04,,,,42.5,16.7,4.0,8.1,12.1,0.89,,15.87,,2.51,,62.64,,,,,,27.5,9.8,14.67,10.3,0.0,,,0.88,,,,
08-Jan-2019,18:00,08-Jan-2019,18:15,Punjab,Patiala,"Model Town, Patiala - PPCB",0.99,253.05,,,,73.45,136.05,,,,45.8,16.7,4.0,8.2,12.2,1.02,,12.6,,2.51,,62.63,,,,,,27.43,9.19,14.31,10.28,0.0,,,0.9,,,,
08-Jan-2019,18:15,08-Jan-2019,18:30,Punjab,Patiala,"Model Town, Patiala - PPCB",0.96,253.59,,,,74.57,135.8,,,,45.8,18.7,3.9,8.0,11.9,1.02,,10.91,,2.52,,62.68,,,,,,27.49,9.24,14.06,10.29,0.0,,,0.89,,,,
08-Jan-2019,18:30,08-Jan-2019,18:45,Punjab,Patiala,"Model Town, Patiala - PPCB",1.15,252.55,,,,74.59,138.29,,,,45.8,18.8,4.2,8.3,12.5,1.01,,10.7,,2.51,,62.61,,,,,,27.37,8.88,13.71,10.36,0.0,,,0.89,,,,
08-Jan-2019,18:45,08-Jan-2019,19:00,Punjab,Patiala,"Model Town, Patiala - PPCB",0.91,255.86,,,,72.68,135.21,,,,41.4,18.8,4.3,8.1,12.4,0.97,,11.01,,2.5,,62.63,,,,,,27.45,8.59,13.43,10.33,0.0,,,0.9,,,,
08-Jan-2019,19:00,08-Jan-2019,19:15,Punjab,Patiala,"Model Town, Patiala - PPCB",0.98,253.23,,,,73.1,135.1,,,,39.5,18.8,4.9,7.8,12.7,0.89,,10.21,,2.51,,62.67,,,,,,27.61,8.26,13.12,10.3,0.0,,,0.89,,,,
08-Jan-2019,19:15,08-Jan-2019,19:30,Punjab,Patiala,"Model Town, Patiala - PPCB",1.01,253.33,,,,73.71,135.2,,,,39.5,18.8,4.7,7.9,12.5,0.81,,11.01,,2.52,,62.63,,,,,,27.55,8.04,12.86,10.32,0.0,,,0.89,,,,
08-Jan-2019,19:30,08-Jan-2019,19:45,Punjab,Patiala,"Model Town, Patiala - PPCB",0.81,256.43,,,,74.61,132.63,,,,39.5,18.8,3.9,8.3,12.2,0.78,,11.28,,2.52,,62.62,,,,,,27.43,7.88,12.56,10.26,0.0,,,0.88,,,,
08-Jan-2019,19:45,08-Jan-2019,20:00,Punjab,Patiala,"Model Town, Patiala - PPCB",0.64,252.31,,,,76.56,132.3,,,,42.4,18.8,3.8,8.1,11.9,0.76,,10.52,,2.51,,62.6,,,,,,27.46,7.56,12.21,10.29,0.0,,,0.88,,,,
08-Jan-2019,20:00,08-Jan-2019,20:15,Punjab,Patiala,"Model Town, Patiala - PPCB",0.8,248.58,,,,78.78,138.19,,,,43.6,18.8,4.4,7.9,12.3,0.81,,7.78,,2.5,,62.61,,,,,,27.47,,11.76,10.27,0.0,,,0.88,,,,
08-Jan-2019,20:15,08-Jan-2019,20:30,Punjab,Patiala,"Model Town, Patiala - PPCB",0.92,248.83,,,,79.58,139.53,,,,43.6,20.7,4.2,7.9,12.1,0.84,,8.9,,2.51,,62.64,,,,,,27.52,7.5,11.54,10.26,0.0,,,0.87,,,,
08-Jan-2019,20:30,08-Jan-2019,20:45,Punjab,Patiala,"Model Town, Patiala - PPCB",0.88,249.43,,,,79.98,138.66,,,,43.6,20.8,3.9,7.9,11.7,0.87,,9.44,,2.51,,62.63,,,,,,27.38,7.44,11.46,10.25,0.0,,,0.88,,,,
08-Jan-2019,20:45,08-Jan-2019,21:00,Punjab,Patiala,"Model Town, Patiala - PPCB",0.95,250.5,,,,80.42,141.1,,,,48.0,20.8,4.2,7.8,11.9,0.95,,8.42,,2.52,,62.59,,,,,,27.47,7.74,11.37,10.28,0.0,,,0.87,,,,
08-Jan-2019,21:00,08-Jan-2019,21:15,Punjab,Patiala,"Model Town, Patiala - PPCB",1.0,251.58,,,,81.38,140.44,,,,49.8,20.8,4.0,8.0,12.0,0.84,,8.21,,2.52,,62.65,,,,,,27.59,7.83,11.21,10.28,0.0,,,0.89,,,,
08-Jan-2019,21:15,08-Jan-2019,21:30,Punjab,Patiala,"Model Town, Patiala - PPCB",1.0,254.5,,,,81.34,137.82,,,,49.8,20.0,3.9,8.0,11.9,0.79,,8.62,,2.51,,62.71,,,,,,27.6,8.31,11.19,10.25,0.0,,,0.9,,,,
08-Jan-2019,21:30,08-Jan-2019,21:45,Punjab,Patiala,"Model Town, Patiala - PPCB",1.08,252.47,,,,81.37,139.47,,,,49.8,19.9,4.5,8.2,12.7,0.75,,9.14,,2.5,,62.66,,,,,,27.42,8.8,11.1,10.32,0.0,,,0.89,,,,
08-Jan-2019,21:45,08-Jan-2019,22:00,Punjab,Patiala,"Model Town, Patiala - PPCB",1.19,251.14,,,,81.72,141.31,,,,43.9,19.9,4.0,8.1,12.1,0.73,,9.63,,2.52,,62.71,,,,,,27.44,9.09,10.93,10.3,0.0,,,0.9,,,,
08-Jan-2019,22:00,08-Jan-2019,22:15,Punjab,Patiala,"Model Town, Patiala - PPCB",1.14,252.89,,,,82.01,141.34,,,,41.3,19.9,4.2,8.3,12.5,0.7,,9.71,,2.52,,62.69,,,,,,27.4,9.32,10.8,10.32,0.0,,,0.91,,,,
08-Jan-2019,22:15,08-Jan-2019,22:30,Punjab,Patiala,"Model Town, Patiala - PPCB",0.97,254.15,,,,82.07,144.19,,,,41.3,19.2,3.8,8.2,12.0,0.69,,9.33,,2.51,,62.62,,,,,,27.41,9.93,10.73,10.32,0.0,,,0.9,,,,
08-Jan-2019,22:30,08-Jan-2019,22:45,Punjab,Patiala,"Model Town, Patiala - PPCB",0.84,253.25,,,,82.31,142.53,,,,41.3,19.2,3.3,8.4,11.7,0.67,,9.18,,2.51,,62.61,,,,,,27.49,10.04,10.59,10.29,0.0,,,0.89,,,,
08-Jan-2019,22:45,08-Jan-2019,23:00,Punjab,Patiala,"Model Town, Patiala - PPCB",1.17,252.02,,,,82.16,148.44,,,,49.5,19.2,4.0,8.3,12.3,0.69,,9.18,,2.5,,62.59,,,,,,27.53,10.1,10.49,10.31,0.0,,,0.89,,,,
08-Jan-2019,23:00,08-Jan-2019,23:15,Punjab,Patiala,"Model Town, Patiala - PPCB",1.32,250.98,,,,81.74,143.45,,,,52.8,19.2,4.2,8.1,12.3,0.67,,9.8,,2.51,,62.61,,,,,,27.47,10.01,10.47,10.25,0.0,,,0.88,,,,
08-Jan-2019,23:15,08-Jan-2019,23:30,Punjab,Patiala,"Model Town, Patiala - PPCB",1.16,252.4,,,,82.44,141.99,,,,52.8,18.2,3.8,7.9,11.7,0.65,,10.07,,2.51,,62.59,,,,,,27.4,9.89,10.36,10.25,0.0,,,0.89,,,,
08-Jan-2019,23:30,08-Jan-2019,23:45,Punjab,Patiala,"Model Town, Patiala - PPCB",1.22,253.86,,,,82.43,149.14,,,,52.8,18.1,3.6,8.0,11.7,0.63,,10.17,,2.51,,62.66,,,,,,27.44,9.6,10.3,10.27,0.0,,,0.88,,,,
08-Jan-2019,23:45,09-Jan-2019,00:00,Punjab,Patiala,"Model Town, Patiala - PPCB",1.36,251.99,,,,81.18,152.24,,,,48.5,18.1,3.9,8.2,12.1,0.63,,10.39,,2.51,,62.65,,,,,,27.45,9.85,10.39,10.3,0.0,,,0.88,,,,
09-Jan-2019,00:00,09-Jan-2019,00:15,Punjab,Patiala,"Model Town, Patiala - PPCB",1.24,254.13,,,,81.44,145.76,,,,46.6,18.1,3.8,8.2,12.0,0.6,,10.44,,2.51,,62.59,,,,,,27.5,,10.36,10.25,0.0,,,0.89,,,,
09-Jan-2019,00:15,09-Jan-2019,00:30,Punjab,Patiala,"Model Town, Patiala - PPCB",1.25,255.27,,,,83.29,140.21,,,,46.6,19.5,3.8,8.1,11.9,0.65,,9.98,,2.51,,62.65,,,,,,27.55,9.21,10.18,10.25,0.0,,,0.88,,,,
09-Jan-2019,00:30,09-Jan-2019,00:45,Punjab,Patiala,"Model Town, Patiala - PPCB",1.14,252.38,,,,85.99,140.08,,,,46.6,19.6,3.6,8.0,11.6,0.69,,9.26,,2.52,,62.63,,,,,,27.54,8.7,9.86,10.28,0.0,,,0.88,,,,
09-Jan-2019,00:45,09-Jan-2019,01:00,Punjab,Patiala,"Model Town, Patiala - PPCB",0.96,254.7,,,,86.36,137.72,,,,39.8,19.6,4.0,8.1,12.1,0.72,,8.66,,2.51,,62.63,,,,,,27.51,8.97,9.7,10.24,0.0,,,0.88,,,,
09-Jan-2019,01:00,09-Jan-2019,01:15,Punjab,Patiala,"Model Town, Patiala - PPCB",1.13,251.96,,,,87.72,140.68,,,,36.8,19.6,4.0,7.9,11.9,0.71,,8.26,,2.52,,62.63,,,,,,27.49,8.8,9.46,10.24,0.0,,,0.88,,,,
09-Jan-2019,01:15,09-Jan-2019,01:30,Punjab,Patiala,"Model Town, Patiala - PPCB",1.07,253.51,,,,89.14,139.19,,,,36.8,18.5,3.6,8.0,11.5,0.73,,7.77,,2.52,,62.65,,,,,,27.45,8.59,9.22,10.3,0.0,,,0.9,,,,
09-Jan-2019,01:30,09-Jan-2019,01:45,Punjab,Patiala,"Model Town, Patiala - PPCB",1.01,253.7,,,,90.45,139.86,,,,36.8,18.4,2.6,8.1,10.7,0.73,,7.36,,2.52,,62.61,,,,,,27.37,8.27,9.02,10.4,0.0,,,0.89,,,,
09-Jan-2019,01:45,09-Jan-2019,02:00,Punjab,Patiala,"Model Town, Patiala - PPCB",0.92,250.52,,,,90.81,139.58,,,,40.3,18.4,3.2,8.2,11.4,0.71,,7.13,,2.52,,62.66,,,,,,27.42,8.05,8.95,10.35,0.0,,,0.88,,,,
09-Jan-2019,02:00,09-Jan-2019,02:15,Punjab,Patiala,"Model Town, Patiala - PPCB",0.56,256.07,,,,91.73,135.22,,,,41.8,18.4,3.9,8.2,12.1,0.7,,6.63,,2.51,,62.67,,,,,,27.43,7.91,8.83,10.34,0.0,,,0.89,,,,
09-Jan-2019,02:15,09-Jan-2019,02:30,Punjab,Patiala,"Model Town, Patiala - PPCB",0.78,254.33,,,,92.2,137.28,,,,41.8,18.1,3.8,8.3,12.1,0.69,,6.05,,2.52,,62.65,,,,,,27.44,7.72,8.72,10.27,0.0,,,0.9,,,,
09-Jan-2019,02:30,09-Jan-2019,02:45,Punjab,Patiala,"Model Town, Patiala - PPCB",1.04,250.24,,,,91.88,141.31,,,,41.8,18.0,3.8,8.2,12.0,0.69,,6.49,,2.51,,62.64,,,,,,27.36,7.77,8.65,10.31,0.0,,,0.89,,,,
09-Jan-2019,02:45,09-Jan-2019,03:00,Punjab,Patiala,"Model Town, Patiala - PPCB",0.87,250.26,,,,92.7,140.42,,,,44.4,18.0,4.0,8.1,12.1,0.69,,6.41,,2.5,,62.62,,,,,,27.34,7.7,8.45,10.27,0.0,,,0.88,,,,
09-Jan-2019,03:00,09-Jan-2019,03:15,Punjab,Patiala,"Model Town, Patiala - PPCB",0.95,249.35,,,,92.95,140.02,,,,45.5,18.0,4.0,8.0,12.0,0.68,,6.53,,2.52,,62.66,,,,,,27.39,7.6,8.33,10.27,0.0,,,0.89,,,,
09-Jan-2019,03:15,09-Jan-2019,03:30,Punjab,Patiala,"Model Town, Patiala - PPCB",1.11,252.11,,,,92.03,140.94,,,,45.5,16.9,3.9,8.2,12.1,0.68,,6.65,,2.52,,62.66,,,,,,27.37,7.65,8.36,10.31,0.0,,,0.88,,,,
09-Jan-2019,03:30,09-Jan-2019,03:45,Punjab,Patiala,"Model Town, Patiala - PPCB",0.97,252.05,,,,91.46,139.92,,,,45.5,16.8,3.9,7.8,11.7,0.68,,6.7,,2.52,,62.65,,,,,,27.51,7.77,8.33,10.33,0.0,,,0.89,,,,
09-Jan-2019,03:45,09-Jan-2019,04:00,Punjab,Patiala,"Model Town, Patiala - PPCB",1.24,250.1,,,,91.93,142.65,,,,48.5,16.8,4.2,8.0,12.2,0.69,,6.68,,2.53,,62.63,,,,,,27.52,7.88,8.06,10.29,0.0,,,0.88,,,,
09-Jan-2019,04:00,09-Jan-2019,04:15,Punjab,Patiala,"Model Town, Patiala - PPCB",0.78,252.96,,,,93.29,139.37,,,,49.8,16.8,4.3,8.1,12.4,0.67,,6.34,,2.53,,62.62,,,,,,27.56,,7.79,10.26,0.0,,,0.89,,,,
09-Jan-2019,04:15,09-Jan-2019,04:30,Punjab,Patiala,"Model Town, Patiala - PPCB",0.87,251.47,,,,92.88,141.13,,,,49.8,19.4,3.7,8.1,11.8,0.69,,6.3,,2.51,,62.63,,,,,,27.37,7.39,7.79,10.26,0.0,,,0.88,,,,
09-Jan-2019,04:30,09-Jan-2019,04:45,Punjab,Patiala,"Model Town, Patiala - PPCB",0.82,250.75,,,,93.17,141.33,,,,49.8,19.7,3.6,8.0,11.6,0.69,,6.38,,2.5,,62.59,,,,,,27.33,7.66,7.64,10.24,0.0,,,0.87,,,,
09-Jan-2019,04:45,09-Jan-2019,05:00,Punjab,Patiala,"Model Town, Patiala - PPCB",0.92,247.07,,,,94.11,141.81,,,,42.6,19.7,4.1,8.0,12.1,0.68,,6.37,,2.5,,62.59,,,,,,27.58,7.42,7.45,10.27,0.0,,,0.88,,,,
09-Jan-2019,05:00,09-Jan-2019,05:15,Punjab,Patiala,"Model Town, Patiala - PPCB",0.86,250.63,,,,94.55,141.52,,,,39.5,19.7,4.1,7.8,11.9,0.68,,6.1,,2.51,,62.65,,,,,,27.62,7.54,7.36,10.29,0.0,,,0.89,,,,
09-Jan-2019,05:15,09-Jan-2019,05:30,Punjab,Patiala,"Model Town, Patiala - PPCB",1.0,252.81,,,,93.11,141.64,,,,39.5,20.1,4.3,7.8,12.1,0.68,,6.68,,2.52,,62.69,,,,,,27.56,7.76,7.42,10.24,0.0,,,0.88,,,,
09-Jan-2019,05:30,09-Jan-2019,05:45,Punjab,Patiala,"Model Town, Patiala - PPCB",1.0,250.87,,,,93.35,141.83,,,,39.5,20.1,4.0,8.0,12.0,0.69,,6.55,,2.52,,62.65,,,,,,27.51,7.84,7.24,10.26,0.0,,,0.89,,,,
09-Jan-2019,05:45,09-Jan-2019,06:00,Punjab,Patiala,"Model Town, Patiala - PPCB",1.07,250.11,,,,93.43,143.08,,,,35.1,20.1,3.9,8.0,11.8,0.72,,6.01,,2.52,,62.65,,,,,,27.45,7.84,7.12,10.25,0.0,,,0.89,,,,
09-Jan-2019,06:00,09-Jan-2019,06:15,Punjab,Patiala,"Model Town, Patiala - PPCB",0.95,251.76,,,,93.98,141.97,,,,33.2,20.1,3.6,8.2,11.7,0.75,,5.71,,2.52,,62.66,,,,,,27.43,7.59,6.99,10.29,0.0,,,0.89,,,,
09-Jan-2019,06:15,09-Jan-2019,06:30,Punjab,Patiala,"Model Town, Patiala - PPCB",0.81,251.31,,,,94.19,140.58,,,,33.2,19.0,3.9,8.2,12.2,0.78,,4.97,,2.54,,62.64,,,,,,27.39,7.51,6.95,10.28,0.0,,,0.9,,,,
09-Jan-2019,06:30,09-Jan-2019,06:45,Punjab,Patiala,"Model Town, Patiala - PPCB",0.92,250.69,,,,93.96,141.11,,,,33.2,18.9,4.3,7.9,12.2,0.8,,4.72,,2.52,,62.61,,,,,,27.51,7.84,6.96,10.29,0.0,,,0.9,,,,
09-Jan-2019,06:45,09-Jan-2019,07:00,Punjab,Patiala,"Model Town, Patiala - PPCB",0.97,250.42,,,,93.3,141.64,,,,37.6,18.9,4.1,8.2,12.3,0.83,,4.48,,2.51,,62.6,,,,,,27.47,8.46,7.0,10.27,0.0,,,0.89,,,,
09-Jan-2019,07:00,09-Jan-2019,07:15,Punjab,Patiala,"Model Town, Patiala - PPCB",1.0,253.06,,,,93.61,142.44,,,,39.3,18.9,3.9,8.3,12.1,0.89,,3.92,,2.51,,62.62,,,,,,27.45,9.04,6.91,10.23,0.0,,,0.88,,,,
09-Jan-2019,07:15,09-Jan-2019,07:30,Punjab,Patiala,"Model Town, Patiala - PPCB",1.26,251.43,,,,93.97,146.57,,,,39.3,20.9,3.9,8.4,12.4,0.95,,3.57,,2.51,,62.67,,,,,,27.41,9.56,6.82,10.29,0.0,,,0.89,,,,
09-Jan-2019,07:30,09-Jan-2019,07:45,Punjab,Patiala,"Model Town, Patiala - PPCB",1.17,248.39,,,,94.54,154.93,,,,39.3,21.0,3.8,8.3,12.2,1.0,,3.39,,2.51,,62.72,,,,,,27.34,9.93,6.73,10.31,0.0,,,0.9,,,,
09-Jan-2019,07:45,09-Jan-2019,08:00,Punjab,Patiala,"Model Town, Patiala - PPCB",0.99,251.16,,,,94.92,175.54,,,,45.2,21.0,4.1,8.2,12.2,1.14,,3.31,,2.51,,62.63,,,,,,27.42,10.21,6.75,10.3,0.0,,,0.89,,,,
09-Jan-2019,08:00,09-Jan-2019,08:15,Punjab,Patiala,"Model Town, Patiala - PPCB",0.91,250.5,,,,93.14,206.65,,,,47.8,21.0,4.1,8.3,12.5,1.15,,2.99,,2.51,,62.65,,,,,,27.42,,7.18,10.26,0.0,,,0.88,,,,
09-Jan-2019,08:15,09-Jan-2019,08:30,Punjab,Patiala,"Model Town, Patiala - PPCB",1.22,252.57,,,,90.81,241.38,,,,47.8,27.8,3.9,8.2,12.2,1.29,,3.21,,2.51,,62.68,,,,,,27.43,12.88,7.64,10.27,0.0,,,0.88,,,,
09-Jan-2019,08:30,09-Jan-2019,08:45,Punjab,Patiala,"Model Town, Patiala - PPCB",1.26,254.06,,,,88.84,228.19,,,,47.8,28.4,3.6,8.2,11.8,1.37,,3.48,,2.51,,62.68,,,,,,27.39,15.93,8.05,10.26,0.0,,,0.89,,,,
09-Jan-2019,08:45,09-Jan-2019,09:00,Punjab,Patiala,"Model Town, Patiala - PPCB",1.37,252.88,,,,85.59,257.21,,,,45.7,28.4,4.0,8.0,12.0,1.38,,4.12,,2.51,,62.65,,,,,,27.46,20.17,8.69,10.28,0.0,,,0.89,,,,
09-Jan-2019,09:00,09-Jan-2019,09:15,Punjab,Patiala,"Model Town, Patiala - PPCB",1.25,253.24,,,,83.99,339.55,,,,44.8,28.4,4.1,7.9,12.0,1.39,,4.91,,2.51,,62.66,,,,,,27.56,25.19,9.23,10.27,0.0,,,0.9,,,,
09-Jan-2019,09:15,09-Jan-2019,09:30,Punjab,Patiala,"Model Town, Patiala - PPCB",1.61,254.79,,,,83.2,328.03,,,,44.8,30.1,4.0,8.0,12.0,1.39,,5.82,,2.51,,62.69,,,,,,27.59,26.01,9.51,10.27,0.0,,,0.88,,,,
09-Jan-2019,09:30,09-Jan-2019,09:45,Punjab,Patiala,"Model Town, Patiala - PPCB",1.74,254.49,,,,82.21,344.16,,,,44.8,30.3,3.9,8.0,11.8,1.41,,7.3,,2.52,,62.63,,,,,,27.55,26.13,9.98,10.31,0.0,,,0.88,,,,
09-Jan-2019,09:45,09-Jan-2019,10:00,Punjab,Patiala,"Model Town, Patiala - PPCB",1.42,255.3,,,,78.85,319.82,,,,43.1,30.3,3.4,8.3,11.7,1.43,,8.38,,2.51,,62.67,,,,,,27.43,28.42,10.85,10.31,0.0,,,0.9,,,,
09-Jan-2019,10:00,09-Jan-2019,10:15,Punjab,Patiala,"Model Town, Patiala - PPCB",1.46,255.67,,,,75.82,304.0,,,,42.4,30.3,3.9,8.0,11.9,1.33,,6.46,,2.51,,62.62,,,,,,27.6,38.7,11.63,10.35,0.0,,,0.89,,,,
09-Jan-2019,10:15,09-Jan-2019,10:30,Punjab,Patiala,"Model Town, Patiala - PPCB",1.08,258.56,,,,72.99,391.58,,,,42.4,31.8,3.6,7.8,11.4,1.39,,7.84,,2.51,,62.68,,,,,,27.62,40.7,12.43,10.3,0.0,,,0.89,,,,
09-Jan-2019,10:30,09-Jan-2019,10:45,Punjab,Patiala,"Model Town, Patiala - PPCB",1.25,259.07,,,,70.14,345.2,,,,42.4,32.0,3.4,8.1,11.5,1.27,,8.78,,2.51,,62.64,,,,,,27.47,37.08,12.89,10.24,0.0,,,0.9,,,,
09-Jan-2019,10:45,09-Jan-2019,11:00,Punjab,Patiala,"Model Town, Patiala - PPCB",1.12,261.14,,,,67.85,396.11,,,,36.8,32.0,3.3,8.0,11.3,1.18,,7.57,,2.53,,62.61,,,,,,27.37,31.44,13.39,10.22,0.0,,,0.89,,,,
09-Jan-2019,11:00,09-Jan-2019,11:15,Punjab,Patiala,"Model Town, Patiala - PPCB",1.2,260.72,,,,59.08,567.87,,,,34.4,32.0,3.6,7.9,11.6,,,12.12,,2.52,,62.66,,,,,,27.44,,14.56,10.3,0.0,,,0.89,,,,
09-Jan-2019,11:15,09-Jan-2019,11:30,Punjab,Patiala,"Model Town, Patiala - PPCB",1.14,261.24,,,,54.72,463.24,,,,34.4,29.3,3.6,7.8,11.4,0.95,,13.26,,2.52,,62.64,,,,,,27.41,24.99,15.34,10.27,0.0,,,0.89,,,,
09-Jan-2019,11:30,09-Jan-2019,11:45,Punjab,Patiala,"Model Town, Patiala - PPCB",1.25,261.88,,,,52.85,503.3,,,,34.4,29.1,3.5,7.7,11.2,0.91,,13.93,,2.53,,62.62,,,,,,27.46,22.48,15.88,10.29,0.0,,,0.89,,,,
09-Jan-2019,11:45,09-Jan-2019,12:00,Punjab,Patiala,"Model Town, Patiala - PPCB",1.29,261.82,,,,49.0,453.33,,,,,29.1,3.5,7.8,11.3,0.86,,15.26,,2.51,,62.71,,,,,,27.45,,16.38,10.28,0.0,,,0.88,,,,
09-Jan-2019,12:00,09-Jan-2019,12:15,Punjab,Patiala,"Model Town, Patiala - PPCB",1.24,265.59,,,,46.65,530.01,,,,,29.1,3.6,7.8,11.4,0.61,,17.06,,2.51,,62.66,,,,,,27.36,,16.65,10.27,0.0,,,0.88,,,,
09-Jan-2019,12:15,09-Jan-2019,12:30,Punjab,Patiala,"Model Town, Patiala - PPCB",1.16,266.38,,,,46.06,546.61,,,,,30.8,3.6,7.7,11.3,0.64,,17.44,,2.52,,62.68,,,,,,27.39,,17.06,10.26,0.0,,,0.88,,,,
09-Jan-2019,12:30,09-Jan-2019,12:45,Punjab,Patiala,"Model Town, Patiala - PPCB",1.72,255.09,,,,46.36,544.27,,,,,30.9,3.7,7.6,11.3,0.66,,17.41,,2.52,,62.64,,,,,,27.39,,17.17,10.35,0.0,,,0.89,,,,
09-Jan-2019,12:45,09-Jan-2019,13:00,Punjab,Patiala,"Model Town, Patiala - PPCB",1.74,258.16,,,,44.97,241.05,,,,,30.9,3.2,7.8,11.0,0.64,,19.41,,2.53,,62.63,,,,,,27.36,,17.1,10.29,0.0,,,0.89,,,,
09-Jan-2019,13:00,09-Jan-2019,13:15,Punjab,Patiala,"Model Town, Patiala - PPCB",1.34,261.75,,,,45.85,177.19,,,,,30.9,3.8,7.7,11.5,0.62,,19.57,,2.52,,62.67,,,,,,27.47,,17.36,10.23,0.0,,,0.88,,,,
09-Jan-2019,13:15,09-Jan-2019,13:30,Punjab,Patiala,"Model Town, Patiala - PPCB",1.42,260.86,,,,44.61,181.93,,,,46.1,26.3,4.5,7.7,12.2,0.6,,19.46,,2.52,,62.73,,,,,,27.49,16.33,17.53,10.29,0.0,,,0.88,,,,
09-Jan-2019,13:30,09-Jan-2019,13:45,Punjab,Patiala,"Model Town, Patiala - PPCB",1.34,261.09,,,,45.48,191.31,,,,46.1,25.9,4.6,7.7,12.3,0.58,,20.19,,2.52,,62.74,,,,,,27.49,16.04,17.47,10.29,0.0,,,0.89,,,,
09-Jan-2019,13:45,09-Jan-2019,14:00,Punjab,Patiala,"Model Town, Patiala - PPCB",1.6,257.87,,,,44.39,190.94,,,,58.8,25.9,3.8,7.8,11.7,0.58,,20.6,,2.51,,62.68,,,,,,27.45,17.0,17.58,10.28,0.0,,,0.88,,,,
09-Jan-2019,14:00,09-Jan-2019,14:15,Punjab,Patiala,"Model Town, Patiala - PPCB",1.63,257.35,,,,42.62,190.42,,,,64.0,25.9,3.7,7.9,11.6,0.52,,21.84,,2.51,,62.64,,,,,,27.4,17.41,17.57,10.32,0.0,,,0.9,,,,
09-Jan-2019,14:15,09-Jan-2019,14:30,Punjab,Patiala,"Model Town, Patiala - PPCB",1.46,257.07,,,,44.18,192.6,,,,64.0,23.0,3.8,7.9,11.7,0.53,,22.6,,2.52,,62.64,,,,,,27.38,18.16,17.57,10.32,0.0,,,0.91,,,,
09-Jan-2019,14:30,09-Jan-2019,14:45,Punjab,Patiala,"Model Town, Patiala - PPCB",1.5,253.58,,,,45.01,190.55,,,,64.0,22.7,4.0,7.7,11.8,0.51,,19.38,,2.53,,62.68,,,,,,27.52,16.93,17.64,10.29,0.0,,,0.89,,,,
09-Jan-2019,14:45,09-Jan-2019,15:00,Punjab,Patiala,"Model Town, Patiala - PPCB",1.52,256.48,,,,42.65,184.27,,,,71.5,22.7,4.5,7.8,12.2,0.44,,24.32,,2.52,,62.75,,,,,,27.63,14.41,17.78,10.3,0.0,,,0.89,,,,
09-Jan-2019,15:00,09-Jan-2019,15:15,Punjab,Patiala,"Model Town, Patiala - PPCB",1.77,253.63,,,,42.99,181.02,,,,74.7,22.7,4.5,7.6,12.1,0.39,,25.98,,2.51,,62.72,,,,,,27.65,12.86,17.71,10.28,0.0,,,0.89,,,,
09-Jan-2019,15:15,09-Jan-2019,15:30,Punjab,Patiala,"Model Town, Patiala - PPCB",1.7,254.83,,,,42.06,177.04,,,,74.7,20.6,4.1,7.9,12.0,0.34,,25.69,,2.51,,62.67,,,,,,27.52,11.59,17.64,10.25,0.0,,,0.88,,,,
09-Jan-2019,15:30,09-Jan-2019,15:45,Punjab,Patiala,"Model Town, Patiala - PPCB",1.59,255.41,,,,44.43,176.27,,,,74.7,20.5,4.4,8.0,12.4,0.32,,24.34,,2.52,,62.68,,,,,,27.53,11.53,17.59,10.31,0.0,,,0.89,,,,
09-Jan-2019,15:45,09-Jan-2019,16:00,Punjab,Patiala,"Model Town, Patiala - PPCB",1.4,255.61,,,,45.32,171.52,,,,74.8,20.5,4.6,8.0,12.6,0.32,,23.35,,2.51,,62.65,,,,,,27.57,11.61,17.56,10.25,0.0,,,0.88,,,,
09-Jan-2019,16:00,09-Jan-2019,16:15,Punjab,Patiala,"Model Town, Patiala - PPCB",1.34,252.57,,,,47.48,167.15,,,,74.9,20.5,4.7,7.9,12.6,0.47,,21.44,,2.52,,62.71,,,,,,27.54,,17.53,10.26,0.0,,,0.88,,,,
09-Jan-2019,16:15,09-Jan-2019,16:30,Punjab,Patiala,"Model Town, Patiala - PPCB",1.15,256.19,,,,47.45,163.61,,,,74.9,19.1,3.7,8.0,11.7,0.5,,21.95,,2.52,,62.66,,,,,,27.42,10.35,17.24,10.26,0.0,,,0.89,,,,
09-Jan-2019,16:30,09-Jan-2019,16:45,Punjab,Patiala,"Model Town, Patiala - PPCB",1.23,253.42,,,,50.79,161.11,,,,74.9,19.0,3.6,8.0,11.7,0.48,,20.57,,2.53,,62.68,,,,,,27.42,10.85,16.94,10.25,0.0,,,0.88,,,,
09-Jan-2019,16:45,09-Jan-2019,17:00,Punjab,Patiala,"Model Town, Patiala - PPCB",1.32,250.32,,,,52.32,157.46,,,,68.3,19.0,4.4,8.1,12.5,0.51,,20.9,,2.52,,62.77,,,,,,27.53,10.71,16.56,10.25,0.0,,,0.87,,,,
09-Jan-2019,17:00,09-Jan-2019,17:15,Punjab,Patiala,"Model Town, Patiala - PPCB",1.29,255.64,,,,53.05,150.98,,,,65.5,19.0,4.1,8.1,12.2,0.59,,18.08,,2.53,,62.69,,,,,,27.46,10.37,16.15,10.3,0.0,,,0.88,,,,
09-Jan-2019,17:15,09-Jan-2019,17:30,Punjab,Patiala,"Model Town, Patiala - PPCB",1.12,253.02,,,,53.34,143.64,,,,65.5,17.4,3.6,7.8,11.4,0.52,,19.19,,2.54,,62.66,,,,,,27.48,9.57,15.64,10.28,0.0,,,0.9,,,,
09-Jan-2019,17:30,09-Jan-2019,17:45,Punjab,Patiala,"Model Town, Patiala - PPCB",0.64,252.66,,,,55.99,131.4,,,,65.5,17.2,3.5,8.1,11.6,0.58,,15.59,,2.53,,62.72,,,,,,27.52,9.3,15.07,10.29,0.0,,,0.89,,,,
09-Jan-2019,17:45,09-Jan-2019,18:00,Punjab,Patiala,"Model Town, Patiala - PPCB",0.38,257.74,,,,60.83,127.0,,,,54.6,17.2,4.1,7.8,11.9,0.66,,10.36,,2.51,,62.71,,,,,,27.81,9.19,14.36,10.34,0.0,,,0.89,,,,
09-Jan-2019,18:00,09-Jan-2019,18:15,Punjab,Patiala,"Model Town, Patiala - PPCB",0.07,261.94,,,,66.52,127.92,,,,50.1,17.2,3.5,8.3,11.8,0.77,,6.07,,2.51,,62.64,,,,,,27.32,9.25,13.55,10.37,0.0,,,0.93,,,,
09-Jan-2019,18:15,09-Jan-2019,18:30,Punjab,Patiala,"Model Town, Patiala - PPCB",0.36,241.74,,,,69.06,125.98,,,,50.1,15.9,3.4,8.4,11.9,0.92,,3.54,,2.51,,62.65,,,,,,27.15,9.33,13.09,10.31,0.0,,,0.9,,,,
09-Jan-2019,18:30,09-Jan-2019,18:45,Punjab,Patiala,"Model Town, Patiala - PPCB",0.89,251.02,,,,67.27,135.6,,,,50.1,15.8,3.6,8.4,12.1,0.79,,6.87,,2.51,,62.67,,,,,,27.41,9.5,13.18,10.34,0.0,,,0.89,,,,
09-Jan-2019,18:45,09-Jan-2019,19:00,Punjab,Patiala,"Model Town, Patiala - PPCB",0.99,247.28,,,,68.33,136.74,,,,49.4,15.8,3.5,8.7,12.1,0.7,,9.13,,2.5,,62.6,,,,,,27.34,9.8,13.07,10.46,0.0,,,0.89,,,,
09-Jan-2019,19:00,09-Jan-2019,19:15,Punjab,Patiala,"Model Town, Patiala - PPCB",1.06,250.89,,,,69.04,137.98,,,,49.1,15.8,3.6,8.4,12.0,0.66,,12.04,,2.5,,62.65,,,,,,27.5,9.48,12.82,10.34,0.0,,,0.91,,,,
09-Jan-2019,19:15,09-Jan-2019,19:30,Punjab,Patiala,"Model Town, Patiala - PPCB",1.11,250.05,,,,69.77,138.27,,,,49.1,15.0,3.9,8.1,12.1,0.72,,12.1,,2.51,,62.71,,,,,,27.35,9.48,12.59,10.25,0.0,,,0.89,,,,
09-Jan-2019,19:30,09-Jan-2019,19:45,Punjab,Patiala,"Model Town, Patiala - PPCB",1.15,250.28,,,,70.73,139.4,,,,49.1,14.9,3.3,8.3,11.6,0.85,,11.03,,2.52,,62.69,,,,,,27.22,9.59,12.42,10.28,0.0,,,0.88,,,,
09-Jan-2019,19:45,09-Jan-2019,20:00,Punjab,Patiala,"Model Town, Patiala - PPCB",1.15,253.47,,,,70.45,137.94,,,,52.2,14.9,2.9,8.5,11.4,0.8,,11.81,,2.51,,62.63,,,,,,27.26,9.42,12.39,10.26,0.0,,,0.88,,,,
09-Jan-2019,20:00,09-Jan-2019,20:15,Punjab,Patiala,"Model Town, Patiala - PPCB",1.14,252.95,,,,71.1,138.86,,,,53.4,14.9,3.0,8.4,11.5,0.77,,11.45,,2.52,,62.62,,,,,,27.3,,12.28,10.29,0.0,,,0.89,,,,
09-Jan-2019,20:15,09-Jan-2019,20:30,Punjab,Patiala,"Model Town, Patiala - PPCB",1.19,254.94,,,,72.14,137.78,,,,53.4,20.6,2.8,8.4,11.2,0.79,,10.85,,2.52,,62.67,,,,,,27.28,11.98,12.12,10.27,0.0,,,0.89,,,,
09-Jan-2019,20:30,09-Jan-2019,20:45,Punjab,Patiala,"Model Town, Patiala - PPCB",1.28,253.66,,,,72.46,139.6,,,,53.4,21.1,3.7,8.3,12.1,0.77,,11.72,,2.51,,62.68,,,,,,27.37,13.13,11.99,10.28,0.0,,,0.88,,,,
09-Jan-2019,20:45,09-Jan-2019,21:00,Punjab,Patiala,"Model Town, Patiala - PPCB",0.97,254.86,,,,71.74,137.38,,,,90.7,21.1,4.2,8.2,12.4,0.79,,12.02,,2.52,,62.66,,,,,,27.53,14.09,12.02,10.38,0.0,,,0.88,,,,
09-Jan-2019,21:00,09-Jan-2019,21:15,Punjab,Patiala,"Model Town, Patiala - PPCB",0.95,251.24,,,,73.03,138.09,,,,106.7,21.1,3.8,8.0,11.8,0.81,,11.52,,2.51,,62.7,,,,,,27.41,14.47,11.8,10.28,0.0,,,0.88,,,,
09-Jan-2019,21:15,09-Jan-2019,21:30,Punjab,Patiala,"Model Town, Patiala - PPCB",1.14,251.39,,,,74.16,140.72,,,,106.7,18.4,3.8,8.0,11.8,0.82,,11.38,,2.51,,62.74,,,,,,27.44,14.54,11.67,10.26,0.0,,,0.89,,,,
09-Jan-2019,21:30,09-Jan-2019,21:45,Punjab,Patiala,"Model Town, Patiala - PPCB",0.76,248.8,,,,75.72,135.6,,,,106.7,18.2,3.2,8.2,11.4,0.87,,10.52,,2.51,,62.79,,,,,,27.43,13.13,11.41,10.27,0.0,,,0.87,,,,
09-Jan-2019,21:45,09-Jan-2019,22:00,Punjab,Patiala,"Model Town, Patiala - PPCB",1.06,251.46,,,,77.92,141.18,,,,132.9,18.2,3.7,8.4,12.1,0.88,,10.05,,2.52,,62.69,,,,,,27.45,12.2,11.05,10.35,0.0,,,0.88,,,,
09-Jan-2019,22:00,09-Jan-2019,22:15,Punjab,Patiala,"Model Town, Patiala - PPCB",1.06,250.81,,,,78.59,141.79,,,,144.1,18.2,3.9,8.3,12.2,0.84,,10.12,,2.55,,62.62,,,,,,27.44,11.62,10.83,10.33,0.0,,,0.88,,,,
09-Jan-2019,22:15,09-Jan-2019,22:30,Punjab,Patiala,"Model Town, Patiala - PPCB",1.04,248.58,,,,79.86,140.08,,,,144.1,18.2,3.6,8.3,11.9,0.83,,9.21,,2.52,,62.63,,,,,,27.33,11.15,10.69,10.33,0.0,,,0.88,,,,
09-Jan-2019,22:30,09-Jan-2019,22:45,Punjab,Patiala,"Model Town, Patiala - PPCB",0.51,248.25,,,,82.0,135.43,,,,144.1,18.2,3.8,8.2,12.0,0.78,,8.89,,2.5,,62.63,,,,,,27.43,10.58,10.46,10.34,0.0,,,0.89,,,,
09-Jan-2019,22:45,09-Jan-2019,23:00,Punjab,Patiala,"Model Town, Patiala - PPCB",0.52,248.17,,,,85.33,136.84,,,,163.7,18.2,4.2,8.3,12.5,0.79,,7.7,,2.51,,62.69,,,,,,27.42,9.5,10.02,10.26,0.0,,,0.88,,,,
09-Jan-2019,23:00,09-Jan-2019,23:15,Punjab,Patiala,"Model Town, Patiala - PPCB",0.9,246.78,,,,83.04,139.02,,,,172.2,18.2,4.3,7.8,12.1,0.81,,8.49,,2.51,,62.83,,,,,,27.56,9.64,10.28,10.25,0.0,,,0.88,,,,
09-Jan-2019,23:15,09-Jan-2019,23:30,Punjab,Patiala,"Model Town, Patiala - PPCB",0.8,246.12,,,,84.62,138.35,,,,172.2,18.0,4.0,7.9,11.9,0.8,,8.11,,2.54,,62.66,,,,,,27.45,9.47,10.06,10.26,0.0,,,0.89,,,,
09-Jan-2019,23:30,09-Jan-2019,23:45,Punjab,Patiala,"Model Town, Patiala - PPCB",0.49,242.93,,,,85.41,134.87,,,,172.2,18.0,3.5,8.4,11.9,0.78,,6.91,,2.52,,62.74,,,,,,27.38,8.84,9.91,10.28,0.0,,,0.89,,,,
09-Jan-2019,23:45,10-Jan-2019,00:00,Punjab,Patiala,"Model Town, Patiala - PPCB",0.14,195.92,,,,90.01,133.84,,,,188.1,18.0,3.8,8.4,12.2,0.77,,6.35,,2.51,,62.67,,,,,,27.36,8.37,9.24,10.32,0.0,,,0.89,,,,
10-Jan-2019,00:00,10-Jan-2019,00:15,Punjab,Patiala,"Model Town, Patiala - PPCB",0.11,250.46,,,,93.0,137.21,,,,194.9,18.0,4.1,8.3,12.4,0.68,,5.08,,2.51,,62.71,,,,,,27.34,,8.99,10.28,0.0,,,0.89,,,,
10-Jan-2019,00:15,10-Jan-2019,00:30,Punjab,Patiala,"Model Town, Patiala - PPCB",0.18,263.38,,,,92.49,138.68,,,,194.9,19.5,3.9,8.4,12.3,0.68,,5.39,,2.51,,62.67,,,,,,27.35,8.24,9.01,10.28,0.0,,,0.89,,,,
10-Jan-2019,00:30,10-Jan-2019,00:45,Punjab,Patiala,"Model Town, Patiala - PPCB",0.34,244.62,,,,93.94,138.62,,,,194.9,19.7,3.8,8.2,12.0,0.68,,5.47,,2.52,,62.64,,,,,,27.39,8.36,8.64,10.38,0.0,,,0.9,,,,
10-Jan-2019,00:45,10-Jan-2019,01:00,Punjab,Patiala,"Model Town, Patiala - PPCB",0.11,230.64,,,,94.93,138.61,,,,132.4,19.7,3.7,8.1,11.8,0.79,,3.86,,2.52,,62.68,,,,,,27.45,7.87,8.26,10.35,0.0,,,0.9,,,,
10-Jan-2019,01:00,10-Jan-2019,01:15,Punjab,Patiala,"Model Town, Patiala - PPCB",0.27,256.51,,,,94.95,140.58,,,,105.7,19.7,4.0,8.1,12.1,0.69,,4.94,,2.5,,62.65,,,,,,27.46,7.62,8.13,10.29,0.0,,,0.89,,,,
10-Jan-2019,01:15,10-Jan-2019,01:30,Punjab,Patiala,"Model Town, Patiala - PPCB",0.19,226.46,,,,94.96,141.55,,,,105.7,19.6,4.0,8.1,12.1,0.69,,3.65,,2.51,,62.69,,,,,,27.41,7.38,7.87,10.27,0.0,,,0.89,,,,
10-Jan-2019,01:30,10-Jan-2019,01:45,Punjab,Patiala,"Model Town, Patiala - PPCB",0.17,212.43,,,,94.97,142.89,,,,105.7,19.6,3.5,8.3,11.7,0.7,,3.4,,2.53,,62.64,,,,,,27.45,6.99,7.67,10.34,0.0,,,0.89,,,,
10-Jan-2019,01:45,10-Jan-2019,02:00,Punjab,Patiala,"Model Town, Patiala - PPCB",0.16,201.05,,,,94.99,143.7,,,,69.5,19.6,3.4,8.4,11.8,0.72,,3.27,,2.52,,62.73,,,,,,27.39,6.98,7.57,10.34,0.0,,,0.89,,,,
10-Jan-2019,02:00,10-Jan-2019,02:15,Punjab,Patiala,"Model Town, Patiala - PPCB",0.21,235.56,,,,94.99,146.52,,,,54.0,19.6,4.1,8.3,12.4,0.74,,2.55,,2.51,,62.63,,,,,,27.37,6.77,7.46,10.27,0.0,,,0.89,,,,
10-Jan-2019,02:15,10-Jan-2019,02:30,Punjab,Patiala,"Model Town, Patiala - PPCB",0.27,250.23,,,,95.0,147.04,,,,54.0,19.1,4.1,8.2,12.3,0.77,,2.29,,2.51,,62.6,,,,,,27.37,6.61,7.36,10.35,0.0,,,0.88,,,,
10-Jan-2019,02:30,10-Jan-2019,02:45,Punjab,Patiala,"Model Town, Patiala - PPCB",0.17,283.05,,,,95.0,148.08,,,,54.0,19.0,3.0,8.3,11.3,0.74,,2.64,,2.52,,62.65,,,,,,27.26,6.62,7.41,10.34,0.0,,,0.88,,,,
10-Jan-2019,02:45,10-Jan-2019,03:00,Punjab,Patiala,"Model Town, Patiala - PPCB",0.21,178.99,,,,94.99,144.43,,,,41.8,19.0,3.9,8.3,12.2,0.69,,3.14,,2.51,,62.62,,,,,,27.3,6.39,7.11,10.26,0.0,,,0.88,,,,
10-Jan-2019,03:00,10-Jan-2019,03:15,Punjab,Patiala,"Model Town, Patiala - PPCB",,,,,,,,,,,,,,,,,,,,,,,,,,,,,,,,,,,,,,,
10-Jan-2019,03:15,10-Jan-2019,03:30,Punjab,Patiala,"Model Town, Patiala - PPCB",0.21,204.41,,,,95.0,145.73,,,,36.2,18.9,3.6,8.1,11.2,0.71,,3.45,,2.52,,62.62,,,,,,27.43,6.09,6.83,10.26,0.0,,,0.88,,,,
10-Jan-2019,03:30,10-Jan-2019,03:45,Punjab,Patiala,"Model Town, Patiala - PPCB",0.68,248.94,,,,95.04,151.12,,,,36.2,18.9,3.9,7.8,11.7,0.71,,3.91,,2.51,,62.62,,,,,,27.47,6.1,7.02,10.27,0.0,,,0.89,,,,
10-Jan-2019,03:45,10-Jan-2019,04:00,Punjab,Patiala,"Model Town, Patiala - PPCB",0.48,236.6,,,,95.02,146.08,,,,184.6,18.9,4.1,8.0,12.1,0.69,,4.61,,2.51,,62.67,,,,,,27.49,6.09,7.19,10.29,0.0,,,0.89,,,,
10-Jan-2019,04:00,10-Jan-2019,04:15,Punjab,Patiala,"Model Town, Patiala - PPCB",0.2,220.85,,,,95.04,150.0,,,,248.1,18.9,4.3,8.0,12.3,0.66,,5.34,,2.52,,62.66,,,,,,27.54,,7.19,10.31,0.0,,,0.88,,,,
10-Jan-2019,04:15,10-Jan-2019,04:30,Punjab,Patiala,"Model Town, Patiala - PPCB",0.21,246.09,,,,95.04,150.93,,,,248.1,21.9,3.5,8.3,11.8,0.71,,4.79,,2.51,,62.6,,,,,,27.29,5.86,6.97,10.33,0.0,,,0.9,,,,
10-Jan-2019,04:30,10-Jan-2019,04:45,Punjab,Patiala,"Model Town, Patiala - PPCB",0.26,229.87,,,,95.04,155.56,,,,248.1,22.2,3.5,8.2,11.7,0.72,,4.33,,2.51,,62.63,,,,,,27.32,5.78,6.96,10.3,0.0,,,0.89,,,,
10-Jan-2019,04:45,10-Jan-2019,05:00,Punjab,Patiala,"Model Town, Patiala - PPCB",0.58,244.49,,,,95.04,157.59,,,,92.0,22.2,3.9,7.9,11.8,0.74,,4.33,,2.52,,62.61,,,,,,27.46,5.92,7.15,10.34,0.0,,,0.88,,,,
10-Jan-2019,05:00,10-Jan-2019,05:15,Punjab,Patiala,"Model Town, Patiala - PPCB",0.87,250.63,,,,95.04,157.18,,,,25.0,22.2,4.0,7.9,11.9,0.73,,5.3,,2.52,,62.63,,,,,,27.36,5.91,7.47,10.31,0.0,,,0.88,,,,
10-Jan-2019,05:15,10-Jan-2019,05:30,Punjab,Patiala,"Model Town, Patiala - PPCB",0.68,248.9,,,,95.04,154.19,,,,25.0,23.1,3.9,8.1,12.0,0.71,,5.4,,2.51,,62.64,,,,,,27.34,5.96,7.48,10.27,0.0,,,0.88,,,,
10-Jan-2019,05:30,10-Jan-2019,05:45,Punjab,Patiala,"Model Town, Patiala - PPCB",0.75,253.61,,,,95.24,157.58,,,,25.0,23.2,3.9,8.0,11.9,0.71,,4.75,,2.51,,62.65,,,,,,27.38,5.92,7.39,10.29,0.0,,,0.88,,,,
10-Jan-2019,05:45,10-Jan-2019,06:00,Punjab,Patiala,"Model Town, Patiala - PPCB",0.85,254.15,,,,95.26,157.88,,,,241.8,23.2,3.4,8.3,11.7,0.74,,3.79,,2.51,,62.63,,,,,,27.29,5.93,7.3,10.28,0.0,,,0.87,,,,
10-Jan-2019,06:00,10-Jan-2019,06:15,Punjab,Patiala,"Model Town, Patiala - PPCB",0.8,254.87,,,,95.26,155.81,,,,334.8,23.2,3.4,8.3,11.6,0.75,,2.49,,2.51,,62.64,,,,,,27.45,6.18,7.25,10.26,0.0,,,0.88,,,,
10-Jan-2019,06:15,10-Jan-2019,06:30,Punjab,Patiala,"Model Town, Patiala - PPCB",0.66,254.85,,,,95.27,155.59,,,,334.8,22.1,3.6,8.2,11.7,0.74,,2.42,,2.52,,62.6,,,,,,27.43,6.09,7.18,10.23,0.0,,,0.88,,,,
10-Jan-2019,06:30,10-Jan-2019,06:45,Punjab,Patiala,"Model Town, Patiala - PPCB",0.75,254.75,,,,95.26,155.79,,,,334.8,22.1,3.7,8.3,12.0,0.75,,2.46,,2.52,,62.6,,,,,,27.46,6.13,7.12,10.26,0.0,,,0.88,,,,
10-Jan-2019,06:45,10-Jan-2019,07:00,Punjab,Patiala,"Model Town, Patiala - PPCB",0.73,250.0,,,,95.26,155.43,,,,348.5,22.1,3.8,8.2,12.0,0.81,,2.23,,2.51,,62.62,,,,,,27.47,6.1,7.09,10.28,0.0,,,0.89,,,,
10-Jan-2019,07:00,10-Jan-2019,07:15,Punjab,Patiala,"Model Town, Patiala - PPCB",0.75,247.0,,,,95.24,150.86,,,,354.4,22.1,4.4,7.8,12.2,0.94,,1.98,,2.52,,62.65,,,,,,27.52,6.27,7.22,10.31,0.0,,,0.89,,,,
10-Jan-2019,07:15,10-Jan-2019,07:30,Punjab,Patiala,"Model Town, Patiala - PPCB",1.08,249.18,,,,95.24,154.93,,,,354.4,21.1,4.3,8.0,12.3,0.95,,2.0,,2.51,,62.6,,,,,,27.42,6.42,7.26,10.28,0.0,,,0.89,,,,
10-Jan-2019,07:30,10-Jan-2019,07:45,Punjab,Patiala,"Model Town, Patiala - PPCB",0.96,250.99,,,,95.23,160.0,,,,354.4,21.0,4.1,7.8,11.9,0.94,,2.15,,2.51,,62.6,,,,,,27.48,6.44,7.22,10.26,0.0,,,0.87,,,,
10-Jan-2019,07:45,10-Jan-2019,08:00,Punjab,Patiala,"Model Town, Patiala - PPCB",0.83,255.23,,,,95.23,184.01,,,,372.2,21.0,4.3,7.8,12.2,0.92,,2.35,,2.5,,62.63,,,,,,27.41,6.61,7.12,10.26,0.0,,,0.91,,,,
10-Jan-2019,08:00,10-Jan-2019,08:15,Punjab,Patiala,"Model Town, Patiala - PPCB",1.17,253.57,,,,95.23,197.45,,,,380.2,21.0,4.0,7.9,11.9,0.79,,2.28,,2.52,,62.69,,,,,,27.51,,7.22,10.25,0.0,,,0.9,,,,
10-Jan-2019,08:15,10-Jan-2019,08:30,Punjab,Patiala,"Model Town, Patiala - PPCB",0.97,253.86,,,,95.21,206.34,,,,380.2,23.7,3.8,8.1,11.9,0.86,,2.54,,2.52,,62.66,,,,,,27.38,7.24,7.47,10.29,0.0,,,0.87,,,,
10-Jan-2019,08:30,10-Jan-2019,08:45,Punjab,Patiala,"Model Town, Patiala - PPCB",1.03,254.58,,,,94.43,206.43,,,,380.2,23.9,4.1,8.0,12.1,0.96,,2.56,,2.52,,62.69,,,,,,27.48,8.47,8.0,10.27,0.0,,,0.87,,,,
10-Jan-2019,08:45,10-Jan-2019,09:00,Punjab,Patiala,"Model Town, Patiala - PPCB",1.09,253.89,,,,92.94,227.65,,,,132.5,23.9,4.3,8.1,12.4,0.96,,2.94,,2.53,,62.66,,,,,,27.43,10.52,8.3,10.35,0.0,,,0.88,,,,
10-Jan-2019,09:00,10-Jan-2019,09:15,Punjab,Patiala,"Model Town, Patiala - PPCB",1.22,254.31,,,,92.49,242.29,,,,26.4,23.9,4.4,8.1,12.5,0.9,,3.27,,2.52,,62.68,,,,,,27.5,10.95,8.34,10.39,0.0,,,0.88,,,,
10-Jan-2019,09:15,10-Jan-2019,09:30,Punjab,Patiala,"Model Town, Patiala - PPCB",0.93,256.09,,,,91.32,290.79,,,,26.4,25.3,4.0,8.2,12.2,0.87,,3.77,,2.52,,62.62,,,,,,27.44,11.1,8.67,10.3,0.0,,,0.89,,,,
10-Jan-2019,09:30,10-Jan-2019,09:45,Punjab,Patiala,"Model Town, Patiala - PPCB",0.77,252.66,,,,85.41,340.82,,,,26.4,25.4,3.6,8.5,12.1,0.87,,4.78,,2.52,,62.6,,,,,,27.37,14.18,9.81,10.25,0.0,,,0.89,,,,
10-Jan-2019,09:45,10-Jan-2019,10:00,Punjab,Patiala,"Model Town, Patiala - PPCB",0.85,260.15,,,,79.2,329.99,,,,20.6,25.4,3.9,8.1,12.1,0.97,,4.75,,2.51,,62.65,,,,,,27.38,20.76,10.88,10.26,0.0,,,0.87,,,,
10-Jan-2019,10:00,10-Jan-2019,10:15,Punjab,Patiala,"Model Town, Patiala - PPCB",0.75,260.46,,,,76.16,360.41,,,,18.2,25.4,4.1,8.2,12.3,0.92,,7.01,,2.5,,62.74,,,,,,27.41,25.46,11.75,10.31,0.0,,,0.89,,,,
10-Jan-2019,10:15,10-Jan-2019,10:30,Punjab,Patiala,"Model Town, Patiala - PPCB",0.75,259.62,,,,77.0,283.97,,,,,,3.8,8.2,12.0,0.91,,7.3,,2.52,,62.67,,,,,,27.33,23.69,11.8,10.25,0.0,,,0.89,,,,
10-Jan-2019,10:30,10-Jan-2019,10:45,Punjab,Patiala,"Model Town, Patiala - PPCB",0.43,273.88,,,,76.96,287.82,,,,,,3.9,8.3,12.2,0.93,,6.45,,2.54,,62.6,,,,,,27.42,22.38,12.33,10.32,0.0,,,0.91,,,,
10-Jan-2019,10:45,10-Jan-2019,11:00,Punjab,Patiala,"Model Town, Patiala - PPCB",0.52,267.79,,,,76.07,320.94,,,,,,4.3,8.0,12.3,0.91,,7.59,,2.51,,62.61,,,,,,27.5,21.74,12.69,10.28,0.0,,,0.89,,,,
10-Jan-2019,11:00,10-Jan-2019,11:15,Punjab,Patiala,"Model Town, Patiala - PPCB",0.74,262.55,,,,71.34,370.59,,,,,,4.4,7.9,12.2,0.85,,8.76,,2.51,,62.62,,,,,,27.57,23.55,13.36,10.26,0.0,,,0.88,,,,
10-Jan-2019,11:15,10-Jan-2019,11:30,Punjab,Patiala,"Model Town, Patiala - PPCB",0.43,285.94,,,,69.36,322.18,,,,,,4.3,8.0,12.3,0.81,,11.16,,2.53,,62.63,,,,,,27.53,23.66,13.94,10.26,0.0,,,0.88,,,,
10-Jan-2019,11:30,10-Jan-2019,11:45,Punjab,Patiala,"Model Town, Patiala - PPCB",0.34,278.87,,,,67.02,329.63,,,,,,4.1,8.0,12.1,0.79,,10.97,,2.51,,62.66,,,,,,27.45,23.44,14.48,10.27,0.0,,,0.89,,,,
10-Jan-2019,11:45,10-Jan-2019,12:00,Punjab,Patiala,"Model Town, Patiala - PPCB",0.36,0.05,,,,63.24,453.01,,,,,0.0,4.2,8.0,12.3,0.8,,12.02,,2.51,,62.63,,,,,,27.43,24.29,15.73,10.26,0.0,,,0.89,,,,
10-Jan-2019,12:00,10-Jan-2019,12:15,Punjab,Patiala,"Model Town, Patiala - PPCB",0.31,357.6,,,,60.32,378.51,,,,,0.0,4.2,7.9,12.1,0.82,,14.2,,2.52,,62.62,,,,,,27.47,,16.5,10.31,0.0,,,0.88,,,,
10-Jan-2019,12:15,10-Jan-2019,12:30,Punjab,Patiala,"Model Town, Patiala - PPCB",0.38,41.05,,,,59.49,468.2,,,,,0.0,4.0,7.7,11.8,0.81,,15.22,,2.52,,62.68,,,,,,27.45,22.46,16.81,10.31,0.0,,,0.88,,,,
10-Jan-2019,12:30,10-Jan-2019,12:45,Punjab,Patiala,"Model Town, Patiala - PPCB",0.41,22.58,,,,55.23,392.55,,,,,0.0,4.1,7.9,12.0,0.74,,17.63,,2.52,,62.64,,,,,,27.52,21.54,17.2,10.25,0.0,,,0.88,,,,
10-Jan-2019,12:45,10-Jan-2019,13:00,Punjab,Patiala,"Model Town, Patiala - PPCB",0.11,356.47,,,,54.34,260.76,,,,20.0,26.5,4.2,8.0,12.2,0.72,,18.71,,2.51,,62.62,,,,,,27.39,20.64,17.5,10.28,0.0,,,0.89,,,,
10-Jan-2019,13:00,10-Jan-2019,13:15,Punjab,Patiala,"Model Town, Patiala - PPCB",0.66,269.21,,,,54.13,179.45,,,,20.0,45.1,4.7,7.9,12.6,0.72,,15.6,,2.52,,62.59,,,,,,27.49,19.32,17.53,10.24,0.0,,,0.9,,,,
10-Jan-2019,13:15,10-Jan-2019,13:30,Punjab,Patiala,"Model Town, Patiala - PPCB",0.64,261.8,,,,54.7,179.7,,,,20.0,45.1,4.4,8.0,12.4,0.65,,21.25,,2.52,,62.61,,,,,,27.47,18.04,16.94,10.32,0.0,,,0.92,,,,
10-Jan-2019,13:30,10-Jan-2019,13:45,Punjab,Patiala,"Model Town, Patiala - PPCB",0.78,250.8,,,,52.68,187.41,,,,20.0,45.1,4.1,7.9,12.0,0.62,,22.52,,2.51,,62.62,,,,,,27.48,17.0,17.06,10.29,0.0,,,0.9,,,,
10-Jan-2019,13:45,10-Jan-2019,14:00,Punjab,Patiala,"Model Town, Patiala - PPCB",0.88,258.55,,,,50.28,189.57,,,,21.9,40.7,4.1,7.9,12.0,0.54,,24.13,,2.5,,62.64,,,,,,27.57,15.48,17.11,10.25,0.0,,,0.88,,,,
10-Jan-2019,14:00,10-Jan-2019,14:15,Punjab,Patiala,"Model Town, Patiala - PPCB",0.28,255.43,,,,48.44,190.18,,,,27.8,37.6,4.2,8.0,12.2,0.52,,24.49,,2.52,,62.62,,,,,,27.53,14.65,17.64,10.24,0.0,,,0.9,,,,
10-Jan-2019,14:15,10-Jan-2019,14:30,Punjab,Patiala,"Model Town, Patiala - PPCB",0.31,265.17,,,,47.47,188.82,,,,27.8,37.6,3.7,8.1,11.7,0.48,,25.88,,2.51,,62.63,,,,,,27.49,13.42,17.61,10.25,0.0,,,0.9,,,,
10-Jan-2019,14:30,10-Jan-2019,14:45,Punjab,Patiala,"Model Town, Patiala - PPCB",0.88,253.74,,,,46.41,191.94,,,,27.8,37.6,4.6,7.8,12.3,0.49,,26.17,,2.51,,62.59,,,,,,27.6,13.04,17.69,10.3,0.0,,,0.89,,,,
10-Jan-2019,14:45,10-Jan-2019,15:00,Punjab,Patiala,"Model Town, Patiala - PPCB",0.73,262.53,,,,45.28,186.79,,,,45.0,32.6,4.3,8.0,12.2,0.47,,22.4,,2.52,,62.59,,,,,,27.5,11.99,17.73,10.32,0.0,,,0.89,,,,
10-Jan-2019,15:00,10-Jan-2019,15:15,Punjab,Patiala,"Model Town, Patiala - PPCB",0.44,268.5,,,,46.59,182.89,,,,98.2,29.2,3.8,8.1,11.9,0.48,,24.31,,2.52,,62.64,,,,,,27.5,11.7,17.83,10.3,0.0,,,0.88,,,,
10-Jan-2019,15:15,10-Jan-2019,15:30,Punjab,Patiala,"Model Town, Patiala - PPCB",1.48,253.9,,,,40.15,183.06,,,,98.2,29.2,3.8,8.3,12.1,0.36,,27.76,,2.5,,62.65,,,,,,27.44,10.56,17.77,10.24,0.0,,,0.88,,,,
10-Jan-2019,15:30,10-Jan-2019,15:45,Punjab,Patiala,"Model Town, Patiala - PPCB",0.99,254.87,,,,39.83,182.5,,,,98.2,29.2,3.6,8.1,11.7,0.4,,28.75,,2.51,,62.65,,,,,,27.58,10.27,18.03,10.26,0.0,,,0.88,,,,
10-Jan-2019,15:45,10-Jan-2019,16:00,Punjab,Patiala,"Model Town, Patiala - PPCB",1.31,252.3,,,,43.36,177.25,,,,108.0,24.5,3.1,8.3,11.4,0.49,,29.32,,2.52,,62.63,,,,,,27.35,11.07,17.99,10.28,0.0,,,0.88,,,,
10-Jan-2019,16:00,10-Jan-2019,16:15,Punjab,Patiala,"Model Town, Patiala - PPCB",1.53,252.12,,,,44.4,175.2,,,,138.5,21.2,2.8,8.3,11.1,0.48,,29.04,,2.52,,62.75,,,,,,27.37,,17.78,10.31,0.0,,,0.88,,,,
10-Jan-2019,16:15,10-Jan-2019,16:30,Punjab,Patiala,"Model Town, Patiala - PPCB",1.52,254.8,,,,46.56,173.58,,,,138.5,21.2,3.3,8.1,11.4,0.53,,27.59,,2.53,,62.71,,,,,,27.43,11.02,17.52,10.25,0.0,,,0.88,,,,
10-Jan-2019,16:30,10-Jan-2019,16:45,Punjab,Patiala,"Model Town, Patiala - PPCB",1.2,254.91,,,,49.93,171.03,,,,138.5,21.2,3.5,8.2,11.6,0.56,,25.86,,2.53,,62.67,,,,,,27.39,11.64,17.24,10.23,0.0,,,0.89,,,,
10-Jan-2019,16:45,10-Jan-2019,17:00,Punjab,Patiala,"Model Town, Patiala - PPCB",1.1,257.39,,,,52.48,163.84,,,,133.5,20.8,3.8,8.4,12.2,0.82,,23.86,,2.53,,62.72,,,,,,27.39,12.58,16.99,10.33,0.0,,,0.88,,,,
10-Jan-2019,17:00,10-Jan-2019,17:15,Punjab,Patiala,"Model Town, Patiala - PPCB",0.87,252.89,,,,55.36,155.13,,,,119.1,20.5,3.9,8.0,11.9,0.78,,22.11,,2.52,,62.64,,,,,,27.47,11.5,16.52,10.32,0.0,,,0.88,,,,
10-Jan-2019,17:15,10-Jan-2019,17:30,Punjab,Patiala,"Model Town, Patiala - PPCB",0.74,256.65,,,,59.41,146.25,,,,119.1,20.5,3.9,8.1,12.0,0.66,,19.72,,2.51,,62.6,,,,,,27.38,10.99,16.05,10.29,0.0,,,0.89,,,,
10-Jan-2019,17:30,10-Jan-2019,17:45,Punjab,Patiala,"Model Town, Patiala - PPCB",0.09,283.28,,,,65.36,135.96,,,,119.1,20.5,3.8,8.0,11.7,0.74,,15.22,,2.51,,62.64,,,,,,27.44,10.72,15.34,10.3,0.0,,,0.89,,,,
10-Jan-2019,17:45,10-Jan-2019,18:00,Punjab,Patiala,"Model Town, Patiala - PPCB",0.11,76.06,,,,72.22,133.35,,,,163.2,20.4,3.5,8.0,11.5,0.83,,11.66,,2.51,,62.73,,,,,,27.4,10.38,14.26,10.29,0.0,,,0.88,,,,
10-Jan-2019,18:00,10-Jan-2019,18:15,Punjab,Patiala,"Model Town, Patiala - PPCB",0.27,74.97,,,,76.96,138.59,,,,299.5,20.4,3.5,8.2,11.7,0.98,,8.44,,2.52,,62.73,,,,,,27.44,10.13,13.43,10.24,0.0,,,0.89,,,,
10-Jan-2019,18:15,10-Jan-2019,18:30,Punjab,Patiala,"Model Town, Patiala - PPCB",0.12,234.21,,,,80.75,134.86,,,,299.5,20.4,3.5,8.4,11.9,1.13,,3.37,,2.51,,62.71,,,,,,27.49,9.66,12.84,10.27,0.0,,,0.88,,,,
10-Jan-2019,18:30,10-Jan-2019,18:45,Punjab,Patiala,"Model Town, Patiala - PPCB",0.12,278.83,,,,83.12,139.93,,,,299.5,20.4,3.6,7.9,11.6,1.33,,2.57,,2.52,,62.63,,,,,,27.55,9.32,12.4,10.24,0.0,,,0.89,,,,
10-Jan-2019,18:45,10-Jan-2019,19:00,Punjab,Patiala,"Model Town, Patiala - PPCB",0.12,204.28,,,,86.49,135.87,,,,271.3,20.3,3.6,7.8,11.3,1.46,,1.87,,2.51,,62.67,,,,,,27.46,9.03,11.93,10.26,0.0,,,0.89,,,,
10-Jan-2019,19:00,10-Jan-2019,19:15,Punjab,Patiala,"Model Town, Patiala - PPCB",0.25,139.13,,,,89.01,141.05,,,,184.1,20.3,3.6,7.8,11.4,1.51,,1.76,,2.5,,62.67,,,,,,27.42,8.45,11.56,10.3,0.0,,,0.89,,,,
10-Jan-2019,19:15,10-Jan-2019,19:30,Punjab,Patiala,"Model Town, Patiala - PPCB",0.12,208.95,,,,90.43,144.22,,,,184.1,20.3,3.6,8.2,11.8,1.59,,1.68,,2.51,,62.65,,,,,,27.29,8.66,11.28,10.33,0.0,,,0.88,,,,
10-Jan-2019,19:30,10-Jan-2019,19:45,Punjab,Patiala,"Model Town, Patiala - PPCB",0.21,252.8,,,,91.05,142.43,,,,184.1,20.3,3.8,8.1,11.9,1.83,,1.69,,2.52,,62.64,,,,,,27.4,8.61,11.22,10.28,0.0,,,0.89,,,,
10-Jan-2019,19:45,10-Jan-2019,20:00,Punjab,Patiala,"Model Town, Patiala - PPCB",0.08,128.41,,,,92.42,141.57,,,,188.6,21.4,4.3,8.0,12.2,2.28,,1.71,,2.52,,62.65,,,,,,27.49,8.87,10.99,10.27,0.0,,,0.88,,,,
10-Jan-2019,20:00,10-Jan-2019,20:15,Punjab,Patiala,"Model Town, Patiala - PPCB",0.08,170.32,,,,93.46,143.57,,,,202.6,22.3,3.7,8.3,11.9,1.97,,1.7,,2.51,,62.64,,,,,,27.35,,10.75,10.34,0.0,,,0.88,,,,
10-Jan-2019,20:15,10-Jan-2019,20:30,Punjab,Patiala,"Model Town, Patiala - PPCB",0.23,136.39,,,,93.71,141.43,,,,202.6,22.3,3.8,8.3,12.1,1.85,,1.7,,2.52,,62.76,,,,,,27.33,7.79,10.53,10.29,0.0,,,0.88,,,,
10-Jan-2019,20:30,10-Jan-2019,20:45,Punjab,Patiala,"Model Town, Patiala - PPCB",0.14,152.48,,,,94.4,140.88,,,,202.6,22.3,4.0,8.1,12.1,1.98,,1.79,,2.53,,62.66,,,,,,27.39,7.56,10.39,10.26,0.0,,,0.88,,,,
10-Jan-2019,20:45,10-Jan-2019,21:00,Punjab,Patiala,"Model Town, Patiala - PPCB",0.22,148.01,,,,94.81,142.22,,,,206.2,26.2,3.4,8.0,11.4,2.57,,2.11,,2.53,,62.63,,,,,,27.47,7.28,10.27,10.31,0.0,,,0.88,,,,
10-Jan-2019,21:00,10-Jan-2019,21:15,Punjab,Patiala,"Model Town, Patiala - PPCB",0.21,120.95,,,,94.92,145.87,,,,216.8,29.0,3.6,8.3,11.9,2.92,,2.34,,2.52,,62.64,,,,,,27.5,7.32,10.26,10.29,0.0,,,0.88,,,,
10-Jan-2019,21:15,10-Jan-2019,21:30,Punjab,Patiala,"Model Town, Patiala - PPCB",0.27,71.61,,,,94.93,160.32,,,,216.8,29.0,3.7,8.5,12.2,2.62,,2.23,,2.51,,62.64,,,,,,27.38,7.09,10.44,10.28,0.0,,,0.89,,,,
10-Jan-2019,21:30,10-Jan-2019,21:45,Punjab,Patiala,"Model Town, Patiala - PPCB",0.13,225.87,,,,94.67,160.16,,,,216.8,29.0,3.9,8.3,12.2,2.68,,2.0,,2.51,,62.63,,,,,,27.46,7.25,10.6,10.29,0.0,,,0.89,,,,
10-Jan-2019,21:45,10-Jan-2019,22:00,Punjab,Patiala,"Model Town, Patiala - PPCB",0.1,182.55,,,,94.9,157.82,,,,264.7,33.9,4.2,8.0,12.2,2.72,,1.92,,2.5,,62.66,,,,,,27.6,7.37,10.58,10.29,0.0,,,0.88,,,,
10-Jan-2019,22:00,10-Jan-2019,22:15,Punjab,Patiala,"Model Town, Patiala - PPCB",0.27,111.79,,,,94.93,151.04,,,,404.3,37.4,4.0,8.1,12.1,2.74,,1.85,,2.51,,62.69,,,,,,27.55,7.25,10.55,10.29,0.0,,,0.88,,,,
10-Jan-2019,22:15,10-Jan-2019,22:30,Punjab,Patiala,"Model Town, Patiala - PPCB",0.14,152.07,,,,94.93,150.85,,,,404.3,37.4,4.5,8.2,12.7,3.02,,1.9,,2.53,,62.7,,,,,,27.63,7.27,10.56,10.24,0.0,,,0.88,,,,
10-Jan-2019,22:30,10-Jan-2019,22:45,Punjab,Patiala,"Model Town, Patiala - PPCB",0.05,267.47,,,,94.92,153.04,,,,404.3,37.4,4.2,8.1,12.3,3.27,,1.98,,2.51,,62.66,,,,,,27.42,7.33,10.51,10.26,0.0,,,0.87,,,,
10-Jan-2019,22:45,10-Jan-2019,23:00,Punjab,Patiala,"Model Town, Patiala - PPCB",0.24,180.16,,,,94.93,154.26,,,,389.2,41.0,3.9,7.9,11.9,3.13,,1.85,,2.51,,62.65,,,,,,27.42,7.3,10.42,10.33,0.0,,,0.87,,,,
10-Jan-2019,23:00,10-Jan-2019,23:15,Punjab,Patiala,"Model Town, Patiala - PPCB",0.1,175.01,,,,94.96,157.18,,,,342.5,43.4,3.8,8.4,12.2,3.45,,1.92,,2.52,,62.67,,,,,,27.28,7.29,10.41,10.35,0.0,,,0.9,,,,
10-Jan-2019,23:15,10-Jan-2019,23:30,Punjab,Patiala,"Model Town, Patiala - PPCB",0.25,246.52,,,,94.93,148.69,,,,342.5,43.4,3.7,8.5,12.2,3.34,,1.79,,2.54,,62.64,,,,,,27.24,7.54,10.65,10.28,0.0,,,0.89,,,,
10-Jan-2019,23:30,10-Jan-2019,23:45,Punjab,Patiala,"Model Town, Patiala - PPCB",0.31,218.99,,,,94.94,147.5,,,,342.5,43.4,3.7,8.4,12.1,3.01,,1.68,,2.52,,62.64,,,,,,27.42,7.17,10.51,10.38,0.0,,,0.88,,,,
10-Jan-2019,23:45,11-Jan-2019,00:00,Punjab,Patiala,"Model Town, Patiala - PPCB",0.32,229.81,,,,94.91,138.2,,,,330.3,43.8,3.7,8.1,11.8,2.53,,1.68,,2.51,,62.67,,,,,,27.35,6.99,10.48,10.36,0.0,,,0.88,,,,
11-Jan-2019,00:00,11-Jan-2019,00:15,Punjab,Patiala,"Model Town, Patiala - PPCB",0.23,116.27,,,,94.95,143.06,,,,292.7,44.2,3.9,8.1,11.9,1.95,,1.68,,2.51,,62.69,,,,,,27.47,,9.94,10.28,0.0,,,0.89,,,,
11-Jan-2019,00:15,11-Jan-2019,00:30,Punjab,Patiala,"Model Town, Patiala - PPCB",0.24,86.19,,,,94.96,148.15,,,,292.7,44.2,4.0,8.2,12.1,1.81,,1.68,,2.53,,62.7,,,,,,27.58,6.76,9.65,10.3,0.0,,,0.88,,,,
11-Jan-2019,00:30,11-Jan-2019,00:45,Punjab,Patiala,"Model Town, Patiala - PPCB",0.36,260.54,,,,94.97,145.88,,,,292.7,44.2,4.0,8.1,12.1,1.79,,1.68,,2.52,,62.71,,,,,,27.47,6.69,9.41,10.32,0.0,,,0.88,,,,
11-Jan-2019,00:45,11-Jan-2019,01:00,Punjab,Patiala,"Model Town, Patiala - PPCB",0.18,198.15,,,,94.98,156.27,,,,262.5,45.3,4.1,8.2,12.3,1.74,,1.68,,2.52,,62.63,,,,,,27.43,6.58,9.2,10.28,0.0,,,0.88,,,,
11-Jan-2019,01:00,11-Jan-2019,01:15,Punjab,Patiala,"Model Town, Patiala - PPCB",0.15,198.13,,,,94.98,152.42,,,,174.6,46.1,4.0,8.2,12.2,1.69,,1.68,,2.5,,62.63,,,,,,27.42,6.58,9.22,10.3,0.0,,,0.88,,,,
11-Jan-2019,01:15,11-Jan-2019,01:30,Punjab,Patiala,"Model Town, Patiala - PPCB",0.28,268.5,,,,95.16,150.56,,,,174.6,46.1,4.1,8.1,12.1,1.55,,1.68,,2.51,,62.66,,,,,,27.62,6.44,9.37,10.27,0.0,,,0.89,,,,
11-Jan-2019,01:30,11-Jan-2019,01:45,Punjab,Patiala,"Model Town, Patiala - PPCB",0.19,236.03,,,,95.18,148.33,,,,174.6,46.1,4.2,7.8,12.0,1.43,,1.68,,2.5,,62.64,,,,,,27.63,6.47,9.35,10.26,0.0,,,0.89,,,,
11-Jan-2019,01:45,11-Jan-2019,02:00,Punjab,Patiala,"Model Town, Patiala - PPCB",0.3,90.67,,,,95.19,149.23,,,,178.6,42.7,3.7,8.0,11.6,1.24,,1.68,,2.51,,62.66,,,,,,27.52,6.24,9.25,10.32,0.0,,,0.88,,,,
11-Jan-2019,02:00,11-Jan-2019,02:15,Punjab,Patiala,"Model Town, Patiala - PPCB",,,,,,,,,,,,,,,,,,,,,,,,,,,,,,,,,,,,,,,
11-Jan-2019,02:15,11-Jan-2019,02:30,Punjab,Patiala,"Model Town, Patiala - PPCB",0.39,258.42,,,,95.19,156.81,,,,190.9,40.4,4.0,8.1,12.1,1.11,,1.68,,2.51,,62.69,,,,,,27.45,6.19,9.15,10.28,0.0,,,0.89,,,,
11-Jan-2019,02:30,11-Jan-2019,02:45,Punjab,Patiala,"Model Town, Patiala - PPCB",0.47,255.81,,,,95.33,159.65,,,,190.9,40.4,3.6,8.3,12.0,1.11,,1.68,,2.51,,62.64,,,,,,27.48,5.97,9.39,10.25,0.0,,,0.88,,,,
11-Jan-2019,02:45,11-Jan-2019,03:00,Punjab,Patiala,"Model Town, Patiala - PPCB",0.16,285.42,,,,95.21,158.8,,,,177.1,38.6,3.2,8.3,11.5,1.07,,1.68,,2.51,,62.64,,,,,,27.39,6.09,9.58,10.27,0.0,,,0.88,,,,
11-Jan-2019,03:00,11-Jan-2019,03:15,Punjab,Patiala,"Model Town, Patiala - PPCB",0.17,285.95,,,,95.17,160.49,,,,134.3,37.4,3.4,8.2,11.6,0.88,,1.68,,2.51,,62.71,,,,,,27.38,6.3,9.83,10.34,0.0,,,0.88,,,,
11-Jan-2019,03:15,11-Jan-2019,03:30,Punjab,Patiala,"Model Town, Patiala - PPCB",0.24,294.08,,,,94.35,160.9,,,,134.3,37.4,4.0,8.3,12.3,0.72,,1.75,,2.5,,62.76,,,,,,27.45,6.34,9.98,10.3,0.0,,,0.88,,,,
11-Jan-2019,03:30,11-Jan-2019,03:45,Punjab,Patiala,"Model Town, Patiala - PPCB",0.47,90.85,,,,93.52,160.84,,,,134.3,37.4,3.7,8.1,11.9,0.7,,2.12,,2.53,,62.7,,,,,,27.38,6.38,10.03,10.25,0.0,,,0.89,,,,
11-Jan-2019,03:45,11-Jan-2019,04:00,Punjab,Patiala,"Model Town, Patiala - PPCB",0.09,268.93,,,,89.87,158.48,,,,159.9,35.3,3.6,8.1,11.8,0.71,,2.71,,2.52,,62.69,,,,,,27.42,7.36,10.2,10.23,0.0,,,0.9,,,,
11-Jan-2019,04:00,11-Jan-2019,04:15,Punjab,Patiala,"Model Town, Patiala - PPCB",0.2,270.02,,,,90.77,158.5,,,,238.9,33.9,3.7,8.1,11.8,0.87,,2.74,,2.52,,62.65,,,,,,27.4,,10.11,10.31,0.0,,,0.9,,,,
11-Jan-2019,04:15,11-Jan-2019,04:30,Punjab,Patiala,"Model Town, Patiala - PPCB",0.32,46.34,,,,89.7,160.64,,,,238.9,33.9,3.9,7.9,11.8,0.93,,2.8,,2.52,,62.66,,,,,,27.45,7.91,10.24,10.26,0.0,,,0.9,,,,
11-Jan-2019,04:30,11-Jan-2019,04:45,Punjab,Patiala,"Model Town, Patiala - PPCB",0.39,17.54,,,,87.28,161.86,,,,238.9,33.9,3.9,7.9,11.9,0.94,,2.67,,2.55,,62.67,,,,,,27.49,10.25,10.45,10.27,0.0,,,0.9,,,,
11-Jan-2019,04:45,11-Jan-2019,05:00,Punjab,Patiala,"Model Town, Patiala - PPCB",0.17,293.98,,,,85.95,161.02,,,,232.7,38.8,3.4,8.2,11.6,0.93,,2.63,,2.53,,62.7,,,,,,27.38,12.8,10.58,10.26,0.0,,,0.89,,,,
11-Jan-2019,05:00,11-Jan-2019,05:15,Punjab,Patiala,"Model Town, Patiala - PPCB",0.22,220.38,,,,89.54,159.23,,,,212.4,42.3,3.8,7.9,11.7,0.92,,2.39,,2.51,,62.61,,,,,,27.46,11.82,10.26,10.29,0.0,,,0.89,,,,
11-Jan-2019,05:15,11-Jan-2019,05:30,Punjab,Patiala,"Model Town, Patiala - PPCB",0.12,279.0,,,,89.84,155.59,,,,212.4,42.3,4.3,7.7,12.1,0.93,,2.1,,2.52,,62.65,,,,,,27.46,10.57,10.21,10.25,0.0,,,0.88,,,,
11-Jan-2019,05:30,11-Jan-2019,05:45,Punjab,Patiala,"Model Town, Patiala - PPCB",0.34,259.85,,,,90.53,153.59,,,,212.4,42.3,3.9,8.0,11.9,0.92,,1.83,,2.52,,62.68,,,,,,27.31,9.97,10.14,10.32,0.0,,,0.88,,,,
11-Jan-2019,05:45,11-Jan-2019,06:00,Punjab,Patiala,"Model Town, Patiala - PPCB",0.18,116.04,,,,92.91,157.32,,,,228.9,41.2,3.9,8.2,12.0,0.91,,1.69,,2.51,,62.62,,,,,,27.38,9.28,9.91,10.29,0.0,,,0.89,,,,
11-Jan-2019,06:00,11-Jan-2019,06:15,Punjab,Patiala,"Model Town, Patiala - PPCB",0.14,157.99,,,,94.59,155.91,,,,279.9,40.4,3.8,8.2,12.0,0.87,,1.68,,2.51,,62.65,,,,,,27.41,8.63,9.71,10.24,0.0,,,0.89,,,,
11-Jan-2019,06:15,11-Jan-2019,06:30,Punjab,Patiala,"Model Town, Patiala - PPCB",0.25,263.21,,,,94.8,156.84,,,,279.9,40.4,4.0,8.1,12.1,1.02,,1.78,,2.52,,62.64,,,,,,27.44,8.2,9.7,10.25,0.0,,,0.88,,,,
11-Jan-2019,06:30,11-Jan-2019,06:45,Punjab,Patiala,"Model Town, Patiala - PPCB",0.16,358.11,,,,94.45,148.81,,,,279.9,40.4,4.5,7.8,12.3,0.97,,1.69,,2.52,,62.62,,,,,,27.61,7.96,9.73,10.27,0.0,,,0.88,,,,
11-Jan-2019,06:45,11-Jan-2019,07:00,Punjab,Patiala,"Model Town, Patiala - PPCB",0.21,228.3,,,,94.8,142.98,,,,268.2,38.9,4.4,7.9,12.2,1.04,,1.68,,2.52,,62.63,,,,,,27.59,7.72,9.42,10.28,0.0,,,0.89,,,,
11-Jan-2019,07:00,11-Jan-2019,07:15,Punjab,Patiala,"Model Town, Patiala - PPCB",0.19,140.54,,,,94.96,146.25,,,,231.8,37.9,4.0,7.9,12.0,1.08,,1.68,,2.52,,62.67,,,,,,27.49,7.4,9.04,10.28,0.0,,,0.89,,,,
11-Jan-2019,07:15,11-Jan-2019,07:30,Punjab,Patiala,"Model Town, Patiala - PPCB",0.16,94.58,,,,94.98,148.84,,,,231.8,37.9,3.4,8.2,11.7,1.12,,1.68,,2.52,,62.69,,,,,,27.34,7.28,8.91,10.24,0.0,,,0.88,,,,
11-Jan-2019,07:30,11-Jan-2019,07:45,Punjab,Patiala,"Model Town, Patiala - PPCB",0.23,50.34,,,,95.0,156.67,,,,231.8,37.9,3.7,8.2,11.8,1.18,,1.68,,2.51,,62.66,,,,,,27.49,7.13,8.72,10.25,0.0,,,0.88,,,,
11-Jan-2019,07:45,11-Jan-2019,08:00,Punjab,Patiala,"Model Town, Patiala - PPCB",0.02,232.32,,,,94.98,167.05,,,,227.5,37.3,3.7,7.8,11.5,1.39,,1.68,,2.51,,62.62,,,,,,27.54,7.2,8.88,10.31,0.0,,,0.9,,,,
11-Jan-2019,08:00,11-Jan-2019,08:15,Punjab,Patiala,"Model Town, Patiala - PPCB",0.14,323.04,,,,94.98,184.66,,,,214.1,36.8,3.6,8.1,11.7,1.44,,1.68,,2.51,,62.62,,,,,,27.47,,9.2,10.25,0.0,,,0.89,,,,
11-Jan-2019,08:15,11-Jan-2019,08:30,Punjab,Patiala,"Model Town, Patiala - PPCB",0.44,114.3,,,,94.96,203.4,,,,214.1,36.8,4.0,8.0,11.9,1.6,,1.68,,2.51,,62.66,,,,,,27.4,8.31,9.7,10.26,0.0,,,0.88,,,,
11-Jan-2019,08:30,11-Jan-2019,08:45,Punjab,Patiala,"Model Town, Patiala - PPCB",0.47,102.29,,,,93.15,217.45,,,,214.1,36.8,4.1,8.0,12.1,1.77,,1.78,,2.51,,62.72,,,,,,27.34,9.07,10.53,10.26,0.0,,,0.88,,,,
11-Jan-2019,08:45,11-Jan-2019,09:00,Punjab,Patiala,"Model Town, Patiala - PPCB",0.7,102.14,,,,87.24,229.0,,,,230.8,40.4,3.7,8.2,11.9,1.5,,2.01,,2.5,,62.65,,,,,,27.44,11.0,11.51,10.28,0.0,,,0.88,,,,
11-Jan-2019,09:00,11-Jan-2019,09:15,Punjab,Patiala,"Model Town, Patiala - PPCB",0.86,110.73,,,,84.67,265.63,,,,282.5,43.0,4.0,8.1,12.0,1.43,,2.64,,2.52,,62.63,,,,,,27.55,15.96,12.0,10.33,0.0,,,0.88,,,,
11-Jan-2019,09:15,11-Jan-2019,09:30,Punjab,Patiala,"Model Town, Patiala - PPCB",0.99,114.17,,,,83.53,282.27,,,,282.5,43.0,3.8,8.0,11.8,1.35,,3.87,,2.52,,62.59,,,,,,27.55,19.0,12.15,10.32,0.0,,,0.89,,,,
11-Jan-2019,09:30,11-Jan-2019,09:45,Punjab,Patiala,"Model Town, Patiala - PPCB",0.63,125.82,,,,81.55,302.61,,,,263.2,43.0,3.3,8.4,11.7,1.46,,2.73,,2.51,,62.65,,,,,,27.34,21.86,12.78,10.34,0.0,,,0.89,,,,
11-Jan-2019,09:45,11-Jan-2019,10:00,Punjab,Patiala,"Model Town, Patiala - PPCB",0.78,95.72,,,,78.7,313.29,,,,319.2,43.8,,,,1.35,,3.27,,2.5,,62.6,,,,,,,21.94,13.26,10.28,0.0,,,0.88,,,,
11-Jan-2019,10:00,11-Jan-2019,10:15,Punjab,Patiala,"Model Town, Patiala - PPCB",0.77,88.15,,,,76.82,332.61,,,,494.2,44.4,,,,1.31,,4.7,,2.51,,62.69,,,,,,,20.12,13.73,10.24,0.0,,,0.89,,,,
11-Jan-2019,10:15,11-Jan-2019,10:30,Punjab,Patiala,"Model Town, Patiala - PPCB",0.88,99.26,,,,74.12,359.73,,,,494.2,44.4,,,,1.38,,4.47,,2.51,,62.68,,,,,,,19.44,14.4,10.31,0.0,,,0.89,,,,
11-Jan-2019,10:30,11-Jan-2019,10:45,Punjab,Patiala,"Model Town, Patiala - PPCB",0.8,100.31,,,,72.37,350.32,,,,494.2,44.4,,,,1.34,,4.92,,2.52,,62.64,,,,,,,18.32,14.9,10.3,0.0,,,0.89,,,,
11-Jan-2019,10:45,11-Jan-2019,11:00,Punjab,Patiala,"Model Town, Patiala - PPCB",0.74,94.99,,,,70.65,355.94,,,,417.0,43.5,,,,1.29,,6.05,,2.52,,62.69,,,,,,,17.49,15.35,10.27,0.0,,,0.89,,,,
11-Jan-2019,11:00,11-Jan-2019,11:15,Punjab,Patiala,"Model Town, Patiala - PPCB",0.63,123.44,,,,67.94,438.94,,,,178.1,42.8,,,,1.22,,9.11,,2.52,,62.66,,,,,,,16.88,16.25,10.29,0.0,,,0.88,,,,
11-Jan-2019,11:15,11-Jan-2019,11:30,Punjab,Patiala,"Model Town, Patiala - PPCB",0.98,111.64,,,,67.41,448.67,,,,178.1,42.8,,,,1.16,,13.64,,2.58,,62.65,,,,,,,15.45,16.64,10.29,0.0,,,0.89,,,,
11-Jan-2019,11:30,11-Jan-2019,11:45,Punjab,Patiala,"Model Town, Patiala - PPCB",0.93,138.59,,,,65.68,451.04,,,,178.1,42.8,,,,1.15,,15.53,,2.53,,62.64,,,,,,,15.77,17.08,10.32,0.0,,,0.89,,,,
11-Jan-2019,11:45,11-Jan-2019,12:00,Punjab,Patiala,"Model Town, Patiala - PPCB",0.91,133.13,,,,63.39,430.56,,,,194.3,41.9,,,,1.06,,17.28,,2.52,,62.61,,,,,,,,17.44,10.3,0.0,,,0.88,,,,
11-Jan-2019,12:00,11-Jan-2019,12:15,Punjab,Patiala,"Model Town, Patiala - PPCB",0.89,121.87,,,,59.73,413.81,,,,244.4,41.3,,,,0.9,,19.38,,2.54,,62.64,,,,,,,,17.88,10.28,0.0,,,0.89,,,,
11-Jan-2019,12:15,11-Jan-2019,12:30,Punjab,Patiala,"Model Town, Patiala - PPCB",0.93,113.87,,,,57.03,428.5,,,,244.4,41.3,,,,0.94,,19.86,,2.52,,62.65,,,,,,,,18.34,10.28,0.0,,,0.89,,,,
11-Jan-2019,12:30,11-Jan-2019,12:45,Punjab,Patiala,"Model Town, Patiala - PPCB",0.72,119.62,,,,54.97,438.07,,,,244.4,41.3,,,,0.83,,16.13,,2.5,,62.67,,,,,,,13.14,18.72,10.36,0.0,,,0.89,,,,
11-Jan-2019,12:45,11-Jan-2019,13:00,Punjab,Patiala,"Model Town, Patiala - PPCB",0.75,97.11,,,,55.16,257.26,,,,244.3,46.5,,,,0.8,,16.93,,2.52,,62.68,,,,,,,13.9,18.59,10.3,0.0,,,0.89,,,,
11-Jan-2019,13:00,11-Jan-2019,13:15,Punjab,Patiala,"Model Town, Patiala - PPCB",0.88,104.92,,,,54.29,247.98,,,,244.2,50.2,,,,0.77,,18.79,,2.52,,62.61,,,,,,,12.94,18.62,10.27,0.0,,,0.88,,,,
11-Jan-2019,13:15,11-Jan-2019,13:30,Punjab,Patiala,"Model Town, Patiala - PPCB",0.81,102.52,,,,53.39,252.2,,,,244.2,50.2,,,,0.76,,19.46,,2.51,,62.62,,,,,,,12.29,18.61,10.35,0.0,,,0.89,,,,
11-Jan-2019,13:30,11-Jan-2019,13:45,Punjab,Patiala,"Model Town, Patiala - PPCB",0.8,102.7,,,,50.26,246.5,,,,244.2,50.2,,,,0.68,,20.57,,2.51,,62.64,,,,,,,11.27,18.69,10.31,0.0,,,0.89,,,,
11-Jan-2019,13:45,11-Jan-2019,14:00,Punjab,Patiala,"Model Town, Patiala - PPCB",0.44,124.32,,,,52.02,233.51,,,,253.5,46.4,,,,0.73,,19.77,,2.5,,62.65,,,,,,,11.52,18.84,10.31,0.0,,,0.89,,,,
11-Jan-2019,14:00,11-Jan-2019,14:15,Punjab,Patiala,"Model Town, Patiala - PPCB",0.36,119.43,,,,50.3,222.89,,,,282.2,43.7,,,,0.73,,19.85,,2.52,,62.62,,,,,,,11.17,18.9,10.28,0.0,,,0.9,,,,
11-Jan-2019,14:15,11-Jan-2019,14:30,Punjab,Patiala,"Model Town, Patiala - PPCB",0.62,140.86,,,,46.25,222.15,,,,282.2,43.7,,,,0.67,,19.72,,2.52,,62.65,,,,,,,10.37,18.92,10.3,0.0,,,0.88,,,,
11-Jan-2019,14:30,11-Jan-2019,14:45,Punjab,Patiala,"Model Town, Patiala - PPCB",0.06,161.69,,,,46.1,215.26,,,,282.2,43.7,,,,0.61,,17.32,,2.51,,62.62,,,,,,,9.49,18.82,10.3,0.0,,,0.89,,,,
11-Jan-2019,14:45,11-Jan-2019,15:00,Punjab,Patiala,"Model Town, Patiala - PPCB",0.39,92.12,,,,43.92,208.61,,,,252.2,39.8,,,,0.62,,16.75,,2.52,,62.71,,,,,,,9.18,19.05,10.26,0.0,,,0.89,,,,
11-Jan-2019,15:00,11-Jan-2019,15:15,Punjab,Patiala,"Model Town, Patiala - PPCB",0.6,253.38,,,,52.95,211.07,,,,159.5,37.1,,,,0.66,,15.85,,2.52,,62.66,,,,,,,11.09,18.87,10.23,0.0,,,0.88,,,,
11-Jan-2019,15:15,11-Jan-2019,15:30,Punjab,Patiala,"Model Town, Patiala - PPCB",0.93,256.53,,,,58.67,215.2,,,,159.5,37.1,,,,0.99,,17.37,,2.53,,62.6,,,,,,,15.37,18.6,10.27,0.0,,,0.89,,,,
11-Jan-2019,15:30,11-Jan-2019,15:45,Punjab,Patiala,"Model Town, Patiala - PPCB",0.95,251.92,,,,59.58,205.27,,,,159.5,37.1,,,,0.86,,16.98,,2.51,,62.82,,,,,,,17.22,18.37,10.36,0.0,,,0.89,,,,
11-Jan-2019,15:45,11-Jan-2019,16:00,Punjab,Patiala,"Model Town, Patiala - PPCB",0.97,254.29,,,,59.12,192.73,,,,208.8,35.0,,,,0.92,,8.38,,2.52,,62.75,,,,,,,19.55,18.2,10.3,0.0,,,0.88,,,,
11-Jan-2019,16:00,11-Jan-2019,16:15,Punjab,Patiala,"Model Town, Patiala - PPCB",0.89,257.46,,,,58.95,182.27,,,,227.2,33.5,,,,0.8,,16.11,,2.55,,62.66,,,,,,,,17.8,10.31,0.0,,,0.89,,,,
11-Jan-2019,16:15,11-Jan-2019,16:30,Punjab,Patiala,"Model Town, Patiala - PPCB",0.21,285.94,,,,60.52,169.72,,,,,33.5,,,,0.8,,13.96,,2.53,,62.63,,,,,,,16.16,17.72,10.36,0.0,,,0.88,,,,
11-Jan-2019,16:30,11-Jan-2019,16:45,Punjab,Patiala,"Model Town, Patiala - PPCB",0.06,275.61,,,,63.6,160.1,,,,,33.5,,,,0.88,,8.94,,2.52,,62.63,,,,,,,14.87,17.46,10.34,0.0,,,0.91,,,,
11-Jan-2019,16:45,11-Jan-2019,17:00,Punjab,Patiala,"Model Town, Patiala - PPCB",0.38,246.06,,,,65.79,152.42,,,,,34.8,,,,0.96,,6.89,,2.54,,62.62,,,,,,,13.98,17.12,10.3,0.0,,,0.89,,,,
11-Jan-2019,17:00,11-Jan-2019,17:15,Punjab,Patiala,"Model Town, Patiala - PPCB",0.4,247.15,,,,68.81,146.05,,,,117.6,35.7,,,,1.08,,5.72,,2.53,,62.63,,,,,,,13.23,16.73,10.33,0.0,,,0.88,,,,
11-Jan-2019,17:15,11-Jan-2019,17:30,Punjab,Patiala,"Model Town, Patiala - PPCB",0.14,269.99,,,,73.27,137.61,,,,330.8,35.7,,,,1.39,,3.51,,2.51,,62.65,,,,,,,12.52,16.08,10.36,0.0,,,0.88,,,,
11-Jan-2019,17:30,11-Jan-2019,17:45,Punjab,Patiala,"Model Town, Patiala - PPCB",0.11,105.22,,,,77.17,135.94,,,,248.1,35.7,,,,1.71,,1.94,,2.52,,62.7,,,,,,,12.15,15.36,10.31,0.0,,,0.89,,,,
11-Jan-2019,17:45,11-Jan-2019,18:00,Punjab,Patiala,"Model Town, Patiala - PPCB",0.16,85.59,,,,81.21,137.88,,,,,37.8,,,,1.7,,1.79,,2.53,,62.68,,,,,,,11.43,14.65,10.31,0.0,,,0.91,,,,
11-Jan-2019,18:00,11-Jan-2019,18:15,Punjab,Patiala,"Model Town, Patiala - PPCB",0.04,52.66,,,,84.87,135.02,,,,,39.2,,,,1.96,,1.7,,2.53,,62.63,,,,,,,10.76,14.15,10.25,0.0,,,0.9,,,,
11-Jan-2019,18:15,11-Jan-2019,18:30,Punjab,Patiala,"Model Town, Patiala - PPCB",0.04,149.25,,,,88.37,137.22,,,,,39.2,,,,1.97,,1.68,,2.52,,62.66,,,,,,,10.06,13.62,10.24,0.0,,,0.89,,,,
11-Jan-2019,18:30,11-Jan-2019,18:45,Punjab,Patiala,"Model Town, Patiala - PPCB",,289.48,,,,90.61,136.38,,,,,39.2,,,,2.14,,1.68,,2.51,,62.65,,,,,,,9.69,13.23,10.26,0.0,,,0.89,,,,
11-Jan-2019,18:45,11-Jan-2019,19:00,Punjab,Patiala,"Model Town, Patiala - PPCB",0.06,344.54,,,,92.41,140.24,,,,73.4,43.2,,,,2.05,,1.68,,2.52,,62.66,,,,,,,9.3,12.98,10.27,0.0,,,0.91,,,,
11-Jan-2019,19:00,11-Jan-2019,19:15,Punjab,Patiala,"Model Town, Patiala - PPCB",0.23,262.86,,,,93.28,140.57,,,,347.9,45.9,,,,2.06,,1.71,,2.52,,62.72,,,,,,,8.8,12.77,10.27,0.0,,,0.9,,,,
11-Jan-2019,19:15,11-Jan-2019,19:30,Punjab,Patiala,"Model Town, Patiala - PPCB",0.14,59.69,,,,94.15,140.4,,,,347.9,45.9,,,,1.98,,1.73,,2.52,,62.75,,,,,,,8.37,12.57,10.3,0.0,,,0.89,,,,
11-Jan-2019,19:30,11-Jan-2019,19:45,Punjab,Patiala,"Model Town, Patiala - PPCB",0.01,45.56,,,,94.89,141.83,,,,347.9,45.9,,,,2.07,,1.76,,2.51,,62.71,,,,,,,8.19,12.4,10.28,0.0,,,0.89,,,,
11-Jan-2019,19:45,11-Jan-2019,20:00,Punjab,Patiala,"Model Town, Patiala - PPCB",0.04,282.07,,,,94.88,142.65,,,,328.0,46.1,,,,2.41,,1.78,,2.51,,62.68,,,,,,,8.27,12.23,10.3,0.0,,,0.88,,,,
11-Jan-2019,20:00,11-Jan-2019,20:15,Punjab,Patiala,"Model Town, Patiala - PPCB",0.16,244.53,,,,94.89,141.98,,,,253.8,46.2,,,,2.02,,1.7,,2.52,,62.67,,,,,,,,12.0,10.29,0.0,,,0.9,,,,
11-Jan-2019,20:15,11-Jan-2019,20:30,Punjab,Patiala,"Model Town, Patiala - PPCB",0.02,189.22,,,,94.91,144.08,,,,253.8,46.2,,,,2.0,,1.68,,2.53,,62.67,,,,,,,7.88,11.8,10.27,0.0,,,0.89,,,,
11-Jan-2019,20:30,11-Jan-2019,20:45,Punjab,Patiala,"Model Town, Patiala - PPCB",0.2,247.93,,,,94.93,145.87,,,,253.8,46.2,,,,2.1,,1.68,,2.52,,62.67,,,,,,,7.62,11.72,10.27,0.0,,,0.88,,,,
11-Jan-2019,20:45,11-Jan-2019,21:00,Punjab,Patiala,"Model Town, Patiala - PPCB",0.21,266.05,,,,94.92,145.1,,,,232.9,50.8,,,,2.43,,1.68,,2.53,,62.66,,,,,,,7.96,11.66,10.24,0.0,,,0.89,,,,
11-Jan-2019,21:00,11-Jan-2019,21:15,Punjab,Patiala,"Model Town, Patiala - PPCB",0.12,79.23,,,,95.1,147.45,,,,154.8,53.9,,,,2.33,,1.68,,2.51,,62.65,,,,,,,7.67,11.58,10.26,0.0,,,0.88,,,,
11-Jan-2019,21:15,11-Jan-2019,21:30,Punjab,Patiala,"Model Town, Patiala - PPCB",0.02,262.19,,,,95.2,147.45,,,,154.8,53.9,,,,2.4,,1.68,,2.52,,62.67,,,,,,,7.62,11.5,10.3,0.0,,,0.89,,,,
11-Jan-2019,21:30,11-Jan-2019,21:45,Punjab,Patiala,"Model Town, Patiala - PPCB",0.17,265.4,,,,95.3,146.54,,,,154.8,53.9,,,,2.66,,1.68,,2.52,,62.64,,,,,,,7.77,11.48,10.29,0.0,,,0.93,,,,
11-Jan-2019,21:45,11-Jan-2019,22:00,Punjab,Patiala,"Model Town, Patiala - PPCB",0.07,184.98,,,,95.21,148.33,,,,173.6,54.3,,,,2.7,,1.68,,2.51,,62.59,,,,,,,7.75,11.15,10.32,0.0,,,0.91,,,,
11-Jan-2019,22:00,11-Jan-2019,22:15,Punjab,Patiala,"Model Town, Patiala - PPCB",0.08,125.79,,,,95.23,150.81,,,,249.0,54.6,,,,2.63,,1.68,,2.53,,62.62,,,,,,,7.62,10.99,10.29,0.0,,,0.89,,,,
11-Jan-2019,22:15,11-Jan-2019,22:30,Punjab,Patiala,"Model Town, Patiala - PPCB",0.13,260.78,,,,95.22,153.61,,,,249.0,54.6,,,,2.69,,1.68,,2.52,,62.65,,,,,,,7.65,10.94,10.3,0.0,,,0.9,,,,
11-Jan-2019,22:30,11-Jan-2019,22:45,Punjab,Patiala,"Model Town, Patiala - PPCB",0.1,182.6,,,,95.22,153.47,,,,249.0,54.6,,,,2.55,,1.68,,2.51,,62.68,,,,,,,7.54,10.88,10.37,0.0,,,0.89,,,,
11-Jan-2019,22:45,11-Jan-2019,23:00,Punjab,Patiala,"Model Town, Patiala - PPCB",0.14,218.28,,,,95.21,151.77,,,,266.0,53.4,,,,2.31,,1.68,,2.53,,62.66,,,,,,,7.23,10.9,10.3,0.0,,,0.89,,,,
11-Jan-2019,23:00,11-Jan-2019,23:15,Punjab,Patiala,"Model Town, Patiala - PPCB",0.19,337.95,,,,95.2,150.68,,,,329.6,52.6,,,,1.89,,1.68,,2.52,,62.6,,,,,,,7.14,11.05,10.28,0.0,,,0.87,,,,
11-Jan-2019,23:15,11-Jan-2019,23:30,Punjab,Patiala,"Model Town, Patiala - PPCB",0.35,9.32,,,,91.33,144.62,,,,329.6,52.6,,,,1.51,,2.52,,2.52,,62.65,,,,,,,6.98,11.7,10.27,0.0,,,0.89,,,,
11-Jan-2019,23:30,11-Jan-2019,23:45,Punjab,Patiala,"Model Town, Patiala - PPCB",0.21,251.28,,,,89.46,143.26,,,,329.6,52.6,,,,1.51,,2.89,,2.52,,62.64,,,,,,,7.61,11.78,10.28,0.0,,,0.9,,,,
11-Jan-2019,23:45,12-Jan-2019,00:00,Punjab,Patiala,"Model Town, Patiala - PPCB",0.26,230.2,,,,94.68,142.42,,,,288.8,50.2,,,,1.44,,2.41,,2.52,,62.71,,,,,,,7.01,11.06,10.26,0.0,,,0.89,,,,
12-Jan-2019,00:00,12-Jan-2019,00:15,Punjab,Patiala,"Model Town, Patiala - PPCB",0.08,150.7,,,,95.16,144.46,,,,136.6,48.4,,,,1.22,,2.6,,2.52,,62.65,,,,,,,,10.65,10.29,0.0,,,0.89,,,,
12-Jan-2019,00:15,12-Jan-2019,00:30,Punjab,Patiala,"Model Town, Patiala - PPCB",0.12,213.15,,,,95.18,147.06,,,,136.6,48.4,,,,1.23,,2.53,,2.52,,62.69,,,,,,,6.42,10.43,10.29,0.0,,,0.88,,,,
12-Jan-2019,00:30,12-Jan-2019,00:45,Punjab,Patiala,"Model Town, Patiala - PPCB",0.43,256.09,,,,95.32,149.09,,,,136.6,48.4,,,,1.35,,2.06,,2.51,,62.68,,,,,,,6.15,10.12,10.3,0.0,,,0.88,,,,
12-Jan-2019,00:45,12-Jan-2019,01:00,Punjab,Patiala,"Model Town, Patiala - PPCB",0.22,205.22,,,,95.28,147.47,,,,152.3,48.8,,,,1.23,,1.77,,2.51,,62.63,,,,,,,5.94,9.8,10.28,0.0,,,0.91,,,,
12-Jan-2019,01:00,12-Jan-2019,01:15,Punjab,Patiala,"Model Town, Patiala - PPCB",0.53,251.54,,,,95.25,150.65,,,,211.1,49.1,,,,1.29,,1.68,,2.53,,62.63,,,,,,,6.05,9.84,10.31,0.0,,,0.9,,,,
12-Jan-2019,01:15,12-Jan-2019,01:30,Punjab,Patiala,"Model Town, Patiala - PPCB",0.2,151.21,,,,95.25,148.15,,,,211.1,49.1,,,,1.24,,1.68,,2.52,,62.59,,,,,,,5.8,9.67,10.25,0.0,,,0.88,,,,
12-Jan-2019,01:30,12-Jan-2019,01:45,Punjab,Patiala,"Model Town, Patiala - PPCB",0.24,119.6,,,,95.24,151.91,,,,211.1,49.1,,,,1.17,,1.68,,2.51,,62.65,,,,,,,5.78,9.4,10.31,0.0,,,0.89,,,,
12-Jan-2019,01:45,12-Jan-2019,02:00,Punjab,Patiala,"Model Town, Patiala - PPCB",0.16,158.38,,,,95.07,150.65,,,,191.3,48.5,,,,1.08,,1.68,,2.51,,62.71,,,,,,,5.78,9.25,10.3,0.0,,,0.89,,,,
12-Jan-2019,02:00,12-Jan-2019,02:15,Punjab,Patiala,"Model Town, Patiala - PPCB",0.25,244.35,,,,95.02,151.1,,,,112.0,48.1,,,,1.08,,1.68,,2.51,,62.66,,,,,,,5.58,9.2,10.31,0.0,,,0.9,,,,
12-Jan-2019,02:15,12-Jan-2019,02:30,Punjab,Patiala,"Model Town, Patiala - PPCB",0.22,233.91,,,,95.0,153.03,,,,112.0,48.1,,,,1.07,,1.68,,2.52,,62.61,,,,,,,5.41,9.04,10.33,0.0,,,0.88,,,,
12-Jan-2019,02:30,12-Jan-2019,02:45,Punjab,Patiala,"Model Town, Patiala - PPCB",0.4,118.64,,,,95.02,157.13,,,,112.0,48.1,,,,1.04,,1.68,,2.51,,62.63,,,,,,,5.37,8.9,10.29,0.0,,,0.87,,,,
12-Jan-2019,02:45,12-Jan-2019,03:00,Punjab,Patiala,"Model Town, Patiala - PPCB",0.16,263.61,,,,95.03,159.97,,,,129.0,44.6,,,,1.02,,1.68,,2.52,,62.64,,,,,,,5.48,9.17,10.29,0.0,,,0.9,,,,
12-Jan-2019,03:00,12-Jan-2019,03:15,Punjab,Patiala,"Model Town, Patiala - PPCB",0.09,116.4,,,,95.0,156.01,,,,196.9,42.0,,,,0.96,,1.68,,2.52,,62.62,,,,,,,5.44,9.34,10.25,0.0,,,0.89,,,,
12-Jan-2019,03:15,12-Jan-2019,03:30,Punjab,Patiala,"Model Town, Patiala - PPCB",0.17,214.0,,,,94.99,158.51,,,,196.9,42.0,,,,0.96,,1.68,,2.51,,62.59,,,,,,,5.5,9.27,10.29,0.0,,,0.9,,,,
12-Jan-2019,03:30,12-Jan-2019,03:45,Punjab,Patiala,"Model Town, Patiala - PPCB",0.18,214.71,,,,95.0,154.25,,,,196.9,42.0,,,,0.97,,1.68,,2.52,,62.64,,,,,,,5.47,9.45,10.28,0.0,,,0.89,,,,
12-Jan-2019,03:45,12-Jan-2019,04:00,Punjab,Patiala,"Model Town, Patiala - PPCB",0.26,120.43,,,,95.0,157.44,,,,190.0,40.3,,,,0.94,,1.68,,2.51,,62.63,,,,,,,5.57,9.38,10.25,0.0,,,0.89,,,,
12-Jan-2019,04:00,12-Jan-2019,04:15,Punjab,Patiala,"Model Town, Patiala - PPCB",0.09,169.44,,,,95.0,155.64,,,,162.6,39.1,,,,0.97,,1.68,,2.52,,62.66,,,,,,,,9.52,10.3,0.0,,,0.88,,,,
12-Jan-2019,04:15,12-Jan-2019,04:30,Punjab,Patiala,"Model Town, Patiala - PPCB",0.07,290.31,,,,95.0,159.48,,,,162.6,39.1,,,,1.03,,1.68,,2.51,,62.63,,,,,,,5.61,9.6,10.3,0.0,,,0.88,,,,
12-Jan-2019,04:30,12-Jan-2019,04:45,Punjab,Patiala,"Model Town, Patiala - PPCB",0.19,143.22,,,,94.99,157.47,,,,162.6,39.1,,,,1.02,,1.68,,2.52,,62.66,,,,,,,5.59,9.61,10.29,0.0,,,0.88,,,,
12-Jan-2019,04:45,12-Jan-2019,05:00,Punjab,Patiala,"Model Town, Patiala - PPCB",0.16,205.01,,,,94.64,153.85,,,,163.4,41.0,,,,1.03,,1.68,,2.54,,62.65,,,,,,,5.47,9.63,10.31,0.0,,,0.87,,,,
12-Jan-2019,05:00,12-Jan-2019,05:15,Punjab,Patiala,"Model Town, Patiala - PPCB",0.21,148.72,,,,94.65,153.44,,,,166.5,42.3,,,,1.01,,1.68,,2.53,,62.78,,,,,,,5.58,9.51,10.35,0.0,,,0.88,,,,
12-Jan-2019,05:15,12-Jan-2019,05:30,Punjab,Patiala,"Model Town, Patiala - PPCB",0.3,83.88,,,,95.01,154.48,,,,166.5,42.3,,,,1.0,,1.68,,2.52,,62.7,,,,,,,5.53,9.41,10.27,0.0,,,0.89,,,,
12-Jan-2019,05:30,12-Jan-2019,05:45,Punjab,Patiala,"Model Town, Patiala - PPCB",0.34,69.66,,,,94.65,151.95,,,,166.5,42.3,,,,1.07,,1.68,,2.51,,62.61,,,,,,,5.87,9.65,10.28,0.0,,,0.91,,,,
12-Jan-2019,05:45,12-Jan-2019,06:00,Punjab,Patiala,"Model Town, Patiala - PPCB",0.46,90.25,,,,94.63,149.36,,,,167.8,41.5,,,,1.11,,1.68,,2.5,,62.58,,,,,,,6.15,9.56,10.31,0.0,,,0.9,,,,
12-Jan-2019,06:00,12-Jan-2019,06:15,Punjab,Patiala,"Model Town, Patiala - PPCB",0.05,75.16,,,,94.59,150.06,,,,173.3,41.0,,,,1.14,,1.68,,2.51,,62.7,,,,,,,6.95,9.83,10.3,0.0,,,0.9,,,,
12-Jan-2019,06:15,12-Jan-2019,06:30,Punjab,Patiala,"Model Town, Patiala - PPCB",0.79,255.82,,,,94.84,152.09,,,,173.3,41.0,,,,1.13,,1.68,,2.52,,62.69,,,,,,,7.76,9.75,10.31,0.0,,,0.88,,,,
12-Jan-2019,06:30,12-Jan-2019,06:45,Punjab,Patiala,"Model Town, Patiala - PPCB",0.41,273.36,,,,94.73,153.28,,,,173.3,41.0,,,,1.13,,1.68,,2.51,,62.65,,,,,,,8.31,9.42,10.29,0.0,,,0.89,,,,
12-Jan-2019,06:45,12-Jan-2019,07:00,Punjab,Patiala,"Model Town, Patiala - PPCB",0.17,265.92,,,,94.65,152.7,,,,177.9,40.0,,,,1.16,,1.68,,2.52,,62.64,,,,,,,8.39,9.24,10.26,0.0,,,0.88,,,,
12-Jan-2019,07:00,12-Jan-2019,07:15,Punjab,Patiala,"Model Town, Patiala - PPCB",0.28,241.69,,,,94.85,152.34,,,,196.3,39.3,,,,1.15,,1.68,,2.53,,62.72,,,,,,,8.81,9.24,10.24,0.0,,,0.89,,,,
12-Jan-2019,07:15,12-Jan-2019,07:30,Punjab,Patiala,"Model Town, Patiala - PPCB",0.09,273.33,,,,94.87,154.38,,,,196.3,39.3,,,,1.18,,1.68,,2.51,,62.64,,,,,,,9.39,9.23,10.23,0.0,,,0.89,,,,
12-Jan-2019,07:30,12-Jan-2019,07:45,Punjab,Patiala,"Model Town, Patiala - PPCB",0.22,153.22,,,,95.2,154.87,,,,196.3,39.3,,,,1.19,,1.68,,2.52,,62.66,,,,,,,9.51,9.17,10.29,0.0,,,0.89,,,,
12-Jan-2019,07:45,12-Jan-2019,08:00,Punjab,Patiala,"Model Town, Patiala - PPCB",0.15,118.93,,,,94.86,164.41,,,,205.7,38.4,,,,1.28,,1.68,,2.52,,62.69,,,,,,,9.41,9.18,10.29,0.0,,,0.89,,,,
12-Jan-2019,08:00,12-Jan-2019,08:15,Punjab,Patiala,"Model Town, Patiala - PPCB",0.13,137.78,,,,94.96,175.72,,,,243.2,37.7,,,,1.16,,1.68,,2.52,,62.66,,,,,,,,9.4,10.26,0.0,,,0.88,,,,
12-Jan-2019,08:15,12-Jan-2019,08:30,Punjab,Patiala,"Model Town, Patiala - PPCB",0.14,178.4,,,,95.21,206.77,,,,243.2,37.7,,,,1.3,,1.68,,2.52,,62.65,,,,,,,9.71,9.78,10.35,0.0,,,0.88,,,,
12-Jan-2019,08:30,12-Jan-2019,08:45,Punjab,Patiala,"Model Town, Patiala - PPCB",0.09,199.3,,,,92.93,224.59,,,,243.2,37.7,,,,1.33,,1.69,,2.52,,62.63,,,,,,,11.73,10.71,10.3,0.0,,,0.89,,,,
12-Jan-2019,08:45,12-Jan-2019,09:00,Punjab,Patiala,"Model Town, Patiala - PPCB",0.04,274.64,,,,82.68,235.37,,,,236.2,41.5,,,,1.25,,1.96,,2.51,,62.63,,,,,,,18.38,11.88,10.3,0.0,,,0.88,,,,
12-Jan-2019,09:00,12-Jan-2019,09:15,Punjab,Patiala,"Model Town, Patiala - PPCB",0.2,87.4,,,,75.83,289.34,,,,210.3,44.1,,,,1.26,,2.17,,2.5,,62.62,,,,,,,23.24,12.9,10.25,0.0,,,0.87,,,,
12-Jan-2019,09:15,12-Jan-2019,09:30,Punjab,Patiala,"Model Town, Patiala - PPCB",0.45,123.01,,,,73.75,305.0,,,,210.3,44.1,,,,1.31,,2.68,,2.5,,62.65,,,,,,,24.33,13.29,10.27,0.0,,,0.89,,,,
12-Jan-2019,09:30,12-Jan-2019,09:45,Punjab,Patiala,"Model Town, Patiala - PPCB",0.46,112.03,,,,70.83,312.44,,,,210.3,44.1,,,,1.25,,3.73,,2.5,,62.66,,,,,,,24.72,13.53,10.31,0.0,,,0.9,,,,
12-Jan-2019,09:45,12-Jan-2019,10:00,Punjab,Patiala,"Model Town, Patiala - PPCB",0.55,109.73,,,,67.09,302.74,,,,213.2,43.1,,,,1.28,,4.59,,2.5,,62.6,,,,,,,24.05,14.37,10.31,0.0,,,0.89,,,,
12-Jan-2019,10:00,12-Jan-2019,10:15,Punjab,Patiala,"Model Town, Patiala - PPCB",0.44,104.82,,,,64.72,312.56,,,,224.9,42.4,,,,1.43,,4.65,,2.51,,62.66,,,,,,,23.36,15.07,10.25,0.0,,,0.89,,,,
12-Jan-2019,10:15,12-Jan-2019,10:30,Punjab,Patiala,"Model Town, Patiala - PPCB",0.59,118.3,,,,61.54,330.43,,,,224.9,42.4,,,,1.43,,6.67,,2.51,,62.69,,,,,,,22.83,15.69,10.25,0.0,,,0.88,,,,
12-Jan-2019,10:30,12-Jan-2019,10:45,Punjab,Patiala,"Model Town, Patiala - PPCB",0.67,107.29,,,,58.62,314.6,,,,224.9,42.4,,,,1.27,,12.21,,2.5,,62.66,,,,,,,21.22,16.3,10.3,0.0,,,0.88,,,,
12-Jan-2019,10:45,12-Jan-2019,11:00,Punjab,Patiala,"Model Town, Patiala - PPCB",0.75,128.03,,,,57.94,315.62,,,,224.9,44.0,,,,1.3,,8.78,,2.53,,62.68,,,,,,,20.56,16.69,10.31,0.0,,,0.89,,,,
12-Jan-2019,11:00,12-Jan-2019,11:15,Punjab,Patiala,"Model Town, Patiala - PPCB",0.67,133.58,,,,56.36,387.61,,,,,45.1,,,,1.26,,9.33,,2.71,,62.72,,,,,,,,17.3,10.33,0.0,,,0.89,,,,
12-Jan-2019,11:15,12-Jan-2019,11:30,Punjab,Patiala,"Model Town, Patiala - PPCB",0.54,150.22,,,,54.88,398.25,,,,,45.1,,,,1.26,,10.84,,2.58,,62.73,,,,,,,,17.98,10.31,0.0,,,0.9,,,,
12-Jan-2019,11:30,12-Jan-2019,11:45,Punjab,Patiala,"Model Town, Patiala - PPCB",0.71,151.37,,,,53.05,403.46,,,,,45.1,,,,1.13,,11.82,,2.52,,62.66,,,,,,,13.53,18.57,10.26,0.0,,,0.9,,,,
12-Jan-2019,11:45,12-Jan-2019,12:00,Punjab,Patiala,"Model Town, Patiala - PPCB",0.71,106.5,,,,51.94,412.0,,,,,45.0,,,,1.17,,14.37,,2.51,,62.61,,,,,,,13.34,18.65,10.28,0.0,,,0.89,,,,
12-Jan-2019,12:00,12-Jan-2019,12:15,Punjab,Patiala,"Model Town, Patiala - PPCB",0.55,114.8,,,,48.54,420.65,,,,,,,,,0.94,,16.19,,2.5,,62.7,,,,,,,,19.41,10.27,0.0,,,0.89,,,,
12-Jan-2019,12:15,12-Jan-2019,12:30,Punjab,Patiala,"Model Town, Patiala - PPCB",0.64,123.63,,,,43.91,425.05,,,,,,,,,0.82,,21.22,,2.51,,62.7,,,,,,,11.61,19.9,10.24,0.0,,,0.88,,,,
12-Jan-2019,12:30,12-Jan-2019,12:45,Punjab,Patiala,"Model Town, Patiala - PPCB",0.73,114.49,,,,42.97,436.38,,,,,,,,,0.75,,20.95,,2.53,,62.63,,,,,,,10.86,20.09,10.26,0.0,,,0.9,,,,
12-Jan-2019,12:45,12-Jan-2019,13:00,Punjab,Patiala,"Model Town, Patiala - PPCB",0.71,125.33,,,,43.39,250.03,,,,,,,,,0.72,,20.79,,2.53,,62.63,,,,,,,10.21,19.85,10.28,0.0,,,0.89,,,,
12-Jan-2019,13:00,12-Jan-2019,13:15,Punjab,Patiala,"Model Town, Patiala - PPCB",0.66,143.42,,,,41.44,215.54,,,,184.4,45.6,,,,0.7,,22.87,,2.52,,62.64,,,,,,,10.47,20.13,10.3,0.0,,,0.88,,,,
12-Jan-2019,13:15,12-Jan-2019,13:30,Punjab,Patiala,"Model Town, Patiala - PPCB",0.56,181.97,,,,40.07,222.34,,,,255.4,45.6,33.6,27.9,61.5,0.64,,20.72,,2.52,,62.71,,,,,,,9.71,20.01,10.33,0.0,,,0.88,,,,
12-Jan-2019,13:30,12-Jan-2019,13:45,Punjab,Patiala,"Model Town, Patiala - PPCB",0.28,116.6,,,,41.56,234.01,,,,255.4,45.6,84.4,37.9,105.7,0.65,,15.41,,2.52,,62.68,,,,,,5.96,8.59,20.05,10.27,0.0,,,0.88,,,,
12-Jan-2019,13:45,12-Jan-2019,14:00,Punjab,Patiala,"Model Town, Patiala - PPCB",0.38,149.05,,,,37.8,228.42,,,,255.4,43.7,31.2,57.8,55.9,0.61,,14.47,,2.5,,62.63,,,,,,22.6,8.28,20.22,10.25,0.0,,,0.9,,,,
12-Jan-2019,14:00,12-Jan-2019,14:15,Punjab,Patiala,"Model Town, Patiala - PPCB",0.51,188.82,,,,43.8,238.95,,,,232.3,42.4,,323.6,,0.51,,15.0,,2.52,,62.68,,,,,,360.37,10.57,19.97,10.24,0.0,,,0.89,,,,
12-Jan-2019,14:15,12-Jan-2019,14:30,Punjab,Patiala,"Model Town, Patiala - PPCB",0.78,172.4,,,,43.88,246.97,,,,223.9,42.4,,,,0.54,,14.77,,2.53,,62.66,,,,,,,17.66,19.92,10.24,0.0,,,0.89,,,,
12-Jan-2019,14:30,12-Jan-2019,14:45,Punjab,Patiala,"Model Town, Patiala - PPCB",0.94,169.8,,,,38.46,248.7,,,,223.9,42.4,,,,0.41,,16.26,,2.52,,62.65,,,,,,,7.88,19.73,10.23,0.0,,,0.91,,,,
12-Jan-2019,14:45,12-Jan-2019,15:00,Punjab,Patiala,"Model Town, Patiala - PPCB",0.8,116.64,,,,35.64,224.56,,,,223.9,38.7,13.8,12.4,26.1,0.36,,17.23,,2.52,,62.72,,,,,,27.54,6.82,19.84,10.29,0.0,,,0.92,,,,
12-Jan-2019,15:00,12-Jan-2019,15:15,Punjab,Patiala,"Model Town, Patiala - PPCB",0.46,168.26,,,,34.9,216.68,,,,168.3,36.2,22.4,18.3,40.7,0.32,,17.46,,2.52,,62.72,,,,,,30.28,7.25,19.67,10.27,0.0,,,0.88,,,,
12-Jan-2019,15:15,12-Jan-2019,15:30,Punjab,Patiala,"Model Town, Patiala - PPCB",0.51,198.37,,,,43.07,231.55,,,,146.9,36.2,11.7,11.5,23.1,0.38,,17.33,,2.53,,62.68,,,,,,28.41,11.98,19.42,10.27,0.0,,,0.88,,,,
12-Jan-2019,15:30,12-Jan-2019,15:45,Punjab,Patiala,"Model Town, Patiala - PPCB",0.51,222.57,,,,51.25,216.44,,,,146.9,36.2,2.2,16.7,19.0,0.54,,15.93,,2.53,,62.63,,,,,,25.45,11.72,19.41,10.27,0.0,,,0.9,,,,
12-Jan-2019,15:45,12-Jan-2019,16:00,Punjab,Patiala,"Model Town, Patiala - PPCB",0.44,201.36,,,,49.24,199.64,,,,146.9,34.0,,17.6,17.5,0.55,,15.86,,2.53,,62.69,,,,,,28.01,12.62,19.36,10.23,0.0,,,0.88,,,,
12-Jan-2019,16:00,12-Jan-2019,16:15,Punjab,Patiala,"Model Town, Patiala - PPCB",0.53,165.61,,,,45.16,208.65,,,,136.8,32.4,16.1,11.1,26.0,0.62,,16.99,,2.51,,62.69,,,,,,28.42,,19.16,10.25,0.0,,,0.88,,,,
12-Jan-2019,16:15,12-Jan-2019,16:30,Punjab,Patiala,"Model Town, Patiala - PPCB",0.82,163.99,,,,43.48,179.78,,,,132.8,32.4,9.6,17.3,26.3,0.64,,17.14,,2.51,,62.65,,,,,,27.49,21.28,18.94,10.23,0.0,,,0.88,,,,
12-Jan-2019,16:30,12-Jan-2019,16:45,Punjab,Patiala,"Model Town, Patiala - PPCB",0.5,168.34,,,,46.45,162.8,,,,132.8,32.4,17.1,15.5,32.1,0.67,,16.45,,2.51,,62.63,,,,,,29.44,34.85,18.46,10.22,0.0,,,0.88,,,,
12-Jan-2019,16:45,12-Jan-2019,17:00,Punjab,Patiala,"Model Town, Patiala - PPCB",0.33,203.52,,,,53.98,156.49,,,,132.8,34.0,10.5,18.8,26.8,0.8,,14.82,,2.51,,62.65,,,,,,26.12,36.33,18.01,10.27,0.0,,,0.89,,,,
12-Jan-2019,17:00,12-Jan-2019,17:15,Punjab,Patiala,"Model Town, Patiala - PPCB",0.07,325.89,,,,59.76,153.8,,,,171.5,35.1,0.0,14.3,1.3,1.85,,8.7,,2.51,,62.64,,,,,,21.75,25.43,17.53,10.3,0.0,,,0.89,,,,
12-Jan-2019,17:15,12-Jan-2019,17:30,Punjab,Patiala,"Model Town, Patiala - PPCB",0.15,17.57,,,,65.95,153.29,,,,185.6,35.1,7.2,22.2,20.3,1.16,,4.42,,2.52,,62.63,,,,,,25.97,18.93,16.94,10.34,0.0,,,0.88,,,,
12-Jan-2019,17:30,12-Jan-2019,17:45,Punjab,Patiala,"Model Town, Patiala - PPCB",0.08,256.37,,,,68.83,147.25,,,,185.6,35.1,0.6,7.2,0.8,1.54,,2.33,,2.55,,62.63,,,,,,30.21,16.75,16.47,10.31,0.0,,,0.88,,,,
12-Jan-2019,17:45,12-Jan-2019,18:00,Punjab,Patiala,"Model Town, Patiala - PPCB",0.11,304.11,,,,72.23,146.66,,,,185.6,36.2,0.0,14.4,0.0,1.71,,1.68,,2.52,,62.65,,,,,,16.51,15.33,16.01,10.28,0.0,,,0.89,,,,
12-Jan-2019,18:00,12-Jan-2019,18:15,Punjab,Patiala,"Model Town, Patiala - PPCB",0.24,325.98,,,,75.74,149.32,,,,238.7,37.0,0.0,19.1,0.0,1.86,,1.68,,2.51,,62.65,,,,,,15.45,13.34,15.65,10.29,0.0,,,0.89,,,,
12-Jan-2019,18:15,12-Jan-2019,18:30,Punjab,Patiala,"Model Town, Patiala - PPCB",0.14,284.01,,,,77.63,150.17,,,,258.0,37.0,0.0,6.7,0.0,1.66,,1.68,,2.52,,62.6,,,,,,8.78,11.42,15.4,10.26,0.0,,,0.88,,,,
12-Jan-2019,18:30,12-Jan-2019,18:45,Punjab,Patiala,"Model Town, Patiala - PPCB",0.08,264.63,,,,80.04,151.45,,,,258.0,37.0,0.0,3.4,0.0,1.85,,1.68,,2.52,,62.65,,,,,,17.35,10.87,15.13,10.28,0.0,,,0.9,,,,
12-Jan-2019,18:45,12-Jan-2019,19:00,Punjab,Patiala,"Model Town, Patiala - PPCB",0.08,351.62,,,,81.58,150.32,,,,258.0,38.4,0.0,7.2,0.0,1.79,,1.68,,2.51,,62.68,,,,,,15.78,9.91,15.03,10.32,0.0,,,0.89,,,,
12-Jan-2019,19:00,12-Jan-2019,19:15,Punjab,Patiala,"Model Town, Patiala - PPCB",0.09,276.17,,,,83.11,150.24,,,,254.8,39.4,0.0,9.1,0.0,1.85,,1.68,,2.52,,62.62,,,,,,16.22,9.12,14.91,10.28,0.0,,,0.88,,,,
12-Jan-2019,19:15,12-Jan-2019,19:30,Punjab,Patiala,"Model Town, Patiala - PPCB",0.14,45.46,,,,84.51,155.67,,,,253.5,39.4,0.0,8.6,0.0,1.98,,1.68,,2.52,,62.66,,,,,,8.91,8.15,14.81,10.32,0.0,,,0.89,,,,
12-Jan-2019,19:30,12-Jan-2019,19:45,Punjab,Patiala,"Model Town, Patiala - PPCB",0.46,254.39,,,,84.62,155.51,,,,253.5,39.4,0.0,4.9,0.0,2.02,,1.68,,2.51,,62.64,,,,,,14.09,8.12,14.69,10.3,0.0,,,0.9,,,,
12-Jan-2019,19:45,12-Jan-2019,20:00,Punjab,Patiala,"Model Town, Patiala - PPCB",0.69,261.68,,,,83.04,158.01,,,,253.5,41.5,0.0,9.3,0.0,1.82,,1.68,,2.51,,62.62,,,,,,13.29,7.75,14.79,10.27,0.0,,,0.9,,,,
12-Jan-2019,20:00,12-Jan-2019,20:15,Punjab,Patiala,"Model Town, Patiala - PPCB",0.63,245.17,,,,77.2,156.64,,,,255.4,43.0,0.0,12.3,0.2,0.7,,1.73,,2.53,,62.64,,,,,,23.97,,15.27,10.23,0.0,,,0.9,,,,
12-Jan-2019,20:15,12-Jan-2019,20:30,Punjab,Patiala,"Model Town, Patiala - PPCB",0.32,283.6,,,,77.95,156.66,,,,256.1,43.0,8.8,18.2,16.2,0.55,,2.15,,2.53,,62.66,,,,,,23.73,8.02,15.23,10.29,0.0,,,0.89,,,,
12-Jan-2019,20:30,12-Jan-2019,20:45,Punjab,Patiala,"Model Town, Patiala - PPCB",0.52,265.16,,,,78.31,157.48,,,,256.1,43.0,1.2,24.7,8.0,0.69,,2.49,,2.52,,62.63,,,,,,23.44,7.64,15.19,10.29,0.0,,,0.89,,,,
12-Jan-2019,20:45,12-Jan-2019,21:00,Punjab,Patiala,"Model Town, Patiala - PPCB",0.68,263.63,,,,78.26,154.4,,,,256.1,45.5,23.1,18.6,36.6,0.55,,2.85,,2.51,,62.72,,,,,,28.6,7.74,15.11,10.3,0.0,,,0.88,,,,
12-Jan-2019,21:00,12-Jan-2019,21:15,Punjab,Patiala,"Model Town, Patiala - PPCB",0.46,264.34,,,,77.55,154.57,,,,287.5,47.2,13.2,17.1,23.8,0.46,,3.61,,2.51,,62.67,,,,,,25.74,8.0,15.09,10.32,0.0,,,0.89,,,,
12-Jan-2019,21:15,12-Jan-2019,21:30,Punjab,Patiala,"Model Town, Patiala - PPCB",0.6,277.9,,,,76.71,156.29,,,,298.9,47.2,41.0,30.5,68.3,0.39,,4.0,,2.54,,62.62,,,,,,28.76,9.09,14.92,10.35,0.0,,,0.89,,,,
12-Jan-2019,21:30,12-Jan-2019,21:45,Punjab,Patiala,"Model Town, Patiala - PPCB",0.73,261.78,,,,76.47,155.46,,,,298.9,47.2,15.1,25.5,34.8,0.34,,3.94,,2.53,,62.63,,,,,,23.25,9.61,14.64,10.34,0.0,,,0.88,,,,
12-Jan-2019,21:45,12-Jan-2019,22:00,Punjab,Patiala,"Model Town, Patiala - PPCB",0.47,268.74,,,,77.0,154.02,,,,298.9,45.4,23.8,20.2,38.6,0.27,,3.74,,2.51,,62.61,,,,,,28.37,9.8,14.37,10.3,0.0,,,0.89,,,,
12-Jan-2019,22:00,12-Jan-2019,22:15,Punjab,Patiala,"Model Town, Patiala - PPCB",0.69,256.26,,,,78.28,155.11,,,,253.8,44.1,20.2,19.1,38.1,0.24,,3.38,,2.51,,62.74,,,,,,27.64,9.63,14.16,10.3,0.0,,,0.89,,,,
12-Jan-2019,22:15,12-Jan-2019,22:30,Punjab,Patiala,"Model Town, Patiala - PPCB",0.77,254.16,,,,79.37,151.79,,,,237.4,44.1,9.4,20.9,29.6,0.2,,3.17,,2.51,,62.72,,,,,,26.51,8.94,13.96,10.27,0.0,,,0.88,,,,
12-Jan-2019,22:30,12-Jan-2019,22:45,Punjab,Patiala,"Model Town, Patiala - PPCB",0.62,255.51,,,,80.65,155.66,,,,237.4,44.1,12.7,18.0,30.2,0.18,,3.07,,2.51,,62.65,,,,,,28.98,8.15,13.81,10.27,0.0,,,0.89,,,,
12-Jan-2019,22:45,12-Jan-2019,23:00,Punjab,Patiala,"Model Town, Patiala - PPCB",0.83,257.01,,,,81.72,157.57,,,,237.4,40.9,15.7,17.9,33.7,0.14,,2.93,,2.52,,62.7,,,,,,29.13,7.27,13.69,10.29,0.0,,,0.9,,,,
12-Jan-2019,23:00,12-Jan-2019,23:15,Punjab,Patiala,"Model Town, Patiala - PPCB",0.58,255.26,,,,82.06,153.64,,,,240.9,38.7,13.5,16.3,29.4,0.11,,2.83,,2.51,,62.68,,,,,,28.25,6.65,13.67,10.34,0.0,,,0.89,,,,
12-Jan-2019,23:15,12-Jan-2019,23:30,Punjab,Patiala,"Model Town, Patiala - PPCB",1.08,255.28,,,,83.55,155.06,,,,242.1,38.7,17.3,11.4,28.5,0.06,,2.8,,2.52,,62.71,,,,,,29.88,5.92,13.51,10.27,0.0,,,0.89,,,,
12-Jan-2019,23:30,12-Jan-2019,23:45,Punjab,Patiala,"Model Town, Patiala - PPCB",1.18,256.97,,,,85.12,149.16,,,,242.1,38.7,10.7,13.5,23.5,0.03,,2.73,,2.52,,62.64,,,,,,28.09,5.18,13.3,10.27,0.0,,,0.89,,,,
12-Jan-2019,23:45,13-Jan-2019,00:00,Punjab,Patiala,"Model Town, Patiala - PPCB",1.0,249.44,,,,83.93,158.6,,,,242.1,32.9,13.9,16.3,26.7,0.0,,2.65,,2.52,,62.65,,,,,,26.89,5.09,13.21,10.29,0.0,,,0.9,,,,
13-Jan-2019,00:00,13-Jan-2019,00:15,Punjab,Patiala,"Model Town, Patiala - PPCB",0.67,261.04,,,,83.26,157.31,,,,204.1,28.9,7.8,14.7,21.4,0.59,,2.53,,2.52,,62.73,,,,,,27.22,,13.24,10.33,0.0,,,0.88,,,,
13-Jan-2019,00:15,13-Jan-2019,00:30,Punjab,Patiala,"Model Town, Patiala - PPCB",0.84,271.58,,,,81.59,158.92,,,,190.3,28.9,2.3,14.6,13.9,0.61,,2.45,,2.51,,62.71,,,,,,26.99,5.21,13.23,10.32,0.0,,,0.87,,,,
13-Jan-2019,00:30,13-Jan-2019,00:45,Punjab,Patiala,"Model Town, Patiala - PPCB",1.4,258.07,,,,81.22,154.84,,,,190.3,28.9,14.4,15.2,28.2,0.59,,2.46,,2.51,,62.65,,,,,,27.9,5.41,13.14,10.32,0.0,,,0.88,,,,
13-Jan-2019,00:45,13-Jan-2019,01:00,Punjab,Patiala,"Model Town, Patiala - PPCB",0.73,259.22,,,,80.47,143.93,,,,190.3,27.7,8.8,14.0,21.9,0.54,,2.53,,2.51,,62.63,,,,,,28.5,5.27,13.05,10.25,0.0,,,0.89,,,,
13-Jan-2019,01:00,13-Jan-2019,01:15,Punjab,Patiala,"Model Town, Patiala - PPCB",0.28,16.91,,,,82.63,138.89,,,,187.1,26.9,3.5,10.4,11.1,0.5,,2.59,,2.51,,62.61,,,,,,28.0,4.69,12.86,10.29,0.0,,,0.9,,,,
13-Jan-2019,01:15,13-Jan-2019,01:30,Punjab,Patiala,"Model Town, Patiala - PPCB",0.27,206.2,,,,83.69,142.44,,,,185.8,26.9,7.9,19.7,25.2,0.5,,2.66,,2.51,,62.62,,,,,,25.43,4.33,12.66,10.27,0.0,,,0.88,,,,
13-Jan-2019,01:30,13-Jan-2019,01:45,Punjab,Patiala,"Model Town, Patiala - PPCB",0.41,50.2,,,,83.86,147.92,,,,185.8,26.9,11.4,19.5,29.3,0.49,,2.65,,2.51,,62.63,,,,,,26.61,4.05,12.6,10.26,0.0,,,0.89,,,,
13-Jan-2019,01:45,13-Jan-2019,02:00,Punjab,Patiala,"Model Town, Patiala - PPCB",0.31,33.52,,,,83.64,145.65,,,,185.8,25.9,9.0,13.4,21.1,0.49,,2.64,,2.52,,62.65,,,,,,28.42,4.37,12.55,10.32,0.0,,,0.9,,,,
13-Jan-2019,02:00,13-Jan-2019,02:15,Punjab,Patiala,"Model Town, Patiala - PPCB",0.15,43.46,,,,85.52,140.7,,,,154.1,25.2,6.6,17.1,22.1,0.49,,2.6,,2.51,,62.69,,,,,,27.53,4.25,12.32,10.34,0.0,,,0.89,,,,
13-Jan-2019,02:15,13-Jan-2019,02:30,Punjab,Patiala,"Model Town, Patiala - PPCB",0.11,359.31,,,,85.24,139.49,,,,141.9,25.2,6.8,20.7,26.3,0.47,,2.59,,2.5,,62.7,,,,,,27.77,4.09,12.19,10.32,0.0,,,0.88,,,,
13-Jan-2019,02:30,13-Jan-2019,02:45,Punjab,Patiala,"Model Town, Patiala - PPCB",0.19,53.21,,,,84.76,141.04,,,,141.9,25.2,3.1,19.7,19.6,0.46,,2.6,,2.51,,62.71,,,,,,26.41,3.86,12.03,10.28,0.0,,,0.89,,,,
13-Jan-2019,02:45,13-Jan-2019,03:00,Punjab,Patiala,"Model Town, Patiala - PPCB",0.13,355.24,,,,82.64,143.2,,,,141.9,23.3,1.5,15.3,10.8,0.44,,2.63,,2.51,,62.65,,,,,,26.84,3.79,12.21,10.3,0.0,,,0.88,,,,
13-Jan-2019,03:00,13-Jan-2019,03:15,Punjab,Patiala,"Model Town, Patiala - PPCB",0.05,310.77,,,,82.9,139.06,,,,141.3,21.9,1.8,17.8,8.9,0.47,,2.61,,2.52,,62.68,,,,,,23.61,4.1,12.04,10.35,0.0,,,0.87,,,,
13-Jan-2019,03:15,13-Jan-2019,03:30,Punjab,Patiala,"Model Town, Patiala - PPCB",0.26,32.57,,,,83.11,141.52,,,,141.1,21.9,2.2,28.1,17.1,0.48,,2.6,,2.51,,62.64,,,,,,23.75,4.05,11.83,10.32,0.0,,,0.87,,,,
13-Jan-2019,03:30,13-Jan-2019,03:45,Punjab,Patiala,"Model Town, Patiala - PPCB",0.26,51.33,,,,83.37,139.71,,,,141.1,21.9,6.1,21.6,19.5,0.48,,2.66,,2.51,,62.62,,,,,,21.22,3.82,11.67,10.25,0.0,,,0.89,,,,
13-Jan-2019,03:45,13-Jan-2019,04:00,Punjab,Patiala,"Model Town, Patiala - PPCB",0.2,26.26,,,,84.24,140.74,,,,141.1,20.2,7.3,10.5,12.0,0.48,,2.64,,2.53,,62.66,,,,,,27.02,3.68,11.46,10.24,0.0,,,0.88,,,,
13-Jan-2019,04:00,13-Jan-2019,04:15,Punjab,Patiala,"Model Town, Patiala - PPCB",0.42,25.58,,,,85.17,142.83,,,,127.0,18.9,11.7,18.4,24.7,0.38,,2.66,,2.53,,62.68,,,,,,23.01,,11.35,10.26,0.0,,,0.89,,,,
13-Jan-2019,04:15,13-Jan-2019,04:30,Punjab,Patiala,"Model Town, Patiala - PPCB",0.3,36.2,,,,87.05,140.73,,,,121.6,18.9,1.1,21.0,9.9,0.42,,2.6,,2.51,,62.63,,,,,,24.41,3.06,11.2,10.33,0.0,,,0.89,,,,
13-Jan-2019,04:30,13-Jan-2019,04:45,Punjab,Patiala,"Model Town, Patiala - PPCB",0.32,30.67,,,,89.11,142.17,,,,121.6,18.9,3.5,20.1,13.5,0.44,,2.4,,2.51,,62.7,,,,,,25.63,2.93,10.94,10.33,0.0,,,0.89,,,,
13-Jan-2019,04:45,13-Jan-2019,05:00,Punjab,Patiala,"Model Town, Patiala - PPCB",0.33,44.74,,,,90.36,142.34,,,,121.6,17.8,6.5,21.4,19.5,0.45,,2.37,,2.52,,62.7,,,,,,28.39,2.88,10.83,10.3,0.0,,,0.9,,,,
13-Jan-2019,05:00,13-Jan-2019,05:15,Punjab,Patiala,"Model Town, Patiala - PPCB",0.36,281.59,,,,92.14,143.22,,,,130.4,17.1,9.4,22.8,24.6,0.46,,2.42,,2.53,,62.68,,,,,,28.14,2.77,10.63,10.27,0.0,,,0.88,,,,
13-Jan-2019,05:15,13-Jan-2019,05:30,Punjab,Patiala,"Model Town, Patiala - PPCB",0.23,243.59,,,,94.71,142.22,,,,133.8,17.1,16.6,18.8,31.2,0.47,,2.28,,2.52,,62.61,,,,,,30.92,2.43,10.28,10.29,0.0,,,0.89,,,,
13-Jan-2019,05:30,13-Jan-2019,05:45,Punjab,Patiala,"Model Town, Patiala - PPCB",0.23,276.77,,,,95.16,143.01,,,,133.8,17.1,14.7,20.6,24.5,0.5,,2.17,,2.54,,62.72,,,,,,27.98,2.33,10.11,10.28,0.0,,,0.88,,,,
13-Jan-2019,05:45,13-Jan-2019,06:00,Punjab,Patiala,"Model Town, Patiala - PPCB",0.2,279.16,,,,95.18,143.13,,,,133.8,17.0,20.7,27.2,44.2,0.51,,1.94,,2.52,,62.71,,,,,,27.3,2.2,9.93,10.29,0.0,,,0.89,,,,
13-Jan-2019,06:00,13-Jan-2019,06:15,Punjab,Patiala,"Model Town, Patiala - PPCB",0.21,344.35,,,,95.17,143.78,,,,116.2,17.0,16.7,15.3,25.4,0.51,,1.93,,2.5,,62.73,,,,,,29.11,2.15,10.1,10.29,0.0,,,0.88,,,,
13-Jan-2019,06:15,13-Jan-2019,06:30,Punjab,Patiala,"Model Town, Patiala - PPCB",0.65,249.93,,,,95.18,147.16,,,,109.5,17.0,5.6,18.4,18.8,0.6,,1.82,,2.52,,62.72,,,,,,28.41,2.05,9.66,10.26,0.0,,,0.88,,,,
13-Jan-2019,06:30,13-Jan-2019,06:45,Punjab,Patiala,"Model Town, Patiala - PPCB",0.17,252.63,,,,95.19,148.61,,,,109.5,17.0,2.1,17.0,9.0,0.64,,1.71,,2.51,,62.76,,,,,,28.47,1.98,9.37,10.28,0.0,,,0.89,,,,
13-Jan-2019,06:45,13-Jan-2019,07:00,Punjab,Patiala,"Model Town, Patiala - PPCB",0.08,145.43,,,,95.22,150.57,,,,109.5,15.9,3.0,24.1,9.2,0.66,,1.68,,2.5,,62.7,,,,,,23.17,2.03,9.36,10.36,0.0,,,0.91,,,,
13-Jan-2019,07:00,13-Jan-2019,07:15,Punjab,Patiala,"Model Town, Patiala - PPCB",0.19,165.69,,,,95.21,148.74,,,,132.6,15.1,0.1,17.3,3.5,0.68,,1.68,,2.51,,62.61,,,,,,20.94,1.89,9.16,10.27,0.0,,,0.9,,,,
13-Jan-2019,07:15,13-Jan-2019,07:30,Punjab,Patiala,"Model Town, Patiala - PPCB",0.14,235.88,,,,95.2,152.35,,,,141.5,15.1,0.0,18.5,2.4,0.65,,1.68,,2.51,,62.64,,,,,,21.4,1.91,9.12,10.37,0.0,,,0.89,,,,
13-Jan-2019,07:30,13-Jan-2019,07:45,Punjab,Patiala,"Model Town, Patiala - PPCB",0.24,253.74,,,,95.0,166.69,,,,141.5,15.1,3.4,12.1,7.0,0.74,,1.68,,2.52,,62.68,,,,,,31.07,1.88,9.18,10.32,0.0,,,0.88,,,,
13-Jan-2019,07:45,13-Jan-2019,08:00,Punjab,Patiala,"Model Town, Patiala - PPCB",0.13,170.42,,,,94.98,174.01,,,,141.5,15.5,5.0,21.4,16.6,0.8,,1.68,,2.52,,62.67,,,,,,22.84,1.86,9.54,10.3,0.0,,,0.89,,,,
13-Jan-2019,08:00,13-Jan-2019,08:15,Punjab,Patiala,"Model Town, Patiala - PPCB",0.19,183.55,,,,94.97,186.39,,,,126.6,15.8,0.3,19.7,3.8,0.78,,1.68,,2.53,,62.63,,,,,,26.46,,9.88,10.29,0.0,,,0.9,,,,
13-Jan-2019,08:15,13-Jan-2019,08:30,Punjab,Patiala,"Model Town, Patiala - PPCB",0.22,138.21,,,,94.96,197.16,,,,120.8,15.8,0.0,16.8,4.6,0.9,,1.68,,2.51,,62.65,,,,,,24.92,1.93,10.45,10.31,0.0,,,0.89,,,,
13-Jan-2019,08:30,13-Jan-2019,08:45,Punjab,Patiala,"Model Town, Patiala - PPCB",0.3,243.41,,,,94.93,216.14,,,,120.8,15.8,0.0,14.3,1.0,1.03,,1.68,,2.51,,62.66,,,,,,23.11,2.16,10.97,10.3,0.0,,,0.89,,,,
13-Jan-2019,08:45,13-Jan-2019,09:00,Punjab,Patiala,"Model Town, Patiala - PPCB",0.56,258.59,,,,93.41,258.2,,,,120.8,19.0,0.0,13.6,0.5,1.22,,1.68,,2.52,,62.67,,,,,,26.16,2.69,11.54,10.26,0.0,,,0.88,,,,
13-Jan-2019,09:00,13-Jan-2019,09:15,Punjab,Patiala,"Model Town, Patiala - PPCB",0.49,282.04,,,,88.99,298.83,,,,100.8,21.2,0.5,13.2,4.0,1.24,,1.68,,2.53,,62.72,,,,,,27.22,3.79,12.27,10.23,0.0,,,0.88,,,,
13-Jan-2019,09:15,13-Jan-2019,09:30,Punjab,Patiala,"Model Town, Patiala - PPCB",0.39,283.36,,,,85.41,329.27,,,,93.1,21.2,2.6,15.5,13.3,1.15,,1.72,,2.52,,62.66,,,,,,27.85,5.31,13.08,10.24,0.0,,,0.89,,,,
13-Jan-2019,09:30,13-Jan-2019,09:45,Punjab,Patiala,"Model Town, Patiala - PPCB",0.33,287.54,,,,82.31,305.5,,,,93.1,21.2,4.7,13.6,15.0,0.95,,1.8,,2.51,,62.63,,,,,,26.53,6.76,13.59,10.28,0.0,,,0.88,,,,
13-Jan-2019,09:45,13-Jan-2019,10:00,Punjab,Patiala,"Model Town, Patiala - PPCB",0.62,274.66,,,,80.82,315.03,,,,93.1,23.4,5.3,18.7,21.1,0.93,,1.95,,2.51,,62.66,,,,,,27.24,7.63,14.05,10.29,0.0,,,0.89,,,,
13-Jan-2019,10:00,13-Jan-2019,10:15,Punjab,Patiala,"Model Town, Patiala - PPCB",0.57,261.72,,,,80.08,334.34,,,,67.4,24.9,4.5,15.2,16.0,0.97,,2.19,,2.51,,62.68,,,,,,26.38,8.58,14.42,10.33,0.0,,,0.9,,,,
13-Jan-2019,10:15,13-Jan-2019,10:30,Punjab,Patiala,"Model Town, Patiala - PPCB",0.22,29.41,,,,74.23,317.91,,,,58.1,24.9,11.5,19.7,31.0,0.82,,2.34,,2.51,,62.64,,,,,,26.97,9.73,15.69,10.28,0.0,,,0.88,,,,
13-Jan-2019,10:30,13-Jan-2019,10:45,Punjab,Patiala,"Model Town, Patiala - PPCB",0.26,353.76,,,,70.41,316.77,,,,58.1,24.9,9.6,17.9,26.9,0.79,,2.57,,2.51,,62.68,,,,,,26.52,10.94,16.35,10.25,0.0,,,0.88,,,,
13-Jan-2019,10:45,13-Jan-2019,11:00,Punjab,Patiala,"Model Town, Patiala - PPCB",0.26,275.29,,,,68.87,332.11,,,,58.1,27.1,7.2,16.4,22.7,0.88,,2.74,,2.51,,62.64,,,,,,27.77,11.1,17.06,10.28,0.0,,,0.88,,,,
13-Jan-2019,11:00,13-Jan-2019,11:15,Punjab,Patiala,"Model Town, Patiala - PPCB",0.84,254.85,,,,69.17,395.33,,,,37.8,28.6,7.8,12.4,19.8,0.91,,3.05,,2.52,,62.61,,,,,,28.51,11.38,16.71,10.29,0.0,,,0.9,,,,
13-Jan-2019,11:15,13-Jan-2019,11:30,Punjab,Patiala,"Model Town, Patiala - PPCB",0.61,263.6,,,,67.35,419.6,,,,30.0,28.6,12.7,23.0,35.6,0.87,,3.72,,2.52,,62.6,,,,,,25.94,11.77,17.16,10.24,0.0,,,0.89,,,,
13-Jan-2019,11:30,13-Jan-2019,11:45,Punjab,Patiala,"Model Town, Patiala - PPCB",1.06,253.45,,,,66.41,408.3,,,,30.0,28.6,11.2,20.4,31.2,0.83,,4.25,,2.51,,62.72,,,,,,27.2,12.29,17.51,10.26,0.0,,,0.88,,,,
13-Jan-2019,11:45,13-Jan-2019,12:00,Punjab,Patiala,"Model Town, Patiala - PPCB",0.97,258.64,,,,66.6,411.49,,,,30.0,27.6,6.0,13.1,17.4,0.74,,4.73,,2.51,,62.72,,,,,,29.49,13.06,17.63,10.29,0.0,,,0.89,,,,
13-Jan-2019,12:00,13-Jan-2019,12:15,Punjab,Patiala,"Model Town, Patiala - PPCB",0.86,258.51,,,,63.1,458.07,,,,,26.8,16.6,14.3,28.1,0.66,,5.11,,2.53,,62.72,,,,,,27.03,,18.17,10.28,0.0,,,0.89,,,,
13-Jan-2019,12:15,13-Jan-2019,12:30,Punjab,Patiala,"Model Town, Patiala - PPCB",1.03,256.25,,,,59.72,422.72,,,,,26.8,25.8,17.5,40.0,0.61,,5.57,,2.51,,62.67,,,,,,27.88,,18.59,10.29,0.0,,,0.89,,,,
13-Jan-2019,12:30,13-Jan-2019,12:45,Punjab,Patiala,"Model Town, Patiala - PPCB",1.59,254.93,,,,56.71,458.47,,,,,26.8,16.7,29.6,44.2,0.55,,6.25,,2.51,,62.67,,,,,,27.44,,18.52,10.25,0.0,,,0.9,,,,
13-Jan-2019,12:45,13-Jan-2019,13:00,Punjab,Patiala,"Model Town, Patiala - PPCB",1.45,256.25,,,,51.34,249.91,,,,,27.9,0.8,15.3,7.2,0.49,,6.85,,2.52,,62.73,,,,,,22.59,,18.81,10.24,0.0,,,0.89,,,,
13-Jan-2019,13:00,13-Jan-2019,13:15,Punjab,Patiala,"Model Town, Patiala - PPCB",1.4,256.06,,,,51.79,212.47,,,,,28.7,1.5,15.9,5.3,0.55,,7.23,,2.52,,62.62,,,,,,23.65,,18.99,10.23,0.0,,,0.9,,,,
13-Jan-2019,13:15,13-Jan-2019,13:30,Punjab,Patiala,"Model Town, Patiala - PPCB",1.35,259.91,,,,49.94,217.69,,,,,28.7,1.1,20.5,5.5,0.55,,7.5,,2.52,,62.58,,,,,,24.92,,19.07,10.27,0.0,,,0.9,,,,
13-Jan-2019,13:30,13-Jan-2019,13:45,Punjab,Patiala,"Model Town, Patiala - PPCB",1.26,259.03,,,,48.89,216.27,,,,35.1,28.7,10.2,17.4,20.8,0.51,,7.76,,2.52,,62.66,,,,,,27.9,11.45,19.12,10.24,0.0,,,0.9,,,,
13-Jan-2019,13:45,13-Jan-2019,14:00,Punjab,Patiala,"Model Town, Patiala - PPCB",1.29,263.25,,,,46.84,209.38,,,,35.1,27.6,15.7,18.5,22.6,0.49,,8.18,,2.52,,62.63,,,,,,24.23,8.77,19.17,10.24,0.0,,,0.89,,,,
13-Jan-2019,14:00,13-Jan-2019,14:15,Punjab,Patiala,"Model Town, Patiala - PPCB",1.05,268.29,,,,46.05,203.84,,,,38.8,26.8,16.1,23.5,34.5,0.47,,8.21,,2.51,,62.7,,,,,,27.31,7.39,19.18,10.27,0.0,,,0.88,,,,
13-Jan-2019,14:15,13-Jan-2019,14:30,Punjab,Patiala,"Model Town, Patiala - PPCB",1.12,263.78,,,,46.29,202.74,,,,40.3,26.8,19.5,21.1,33.3,0.46,,8.41,,2.5,,62.78,,,,,,27.03,6.25,19.2,10.42,0.0,,,0.88,,,,
13-Jan-2019,14:30,13-Jan-2019,14:45,Punjab,Patiala,"Model Town, Patiala - PPCB",1.28,258.34,,,,46.56,201.05,,,,40.3,26.8,3.8,17.1,12.5,0.47,,8.43,,2.52,,62.63,,,,,,27.26,6.23,19.19,10.39,0.0,,,0.88,,,,
13-Jan-2019,14:45,13-Jan-2019,15:00,Punjab,Patiala,"Model Town, Patiala - PPCB",0.62,282.27,,,,46.66,195.01,,,,40.3,23.8,11.4,21.1,27.5,0.46,,8.65,,2.52,,62.72,,,,,,28.95,6.4,19.25,10.3,0.0,,,0.89,,,,
13-Jan-2019,15:00,13-Jan-2019,15:15,Punjab,Patiala,"Model Town, Patiala - PPCB",0.59,299.0,,,,42.99,189.51,,,,45.9,21.6,7.9,19.6,17.2,0.44,,8.67,,2.52,,62.76,,,,,,27.09,5.19,19.3,10.24,0.0,,,0.89,,,,
13-Jan-2019,15:15,13-Jan-2019,15:30,Punjab,Patiala,"Model Town, Patiala - PPCB",0.54,282.95,,,,43.45,184.54,,,,47.9,21.6,15.3,24.4,37.4,0.47,,8.57,,2.52,,62.74,,,,,,26.97,4.93,19.17,10.32,0.0,,,0.89,,,,
13-Jan-2019,15:30,13-Jan-2019,15:45,Punjab,Patiala,"Model Town, Patiala - PPCB",0.91,263.59,,,,45.78,182.6,,,,47.9,21.6,15.5,22.2,33.4,0.47,,8.6,,2.51,,62.68,,,,,,30.01,4.97,19.06,10.31,0.0,,,0.91,,,,
13-Jan-2019,15:45,13-Jan-2019,16:00,Punjab,Patiala,"Model Town, Patiala - PPCB",0.99,258.77,,,,47.12,177.47,,,,47.9,19.2,4.5,26.1,14.7,0.47,,8.55,,2.51,,62.67,,,,,,24.15,4.92,18.85,10.33,0.0,,,0.9,,,,
13-Jan-2019,16:00,13-Jan-2019,16:15,Punjab,Patiala,"Model Town, Patiala - PPCB",0.85,261.94,,,,48.19,172.73,,,,54.2,17.5,15.2,18.6,30.1,0.38,,8.64,,2.51,,62.7,,,,,,29.02,,18.58,10.32,0.0,,,0.88,,,,
13-Jan-2019,16:15,13-Jan-2019,16:30,Punjab,Patiala,"Model Town, Patiala - PPCB",0.95,259.91,,,,50.47,169.15,,,,56.5,17.5,19.3,22.7,38.1,0.43,,8.54,,2.52,,62.63,,,,,,29.46,4.57,18.38,10.4,0.0,,,0.88,,,,
13-Jan-2019,16:30,13-Jan-2019,16:45,Punjab,Patiala,"Model Town, Patiala - PPCB",1.08,257.09,,,,53.69,164.88,,,,56.5,17.5,10.5,20.3,22.3,0.43,,8.0,,2.54,,62.68,,,,,,25.58,4.42,18.07,10.37,0.0,,,0.89,,,,
13-Jan-2019,16:45,13-Jan-2019,17:00,Punjab,Patiala,"Model Town, Patiala - PPCB",0.84,257.92,,,,55.82,158.03,,,,56.5,18.9,17.2,19.1,32.7,1.57,,7.56,,2.58,,62.83,,,,,,28.45,4.55,17.62,10.35,0.0,,,0.89,,,,
13-Jan-2019,17:00,13-Jan-2019,17:15,Punjab,Patiala,"Model Town, Patiala - PPCB",0.67,267.91,,,,58.61,150.01,,,,69.4,19.9,28.9,21.9,48.6,0.48,,7.4,,2.52,,62.77,,,,,,25.06,4.51,17.14,10.26,0.0,,,0.89,,,,
13-Jan-2019,17:15,13-Jan-2019,17:30,Punjab,Patiala,"Model Town, Patiala - PPCB",0.52,258.85,,,,61.48,141.96,,,,74.0,19.9,13.9,25.8,30.3,0.47,,6.96,,2.51,,62.71,,,,,,25.35,4.34,16.6,10.28,0.0,,,0.89,,,,
13-Jan-2019,17:30,13-Jan-2019,17:45,Punjab,Patiala,"Model Town, Patiala - PPCB",0.36,259.53,,,,63.62,133.27,,,,74.0,19.9,28.9,27.7,53.2,0.5,,6.36,,2.52,,62.68,,,,,,24.55,4.19,15.96,10.27,0.0,,,0.9,,,,
13-Jan-2019,17:45,13-Jan-2019,18:00,Punjab,Patiala,"Model Town, Patiala - PPCB",0.31,257.52,,,,66.22,128.45,,,,74.0,18.8,26.2,28.2,52.2,0.53,,5.78,,2.53,,62.71,,,,,,28.01,3.9,15.33,10.37,0.0,,,0.89,,,,
13-Jan-2019,18:00,13-Jan-2019,18:15,Punjab,Patiala,"Model Town, Patiala - PPCB",0.41,246.09,,,,68.93,128.28,,,,60.1,18.0,33.0,15.8,45.0,0.59,,4.72,,2.51,,62.65,,,,,,30.36,3.75,14.71,10.32,0.0,,,0.91,,,,
13-Jan-2019,18:15,13-Jan-2019,18:30,Punjab,Patiala,"Model Town, Patiala - PPCB",0.29,238.18,,,,72.35,129.78,,,,54.7,18.0,18.2,21.5,39.1,0.65,,4.03,,2.51,,62.64,,,,,,28.12,3.61,14.16,10.29,0.0,,,0.91,,,,
13-Jan-2019,18:30,13-Jan-2019,18:45,Punjab,Patiala,"Model Town, Patiala - PPCB",0.18,224.17,,,,75.77,133.12,,,,54.7,18.0,21.0,20.8,41.6,0.79,,3.31,,2.52,,62.63,,,,,,26.99,3.57,13.64,10.28,0.0,,,0.91,,,,
13-Jan-2019,18:45,13-Jan-2019,19:00,Punjab,Patiala,"Model Town, Patiala - PPCB",0.2,228.33,,,,78.39,132.88,,,,54.7,18.6,3.0,15.3,14.8,0.87,,2.96,,2.51,,62.7,,,,,,27.25,3.51,13.23,10.39,0.0,,,0.89,,,,
13-Jan-2019,19:00,13-Jan-2019,19:15,Punjab,Patiala,"Model Town, Patiala - PPCB",0.5,245.93,,,,79.05,134.01,,,,50.9,19.0,7.2,16.7,23.2,1.09,,2.68,,2.52,,62.7,,,,,,25.69,3.69,13.06,10.32,0.0,,,0.88,,,,
13-Jan-2019,19:15,13-Jan-2019,19:30,Punjab,Patiala,"Model Town, Patiala - PPCB",0.26,234.57,,,,80.28,133.99,,,,49.6,19.0,8.0,21.0,28.1,1.19,,2.3,,2.51,,62.64,,,,,,27.73,3.43,12.86,10.26,0.0,,,0.9,,,,
13-Jan-2019,19:30,13-Jan-2019,19:45,Punjab,Patiala,"Model Town, Patiala - PPCB",0.17,208.59,,,,82.94,134.83,,,,49.6,19.0,9.9,14.4,24.1,1.36,,2.02,,2.51,,62.61,,,,,,29.51,3.32,12.51,10.29,0.0,,,0.9,,,,
13-Jan-2019,19:45,13-Jan-2019,20:00,Punjab,Patiala,"Model Town, Patiala - PPCB",0.37,240.27,,,,83.88,134.58,,,,49.6,21.3,5.4,12.2,15.1,1.27,,1.87,,2.52,,62.61,,,,,,28.28,3.32,12.29,10.3,0.0,,,0.89,,,,
13-Jan-2019,20:00,13-Jan-2019,20:15,Punjab,Patiala,"Model Town, Patiala - PPCB",0.22,252.64,,,,84.08,133.1,,,,47.0,22.9,5.8,13.1,16.2,1.52,,1.89,,2.52,,62.65,,,,,,26.7,,12.24,10.35,0.0,,,0.88,,,,
13-Jan-2019,20:15,13-Jan-2019,20:30,Punjab,Patiala,"Model Town, Patiala - PPCB",0.63,256.38,,,,81.67,135.6,,,,46.1,22.9,4.1,14.3,16.8,1.44,,1.95,,2.52,,62.6,,,,,,28.49,3.53,12.35,10.33,0.0,,,0.88,,,,
13-Jan-2019,20:30,13-Jan-2019,20:45,Punjab,Patiala,"Model Town, Patiala - PPCB",0.63,257.03,,,,79.55,135.07,,,,46.1,22.9,4.9,17.1,21.7,1.44,,2.12,,2.51,,62.65,,,,,,26.55,3.96,12.46,10.26,0.0,,,0.89,,,,
13-Jan-2019,20:45,13-Jan-2019,21:00,Punjab,Patiala,"Model Town, Patiala - PPCB",0.71,262.29,,,,78.54,135.98,,,,46.1,28.7,3.8,13.8,15.2,1.13,,2.31,,2.5,,62.6,,,,,,28.12,4.07,12.41,10.24,0.0,,,0.89,,,,
13-Jan-2019,21:00,13-Jan-2019,21:15,Punjab,Patiala,"Model Town, Patiala - PPCB",0.64,271.08,,,,79.14,136.63,,,,50.4,32.7,10.0,15.0,22.0,0.78,,2.57,,2.51,,62.58,,,,,,25.88,3.83,12.21,10.34,0.0,,,0.88,,,,
13-Jan-2019,21:15,13-Jan-2019,21:30,Punjab,Patiala,"Model Town, Patiala - PPCB",0.78,263.5,,,,79.48,136.72,,,,52.0,32.7,8.2,21.3,29.1,0.66,,2.99,,2.53,,62.67,,,,,,25.98,3.46,12.08,10.29,0.0,,,0.9,,,,
13-Jan-2019,21:30,13-Jan-2019,21:45,Punjab,Patiala,"Model Town, Patiala - PPCB",0.7,272.21,,,,78.69,137.15,,,,52.0,32.7,10.1,20.1,29.1,0.58,,3.37,,2.51,,62.67,,,,,,27.75,3.17,11.95,10.35,0.0,,,0.89,,,,
13-Jan-2019,21:45,13-Jan-2019,22:00,Punjab,Patiala,"Model Town, Patiala - PPCB",0.79,261.64,,,,76.68,136.83,,,,52.0,30.1,4.9,14.4,16.9,0.55,,3.63,,2.5,,62.63,,,,,,29.18,3.11,11.82,10.36,0.0,,,0.89,,,,
13-Jan-2019,22:00,13-Jan-2019,22:15,Punjab,Patiala,"Model Town, Patiala - PPCB",0.87,260.32,,,,74.13,137.36,,,,49.3,28.3,10.0,12.3,21.3,0.49,,3.88,,2.52,,62.67,,,,,,28.49,3.06,11.67,10.27,0.0,,,0.88,,,,
13-Jan-2019,22:15,13-Jan-2019,22:30,Punjab,Patiala,"Model Town, Patiala - PPCB",0.72,260.08,,,,71.97,135.72,,,,48.2,28.3,8.8,17.5,24.3,0.41,,4.08,,2.53,,62.61,,,,,,26.76,2.94,11.55,10.29,0.0,,,0.89,,,,
13-Jan-2019,22:30,13-Jan-2019,22:45,Punjab,Patiala,"Model Town, Patiala - PPCB",0.72,264.34,,,,71.12,136.27,,,,48.2,28.3,8.8,12.3,19.2,0.41,,4.18,,2.52,,62.62,,,,,,29.03,2.84,11.44,10.26,0.0,,,0.89,,,,
13-Jan-2019,22:45,13-Jan-2019,23:00,Punjab,Patiala,"Model Town, Patiala - PPCB",0.88,260.49,,,,69.83,138.0,,,,48.2,25.8,1.9,12.8,8.5,0.41,,4.31,,2.52,,62.61,,,,,,26.47,2.8,11.36,10.3,0.0,,,0.9,,,,
13-Jan-2019,23:00,13-Jan-2019,23:15,Punjab,Patiala,"Model Town, Patiala - PPCB",0.88,257.83,,,,68.96,137.87,,,,53.2,24.0,3.9,21.9,9.4,0.45,,4.26,,2.53,,62.64,,,,,,23.25,2.65,11.18,10.31,0.0,,,0.89,,,,
13-Jan-2019,23:15,13-Jan-2019,23:30,Punjab,Patiala,"Model Town, Patiala - PPCB",0.84,259.08,,,,67.91,137.58,,,,55.2,24.0,12.6,25.3,30.8,0.46,,4.23,,2.53,,62.65,,,,,,26.1,2.69,11.0,10.36,0.0,,,0.88,,,,
13-Jan-2019,23:30,13-Jan-2019,23:45,Punjab,Patiala,"Model Town, Patiala - PPCB",0.96,262.55,,,,64.64,137.9,,,,55.2,24.0,18.8,28.6,45.5,0.41,,4.45,,2.52,,62.66,,,,,,24.69,2.78,11.12,10.3,0.0,,,0.88,,,,
13-Jan-2019,23:45,14-Jan-2019,00:00,Punjab,Patiala,"Model Town, Patiala - PPCB",0.77,267.5,,,,64.98,136.57,,,,55.2,20.6,13.4,22.6,27.9,0.4,,4.72,,2.52,,62.65,,,,,,27.4,2.83,11.03,10.31,0.0,,,0.91,,,,
14-Jan-2019,00:00,14-Jan-2019,00:15,Punjab,Patiala,"Model Town, Patiala - PPCB",0.72,266.61,,,,65.32,137.6,,,,53.1,18.3,11.2,24.8,30.6,0.38,,4.76,,2.52,,62.64,,,,,,21.79,,10.86,10.3,0.0,,,0.9,,,,
14-Jan-2019,00:15,14-Jan-2019,00:30,Punjab,Patiala,"Model Town, Patiala - PPCB",0.82,262.72,,,,64.66,137.2,,,,52.4,18.3,3.3,19.9,19.4,0.38,,4.8,,2.5,,62.72,,,,,,27.48,2.58,10.75,10.35,0.0,,,0.89,,,,
14-Jan-2019,00:30,14-Jan-2019,00:45,Punjab,Patiala,"Model Town, Patiala - PPCB",0.97,261.42,,,,64.26,137.23,,,,52.4,18.3,15.5,18.9,31.3,0.38,,4.83,,2.5,,62.72,,,,,,30.45,2.44,10.66,10.3,0.0,,,0.87,,,,
14-Jan-2019,00:45,14-Jan-2019,01:00,Punjab,Patiala,"Model Town, Patiala - PPCB",0.99,257.0,,,,65.76,137.52,,,,52.4,16.9,10.1,18.5,23.7,0.37,,4.87,,2.51,,62.67,,,,,,21.96,2.48,10.36,10.28,0.0,,,0.89,,,,
14-Jan-2019,01:00,14-Jan-2019,01:15,Punjab,Patiala,"Model Town, Patiala - PPCB",1.0,256.58,,,,67.99,137.25,,,,55.3,16.0,14.3,24.3,29.2,0.39,,4.76,,2.51,,62.72,,,,,,25.32,2.21,9.99,10.36,0.0,,,0.89,,,,
14-Jan-2019,01:15,14-Jan-2019,01:30,Punjab,Patiala,"Model Town, Patiala - PPCB",0.86,256.56,,,,68.3,136.47,,,,56.4,16.0,12.2,23.0,30.6,0.38,,4.62,,2.53,,62.65,,,,,,28.52,2.07,9.78,10.37,0.0,,,0.88,,,,
14-Jan-2019,01:30,14-Jan-2019,01:45,Punjab,Patiala,"Model Town, Patiala - PPCB",0.74,254.62,,,,67.94,135.91,,,,56.4,16.0,8.2,26.1,25.2,0.37,,4.66,,2.52,,62.64,,,,,,25.42,2.04,9.67,10.36,0.0,,,0.88,,,,
14-Jan-2019,01:45,14-Jan-2019,02:00,Punjab,Patiala,"Model Town, Patiala - PPCB",0.84,253.17,,,,68.63,136.12,,,,56.4,15.3,5.4,17.0,17.0,0.39,,4.63,,2.51,,62.6,,,,,,26.56,1.99,9.46,10.26,0.0,,,0.88,,,,
14-Jan-2019,02:00,14-Jan-2019,02:15,Punjab,Patiala,"Model Town, Patiala - PPCB",0.88,253.7,,,,70.09,137.1,,,,49.6,14.8,8.8,24.4,28.8,0.42,,4.46,,2.52,,62.6,,,,,,24.65,1.89,9.16,10.28,0.0,,,0.9,,,,
14-Jan-2019,02:15,14-Jan-2019,02:30,Punjab,Patiala,"Model Town, Patiala - PPCB",0.79,249.29,,,,72.03,135.66,,,,47.1,14.8,14.3,19.7,27.6,0.42,,4.29,,2.52,,62.63,,,,,,28.3,1.81,8.78,10.32,0.0,,,0.89,,,,
14-Jan-2019,02:30,14-Jan-2019,02:45,Punjab,Patiala,"Model Town, Patiala - PPCB",0.87,252.89,,,,73.06,136.23,,,,47.1,14.8,13.7,21.2,31.1,0.42,,4.13,,2.54,,62.61,,,,,,28.67,1.74,8.49,10.25,0.0,,,0.88,,,,
14-Jan-2019,02:45,14-Jan-2019,03:00,Punjab,Patiala,"Model Town, Patiala - PPCB",0.86,253.19,,,,72.95,136.56,,,,47.1,14.5,7.1,17.4,11.9,0.4,,4.04,,2.55,,62.63,,,,,,27.02,1.76,8.38,10.25,0.0,,,0.88,,,,
14-Jan-2019,03:00,14-Jan-2019,03:15,Punjab,Patiala,"Model Town, Patiala - PPCB",1.05,255.08,,,,72.49,138.45,,,,45.3,14.4,7.1,28.1,27.0,0.43,,4.02,,2.53,,62.68,,,,,,28.17,1.91,8.3,10.25,0.0,,,0.88,,,,
14-Jan-2019,03:15,14-Jan-2019,03:30,Punjab,Patiala,"Model Town, Patiala - PPCB",1.03,250.98,,,,72.19,139.51,,,,44.6,14.4,25.6,17.9,37.3,0.46,,3.92,,2.52,,62.67,,,,,,27.8,2.48,8.14,10.26,0.0,,,0.88,,,,
14-Jan-2019,03:30,14-Jan-2019,03:45,Punjab,Patiala,"Model Town, Patiala - PPCB",1.18,251.95,,,,72.99,139.83,,,,44.6,14.4,19.5,21.4,36.0,0.48,,3.75,,2.52,,62.67,,,,,,30.11,3.1,7.89,10.26,0.0,,,0.9,,,,
14-Jan-2019,03:45,14-Jan-2019,04:00,Punjab,Patiala,"Model Town, Patiala - PPCB",1.21,251.77,,,,74.45,140.49,,,,44.6,13.7,11.6,21.8,24.6,0.5,,3.63,,2.52,,62.66,,,,,,27.54,3.28,7.6,10.3,0.0,,,0.88,,,,
14-Jan-2019,04:00,14-Jan-2019,04:15,Punjab,Patiala,"Model Town, Patiala - PPCB",0.92,253.02,,,,75.5,138.73,,,,49.9,13.2,25.0,20.0,42.0,0.52,,3.37,,2.52,,62.6,,,,,,31.7,,7.4,10.3,0.0,,,0.88,,,,
14-Jan-2019,04:15,14-Jan-2019,04:30,Punjab,Patiala,"Model Town, Patiala - PPCB",1.09,254.17,,,,75.17,138.96,,,,51.9,13.2,6.5,21.2,24.0,0.57,,3.23,,2.52,,62.62,,,,,,25.98,2.27,7.36,10.25,0.0,,,0.9,,,,
14-Jan-2019,04:30,14-Jan-2019,04:45,Punjab,Patiala,"Model Town, Patiala - PPCB",1.3,251.66,,,,77.94,141.65,,,,51.9,13.2,7.6,16.4,15.9,0.57,,3.11,,2.52,,62.66,,,,,,27.97,2.16,6.87,10.24,0.0,,,0.89,,,,
14-Jan-2019,04:45,14-Jan-2019,05:00,Punjab,Patiala,"Model Town, Patiala - PPCB",1.05,249.69,,,,78.95,139.82,,,,51.9,15.6,5.1,16.1,12.7,0.54,,3.02,,2.51,,62.63,,,,,,26.35,1.79,6.67,10.29,0.0,,,0.89,,,,
14-Jan-2019,05:00,14-Jan-2019,05:15,Punjab,Patiala,"Model Town, Patiala - PPCB",1.26,253.53,,,,78.82,142.08,,,,48.2,17.3,12.3,22.2,28.9,0.49,,2.94,,2.53,,62.65,,,,,,21.92,1.92,6.58,10.34,0.0,,,0.89,,,,
14-Jan-2019,05:15,14-Jan-2019,05:30,Punjab,Patiala,"Model Town, Patiala - PPCB",1.29,252.29,,,,79.95,141.19,,,,46.9,17.3,21.3,18.9,35.5,0.47,,2.9,,2.53,,62.7,,,,,,29.95,2.11,6.36,10.31,0.0,,,0.88,,,,
14-Jan-2019,05:30,14-Jan-2019,05:45,Punjab,Patiala,"Model Town, Patiala - PPCB",1.37,250.88,,,,81.46,143.49,,,,46.9,17.3,2.4,21.6,16.6,0.46,,2.84,,2.52,,62.72,,,,,,28.69,1.99,6.08,10.28,0.0,,,0.89,,,,
14-Jan-2019,05:45,14-Jan-2019,06:00,Punjab,Patiala,"Model Town, Patiala - PPCB",1.07,253.12,,,,82.54,140.42,,,,46.9,17.5,12.9,21.2,29.5,0.45,,2.75,,2.52,,62.68,,,,,,29.52,1.9,5.93,10.25,0.0,,,0.89,,,,
14-Jan-2019,06:00,14-Jan-2019,06:15,Punjab,Patiala,"Model Town, Patiala - PPCB",0.83,256.99,,,,82.85,138.53,,,,45.9,17.5,8.5,24.6,28.6,0.5,,2.68,,2.52,,62.65,,,,,,24.21,2.01,5.98,10.27,0.0,,,0.89,,,,
14-Jan-2019,06:15,14-Jan-2019,06:30,Punjab,Patiala,"Model Town, Patiala - PPCB",1.05,257.66,,,,83.16,140.34,,,,45.5,17.5,11.8,23.7,27.0,0.51,,2.63,,2.52,,62.62,,,,,,27.71,2.04,5.95,10.35,0.0,,,0.88,,,,
14-Jan-2019,06:30,14-Jan-2019,06:45,Punjab,Patiala,"Model Town, Patiala - PPCB",1.04,257.94,,,,83.59,139.78,,,,45.5,17.5,7.2,18.5,17.1,0.52,,2.6,,2.52,,62.67,,,,,,24.7,2.23,5.89,10.34,0.0,,,0.88,,,,
14-Jan-2019,06:45,14-Jan-2019,07:00,Punjab,Patiala,"Model Town, Patiala - PPCB",1.1,253.43,,,,84.74,141.29,,,,45.5,16.8,3.7,14.1,9.2,0.53,,2.48,,2.51,,62.64,,,,,,29.05,2.45,5.73,10.25,0.0,,,0.87,,,,
14-Jan-2019,07:00,14-Jan-2019,07:15,Punjab,Patiala,"Model Town, Patiala - PPCB",1.39,252.41,,,,86.7,144.16,,,,49.2,16.3,13.4,22.3,28.8,0.56,,2.39,,2.52,,62.62,,,,,,28.91,2.52,5.43,10.22,0.0,,,0.9,,,,
14-Jan-2019,07:15,14-Jan-2019,07:30,Punjab,Patiala,"Model Town, Patiala - PPCB",1.22,251.66,,,,87.23,145.63,,,,50.7,16.3,22.7,23.0,42.8,0.59,,2.28,,2.54,,62.61,,,,,,32.33,2.38,5.32,10.26,0.0,,,0.88,,,,
14-Jan-2019,07:30,14-Jan-2019,07:45,Punjab,Patiala,"Model Town, Patiala - PPCB",1.2,251.55,,,,87.97,156.31,,,,50.7,16.3,13.7,20.9,28.9,0.62,,2.16,,2.52,,62.65,,,,,,28.67,2.48,5.23,10.34,0.0,,,0.88,,,,
14-Jan-2019,07:45,14-Jan-2019,08:00,Punjab,Patiala,"Model Town, Patiala - PPCB",0.98,251.66,,,,87.33,195.98,,,,50.7,15.5,8.2,23.7,22.7,0.62,,2.04,,2.52,,62.67,,,,,,29.78,2.5,5.46,10.28,0.0,,,0.89,,,,
14-Jan-2019,08:00,14-Jan-2019,08:15,Punjab,Patiala,"Model Town, Patiala - PPCB",1.12,255.8,,,,84.96,247.82,,,,52.4,15.0,3.4,17.2,10.1,0.61,,2.05,,2.52,,62.66,,,,,,26.95,,5.93,10.27,0.0,,,0.89,,,,
14-Jan-2019,08:15,14-Jan-2019,08:30,Punjab,Patiala,"Model Town, Patiala - PPCB",1.35,252.63,,,,83.72,303.03,,,,53.0,15.0,3.6,29.3,18.1,0.64,,2.14,,2.51,,62.67,,,,,,21.9,3.65,6.3,10.27,0.0,,,0.88,,,,
14-Jan-2019,08:30,14-Jan-2019,08:45,Punjab,Patiala,"Model Town, Patiala - PPCB",1.38,254.09,,,,82.11,296.03,,,,53.0,15.0,1.5,26.3,13.7,0.71,,2.16,,2.51,,62.64,,,,,,26.95,4.67,6.85,10.27,0.0,,,0.9,,,,
14-Jan-2019,08:45,14-Jan-2019,09:00,Punjab,Patiala,"Model Town, Patiala - PPCB",1.37,256.89,,,,81.46,255.95,,,,53.0,16.9,4.7,12.6,12.3,0.69,,2.17,,2.51,,62.61,,,,,,27.13,5.89,7.23,10.28,0.0,,,0.91,,,,
14-Jan-2019,09:00,14-Jan-2019,09:15,Punjab,Patiala,"Model Town, Patiala - PPCB",1.44,255.67,,,,79.94,421.98,,,,57.8,18.2,4.8,14.6,16.3,0.73,,2.27,,2.54,,62.65,,,,,,28.18,7.63,7.87,10.34,0.0,,,0.89,,,,
14-Jan-2019,09:15,14-Jan-2019,09:30,Punjab,Patiala,"Model Town, Patiala - PPCB",1.19,256.68,,,,77.46,418.08,,,,59.6,18.2,3.0,14.0,10.7,0.71,,2.5,,2.53,,62.6,,,,,,28.44,10.29,8.51,10.33,0.0,,,0.91,,,,
14-Jan-2019,09:30,14-Jan-2019,09:45,Punjab,Patiala,"Model Town, Patiala - PPCB",1.46,252.69,,,,74.89,365.03,,,,59.6,18.2,5.3,19.1,23.4,0.72,,2.62,,2.52,,62.68,,,,,,29.34,11.46,9.13,10.36,0.0,,,0.91,,,,
14-Jan-2019,09:45,14-Jan-2019,10:00,Punjab,Patiala,"Model Town, Patiala - PPCB",1.31,256.88,,,,71.67,365.87,,,,59.6,18.3,11.4,18.8,28.9,0.68,,2.92,,2.52,,62.63,,,,,,28.8,11.89,9.92,10.31,0.0,,,0.89,,,,
14-Jan-2019,10:00,14-Jan-2019,10:15,Punjab,Patiala,"Model Town, Patiala - PPCB",0.99,263.06,,,,65.11,430.82,,,,63.6,18.4,16.3,20.3,35.3,0.68,,6.28,,2.52,,62.6,,,,,,28.31,12.71,11.14,10.27,0.0,,,0.88,,,,
14-Jan-2019,10:15,14-Jan-2019,10:30,Punjab,Patiala,"Model Town, Patiala - PPCB",1.44,257.46,,,,63.81,346.37,,,,65.2,18.4,5.1,15.6,17.3,0.86,,7.35,,2.52,,62.64,,,,,,29.77,12.42,11.63,10.23,0.0,,,0.89,,,,
14-Jan-2019,10:30,14-Jan-2019,10:45,Punjab,Patiala,"Model Town, Patiala - PPCB",1.32,259.05,,,,63.05,350.76,,,,65.2,18.4,1.1,14.1,9.4,0.67,,8.92,,2.52,,62.66,,,,,,25.42,11.78,12.25,10.25,0.0,,,0.89,,,,
14-Jan-2019,10:45,14-Jan-2019,11:00,Punjab,Patiala,"Model Town, Patiala - PPCB",1.63,255.0,,,,61.93,376.13,,,,65.2,19.6,5.4,14.9,19.8,0.67,,9.5,,2.51,,62.68,,,,,,27.45,10.57,12.73,10.26,0.0,,,0.88,,,,
14-Jan-2019,11:00,14-Jan-2019,11:15,Punjab,Patiala,"Model Town, Patiala - PPCB",1.29,257.4,,,,59.71,459.32,,,,62.3,20.4,5.7,15.5,21.3,0.64,,7.85,,2.52,,62.67,,,,,,28.21,10.26,13.37,10.28,0.0,,,0.87,,,,
14-Jan-2019,11:15,14-Jan-2019,11:30,Punjab,Patiala,"Model Town, Patiala - PPCB",1.46,254.45,,,,56.91,478.92,,,,61.2,20.4,12.9,15.2,27.9,0.61,,5.08,,2.51,,62.67,,,,,,28.14,10.37,14.03,10.37,0.0,,,0.87,,,,
14-Jan-2019,11:30,14-Jan-2019,11:45,Punjab,Patiala,"Model Town, Patiala - PPCB",1.49,257.83,,,,52.4,446.53,,,,61.2,20.4,5.6,14.7,19.1,0.62,,3.33,,2.53,,62.63,,,,,,26.86,10.55,14.8,10.29,0.0,,,0.9,,,,
14-Jan-2019,11:45,14-Jan-2019,12:00,Punjab,Patiala,"Model Town, Patiala - PPCB",1.54,255.37,,,,51.78,449.18,,,,61.2,19.8,1.5,15.1,10.4,0.57,,2.2,,2.52,,62.64,,,,,,26.65,9.71,15.16,10.25,0.0,,,0.89,,,,
14-Jan-2019,12:00,14-Jan-2019,12:15,Punjab,Patiala,"Model Town, Patiala - PPCB",1.73,256.49,,,,49.28,552.52,,,,49.8,19.4,12.1,17.7,28.3,0.47,,2.58,,2.53,,62.65,,,,,,27.53,,15.76,10.27,0.0,,,0.88,,,,
14-Jan-2019,12:15,14-Jan-2019,12:30,Punjab,Patiala,"Model Town, Patiala - PPCB",1.64,255.92,,,,48.19,404.62,,,,45.6,19.4,12.5,24.2,34.4,0.5,,3.36,,2.52,,62.61,,,,,,27.9,9.69,16.41,10.26,0.0,,,0.88,,,,
14-Jan-2019,12:30,14-Jan-2019,12:45,Punjab,Patiala,"Model Town, Patiala - PPCB",1.49,256.71,,,,46.12,530.1,,,,45.6,19.4,12.3,28.4,37.3,0.46,,3.68,,2.52,,62.58,,,,,,24.47,9.09,16.83,10.28,0.0,,,0.88,,,,
14-Jan-2019,12:45,14-Jan-2019,13:00,Punjab,Patiala,"Model Town, Patiala - PPCB",1.18,261.14,,,,39.56,170.66,,,,45.6,21.0,45.0,16.4,54.0,0.37,,3.65,,2.52,,62.65,,,,,,26.45,6.79,17.63,10.27,0.0,,,0.88,,,,
14-Jan-2019,13:00,14-Jan-2019,13:15,Punjab,Patiala,"Model Town, Patiala - PPCB",1.37,256.83,,,,36.09,136.2,,,,49.7,22.1,15.2,16.4,28.2,0.34,,3.73,,2.51,,62.6,,,,,,31.02,5.82,18.07,10.32,0.0,,,0.89,,,,
14-Jan-2019,13:15,14-Jan-2019,13:30,Punjab,Patiala,"Model Town, Patiala - PPCB",1.61,258.6,,,,32.36,152.13,,,,51.3,22.1,25.2,15.9,34.6,0.27,,3.75,,2.51,,62.58,,,,,,27.87,5.26,17.82,10.3,0.0,,,0.89,,,,
14-Jan-2019,13:30,14-Jan-2019,13:45,Punjab,Patiala,"Model Town, Patiala - PPCB",2.04,258.47,,,,31.14,166.5,,,,51.3,22.1,22.6,22.7,39.3,0.24,,3.84,,2.52,,62.69,,,,,,27.06,6.47,17.52,10.28,0.0,,,0.89,,,,
14-Jan-2019,13:45,14-Jan-2019,14:00,Punjab,Patiala,"Model Town, Patiala - PPCB",1.98,258.99,,,,27.56,163.42,,,,51.3,20.1,18.3,16.7,31.1,0.2,,3.94,,2.51,,62.64,,,,,,30.1,7.38,17.72,10.3,0.0,,,0.89,,,,
14-Jan-2019,14:00,14-Jan-2019,14:15,Punjab,Patiala,"Model Town, Patiala - PPCB",1.56,257.16,,,,29.92,169.63,,,,50.3,18.7,21.9,16.4,37.2,0.26,,12.62,,2.51,,62.66,,,,,,29.91,8.62,17.88,10.3,0.0,,,0.88,,,,
14-Jan-2019,14:15,14-Jan-2019,14:30,Punjab,Patiala,"Model Town, Patiala - PPCB",1.75,254.61,,,,34.58,178.27,,,,49.9,18.7,17.7,18.0,34.7,0.31,,18.09,,2.52,,62.64,,,,,,27.9,15.16,17.77,10.26,0.0,,,0.89,,,,
14-Jan-2019,14:30,14-Jan-2019,14:45,Punjab,Patiala,"Model Town, Patiala - PPCB",1.89,253.85,,,,36.08,180.2,,,,49.9,18.7,8.3,10.8,17.2,0.34,,19.6,,2.51,,62.78,,,,,,27.88,15.78,17.56,10.27,0.0,,,0.89,,,,
14-Jan-2019,14:45,14-Jan-2019,15:00,Punjab,Patiala,"Model Town, Patiala - PPCB",2.13,253.56,,,,35.81,177.6,,,,49.9,18.0,5.7,10.9,15.2,0.32,,18.73,,2.51,,62.65,,,,,,28.27,10.81,17.62,10.31,0.0,,,0.88,,,,
14-Jan-2019,15:00,14-Jan-2019,15:15,Punjab,Patiala,"Model Town, Patiala - PPCB",2.0,252.66,,,,35.56,171.0,,,,43.0,17.6,16.7,14.9,30.5,0.25,,11.29,,2.51,,62.75,,,,,,28.99,4.55,17.54,10.3,0.0,,,0.89,,,,
14-Jan-2019,15:15,14-Jan-2019,15:30,Punjab,Patiala,"Model Town, Patiala - PPCB",1.73,255.31,,,,37.56,167.07,,,,40.5,17.6,11.2,14.6,25.2,0.21,,7.78,,2.52,,62.7,,,,,,28.45,3.3,17.46,10.29,0.0,,,0.89,,,,
14-Jan-2019,15:30,14-Jan-2019,15:45,Punjab,Patiala,"Model Town, Patiala - PPCB",1.93,252.09,,,,41.01,168.49,,,,40.5,17.6,11.8,12.0,22.0,0.21,,6.07,,2.51,,62.6,,,,,,30.77,2.9,17.28,10.31,0.0,,,0.88,,,,
14-Jan-2019,15:45,14-Jan-2019,16:00,Punjab,Patiala,"Model Town, Patiala - PPCB",2.04,254.29,,,,42.53,165.05,,,,40.5,16.5,9.9,15.8,25.1,0.21,,5.24,,2.51,,62.62,,,,,,27.85,3.4,16.87,10.3,0.0,,,0.89,,,,
14-Jan-2019,16:00,14-Jan-2019,16:15,Punjab,Patiala,"Model Town, Patiala - PPCB",1.48,255.28,,,,44.68,157.06,,,,37.0,15.7,14.2,16.2,29.9,0.4,,4.0,,2.51,,62.66,,,,,,27.36,,16.7,10.29,0.0,,,0.89,,,,
14-Jan-2019,16:15,14-Jan-2019,16:30,Punjab,Patiala,"Model Town, Patiala - PPCB",1.79,254.48,,,,47.34,165.67,,,,35.6,15.7,7.8,16.6,23.2,0.38,,3.11,,2.5,,62.63,,,,,,29.73,4.21,16.16,10.3,0.0,,,0.9,,,,
14-Jan-2019,16:30,14-Jan-2019,16:45,Punjab,Patiala,"Model Town, Patiala - PPCB",1.59,251.86,,,,48.72,161.07,,,,35.6,15.7,6.6,16.1,18.1,0.38,,3.35,,2.51,,62.64,,,,,,26.32,3.67,16.01,10.36,0.0,,,0.91,,,,
14-Jan-2019,16:45,14-Jan-2019,17:00,Punjab,Patiala,"Model Town, Patiala - PPCB",1.55,252.84,,,,49.86,168.57,,,,35.6,16.7,8.4,14.6,17.7,0.39,,3.59,,2.51,,62.69,,,,,,27.97,3.72,15.83,10.3,0.0,,,0.89,,,,
14-Jan-2019,17:00,14-Jan-2019,17:15,Punjab,Patiala,"Model Town, Patiala - PPCB",1.39,252.95,,,,54.65,154.54,,,,32.5,17.4,17.5,14.3,29.3,0.44,,3.56,,2.51,,62.69,,,,,,29.45,4.17,15.49,10.3,0.0,,,0.9,,,,
14-Jan-2019,17:15,14-Jan-2019,17:30,Punjab,Patiala,"Model Town, Patiala - PPCB",1.47,252.04,,,,57.77,135.38,,,,31.2,17.4,19.4,18.1,35.6,0.48,,3.25,,2.52,,62.61,,,,,,27.58,4.8,14.98,10.26,0.0,,,0.89,,,,
14-Jan-2019,17:30,14-Jan-2019,17:45,Punjab,Patiala,"Model Town, Patiala - PPCB",1.48,253.15,,,,59.34,129.18,,,,31.2,17.4,7.2,21.6,19.4,0.47,,3.19,,2.52,,62.64,,,,,,25.31,4.63,14.31,10.33,0.0,,,0.88,,,,
14-Jan-2019,17:45,14-Jan-2019,18:00,Punjab,Patiala,"Model Town, Patiala - PPCB",1.11,253.35,,,,63.37,124.38,,,,31.2,16.5,27.2,19.4,42.7,0.5,,2.98,,2.52,,62.6,,,,,,31.49,4.93,13.73,10.28,0.0,,,0.88,,,,
14-Jan-2019,18:00,14-Jan-2019,18:15,Punjab,Patiala,"Model Town, Patiala - PPCB",0.88,255.71,,,,66.61,122.88,,,,30.7,15.9,19.2,22.9,39.4,0.54,,2.62,,2.52,,62.6,,,,,,30.23,4.76,13.22,10.28,0.0,,,0.87,,,,
14-Jan-2019,18:15,14-Jan-2019,18:30,Punjab,Patiala,"Model Town, Patiala - PPCB",1.13,252.78,,,,69.58,127.83,,,,30.5,15.9,10.7,19.6,20.8,0.62,,2.3,,2.52,,62.64,,,,,,30.29,4.6,12.88,10.34,0.0,,,0.88,,,,
14-Jan-2019,18:30,14-Jan-2019,18:45,Punjab,Patiala,"Model Town, Patiala - PPCB",1.02,254.27,,,,71.85,126.47,,,,30.5,15.9,1.8,9.3,4.8,0.62,,2.01,,2.52,,62.71,,,,,,24.75,4.57,12.45,10.32,0.0,,,0.89,,,,
14-Jan-2019,18:45,14-Jan-2019,19:00,Punjab,Patiala,"Model Town, Patiala - PPCB",1.07,254.47,,,,73.58,126.79,,,,30.5,15.4,1.1,19.6,13.8,0.65,,1.97,,2.53,,62.67,,,,,,27.62,4.55,12.09,10.36,0.0,,,0.89,,,,
14-Jan-2019,19:00,14-Jan-2019,19:15,Punjab,Patiala,"Model Town, Patiala - PPCB",1.2,254.68,,,,74.98,127.94,,,,27.8,15.1,2.2,20.2,8.2,0.69,,1.91,,2.54,,62.68,,,,,,21.16,4.29,11.84,10.28,0.0,,,0.9,,,,
14-Jan-2019,19:15,14-Jan-2019,19:30,Punjab,Patiala,"Model Town, Patiala - PPCB",1.09,250.97,,,,76.28,126.98,,,,26.8,15.1,15.1,20.0,25.5,0.72,,1.8,,2.52,,62.65,,,,,,25.94,4.14,11.49,10.3,0.0,,,0.88,,,,
14-Jan-2019,19:30,14-Jan-2019,19:45,Punjab,Patiala,"Model Town, Patiala - PPCB",1.34,250.41,,,,77.07,129.48,,,,26.8,15.1,11.0,13.5,18.2,0.71,,1.84,,2.51,,62.61,,,,,,28.17,4.25,11.29,10.28,0.0,,,0.88,,,,
14-Jan-2019,19:45,14-Jan-2019,20:00,Punjab,Patiala,"Model Town, Patiala - PPCB",1.17,251.13,,,,78.9,127.71,,,,26.8,14.6,10.8,30.0,34.4,0.69,,1.89,,2.51,,62.64,,,,,,24.8,4.02,10.94,10.25,0.0,,,0.89,,,,
14-Jan-2019,20:00,14-Jan-2019,20:15,Punjab,Patiala,"Model Town, Patiala - PPCB",1.26,251.0,,,,79.65,129.26,,,,31.7,14.3,15.6,17.9,31.3,0.57,,1.88,,2.52,,62.62,,,,,,32.11,,10.77,10.29,0.0,,,0.88,,,,
14-Jan-2019,20:15,14-Jan-2019,20:30,Punjab,Patiala,"Model Town, Patiala - PPCB",1.19,255.21,,,,80.27,129.19,,,,33.6,14.3,9.8,23.9,30.1,0.61,,1.92,,2.53,,62.64,,,,,,24.98,3.92,10.63,10.37,0.0,,,0.92,,,,
14-Jan-2019,20:30,14-Jan-2019,20:45,Punjab,Patiala,"Model Town, Patiala - PPCB",1.24,250.67,,,,80.62,130.63,,,,33.6,14.3,8.1,28.0,27.0,0.59,,2.01,,2.52,,62.63,,,,,,29.99,3.92,10.46,10.33,0.0,,,0.91,,,,
14-Jan-2019,20:45,14-Jan-2019,21:00,Punjab,Patiala,"Model Town, Patiala - PPCB",1.04,255.65,,,,79.74,128.74,,,,33.6,17.4,18.7,18.1,32.4,0.6,,2.14,,2.51,,62.73,,,,,,27.55,3.71,10.36,10.39,0.0,,,0.89,,,,
14-Jan-2019,21:00,14-Jan-2019,21:15,Punjab,Patiala,"Model Town, Patiala - PPCB",0.98,256.36,,,,78.93,128.85,,,,37.8,19.6,5.5,22.7,17.3,0.62,,2.24,,2.51,,62.73,,,,,,26.59,3.93,10.31,10.29,0.0,,,0.89,,,,
14-Jan-2019,21:15,14-Jan-2019,21:30,Punjab,Patiala,"Model Town, Patiala - PPCB",1.28,251.27,,,,79.57,132.4,,,,39.3,19.6,15.8,22.1,35.0,0.68,,2.3,,2.52,,62.7,,,,,,27.54,3.74,10.09,10.27,0.0,,,0.89,,,,
14-Jan-2019,21:30,14-Jan-2019,21:45,Punjab,Patiala,"Model Town, Patiala - PPCB",1.18,253.09,,,,80.77,131.85,,,,39.3,19.6,23.7,27.7,49.0,0.67,,2.39,,2.52,,62.68,,,,,,28.89,3.57,9.81,10.26,0.0,,,0.91,,,,
14-Jan-2019,21:45,14-Jan-2019,22:00,Punjab,Patiala,"Model Town, Patiala - PPCB",1.31,253.03,,,,80.86,132.76,,,,39.3,19.6,4.3,18.9,15.3,0.68,,2.44,,2.51,,62.68,,,,,,26.8,3.72,9.68,10.23,0.0,,,0.9,,,,
14-Jan-2019,22:00,14-Jan-2019,22:15,Punjab,Patiala,"Model Town, Patiala - PPCB",1.12,252.18,,,,80.7,131.98,,,,37.3,19.6,9.2,20.1,22.4,0.66,,2.52,,2.52,,62.62,,,,,,27.04,3.45,9.5,10.31,0.0,,,0.89,,,,
14-Jan-2019,22:15,14-Jan-2019,22:30,Punjab,Patiala,"Model Town, Patiala - PPCB",1.29,252.15,,,,80.39,133.36,,,,36.6,19.6,9.0,19.2,20.6,0.64,,2.48,,2.52,,62.67,,,,,,28.99,3.6,9.27,10.29,0.0,,,0.88,,,,
14-Jan-2019,22:30,14-Jan-2019,22:45,Punjab,Patiala,"Model Town, Patiala - PPCB",1.09,249.83,,,,80.94,131.54,,,,36.6,19.6,12.0,16.2,23.7,0.64,,2.42,,2.51,,62.72,,,,,,29.6,3.47,9.08,10.3,0.0,,,0.89,,,,
14-Jan-2019,22:45,14-Jan-2019,23:00,Punjab,Patiala,"Model Town, Patiala - PPCB",0.95,253.52,,,,81.29,131.21,,,,36.6,18.4,8.7,27.5,30.7,0.64,,2.33,,2.5,,62.68,,,,,,28.4,3.52,8.89,10.3,0.0,,,0.9,,,,
14-Jan-2019,23:00,14-Jan-2019,23:15,Punjab,Patiala,"Model Town, Patiala - PPCB",0.79,255.12,,,,80.68,129.66,,,,48.7,17.6,19.5,20.3,33.3,0.65,,2.27,,2.51,,62.68,,,,,,27.35,3.55,8.74,10.28,0.0,,,0.89,,,,
14-Jan-2019,23:15,14-Jan-2019,23:30,Punjab,Patiala,"Model Town, Patiala - PPCB",1.12,253.33,,,,79.08,131.86,,,,53.4,17.6,15.2,22.3,37.1,0.62,,2.26,,2.53,,62.67,,,,,,27.39,3.82,8.74,10.31,0.0,,,0.87,,,,
14-Jan-2019,23:30,14-Jan-2019,23:45,Punjab,Patiala,"Model Town, Patiala - PPCB",1.35,255.19,,,,79.66,133.66,,,,53.4,17.6,19.2,20.1,37.6,0.59,,2.26,,2.53,,62.66,,,,,,27.45,3.64,8.49,10.3,0.0,,,0.88,,,,
14-Jan-2019,23:45,15-Jan-2019,00:00,Punjab,Patiala,"Model Town, Patiala - PPCB",1.34,252.06,,,,79.7,134.51,,,,53.4,19.3,12.0,15.6,23.5,0.57,,2.29,,2.53,,62.62,,,,,,29.94,3.66,8.31,10.35,0.0,,,0.9,,,,
15-Jan-2019,00:00,15-Jan-2019,00:15,Punjab,Patiala,"Model Town, Patiala - PPCB",1.19,250.57,,,,79.55,133.93,,,,54.6,20.4,14.3,19.2,32.9,0.53,,2.24,,2.52,,62.62,,,,,,29.53,,8.17,10.3,0.0,,,0.9,,,,
15-Jan-2019,00:15,15-Jan-2019,00:30,Punjab,Patiala,"Model Town, Patiala - PPCB",1.48,253.88,,,,80.18,135.87,,,,55.0,20.4,4.6,16.2,16.1,0.54,,2.25,,2.53,,62.7,,,,,,27.41,3.68,7.94,10.32,0.0,,,0.89,,,,
15-Jan-2019,00:30,15-Jan-2019,00:45,Punjab,Patiala,"Model Town, Patiala - PPCB",1.31,251.22,,,,81.01,136.99,,,,55.0,20.4,14.3,21.7,31.0,0.53,,2.24,,2.52,,62.73,,,,,,26.59,3.52,7.76,10.31,0.0,,,0.9,,,,
15-Jan-2019,00:45,15-Jan-2019,01:00,Punjab,Patiala,"Model Town, Patiala - PPCB",1.35,251.23,,,,81.71,136.98,,,,55.0,21.1,13.7,23.7,35.8,0.52,,2.14,,2.52,,62.69,,,,,,26.37,3.36,7.58,10.28,0.0,,,0.89,,,,
15-Jan-2019,01:00,15-Jan-2019,01:15,Punjab,Patiala,"Model Town, Patiala - PPCB",1.37,253.04,,,,81.91,135.8,,,,49.2,21.6,8.2,22.7,28.7,0.52,,2.14,,2.52,,62.6,,,,,,26.5,3.5,7.48,10.32,0.0,,,0.88,,,,
15-Jan-2019,01:15,15-Jan-2019,01:30,Punjab,Patiala,"Model Town, Patiala - PPCB",1.21,252.84,,,,82.44,136.9,,,,47.2,21.6,5.2,14.1,14.8,0.52,,2.06,,2.54,,62.7,,,,,,29.78,3.42,7.32,10.3,0.0,,,0.88,,,,
15-Jan-2019,01:30,15-Jan-2019,01:45,Punjab,Patiala,"Model Town, Patiala - PPCB",1.39,252.19,,,,82.67,136.78,,,,47.2,21.6,9.6,12.7,19.8,0.52,,2.1,,2.52,,62.66,,,,,,28.44,3.43,7.2,10.29,0.0,,,0.89,,,,
15-Jan-2019,01:45,15-Jan-2019,02:00,Punjab,Patiala,"Model Town, Patiala - PPCB",1.38,254.11,,,,82.18,136.51,,,,47.2,20.4,8.3,15.6,18.0,0.53,,2.02,,2.5,,62.63,,,,,,26.22,3.95,7.12,10.38,0.0,,,0.89,,,,
15-Jan-2019,02:00,15-Jan-2019,02:15,Punjab,Patiala,"Model Town, Patiala - PPCB",1.18,251.5,,,,81.72,136.13,,,,49.1,19.6,9.5,23.4,29.3,0.53,,1.87,,2.52,,62.67,,,,,,24.85,4.02,7.08,10.34,0.0,,,0.9,,,,
15-Jan-2019,02:15,15-Jan-2019,02:30,Punjab,Patiala,"Model Town, Patiala - PPCB",1.39,251.22,,,,81.96,136.95,,,,49.8,19.6,14.5,16.9,26.7,0.54,,1.91,,2.53,,62.67,,,,,,23.92,3.73,6.93,10.29,0.0,,,0.89,,,,
15-Jan-2019,02:30,15-Jan-2019,02:45,Punjab,Patiala,"Model Town, Patiala - PPCB",1.4,250.12,,,,82.04,138.33,,,,49.8,19.6,9.5,24.1,24.0,0.54,,1.92,,2.51,,62.62,,,,,,26.26,3.7,6.83,10.32,0.0,,,0.89,,,,
15-Jan-2019,02:45,15-Jan-2019,03:00,Punjab,Patiala,"Model Town, Patiala - PPCB",1.21,252.82,,,,81.71,136.37,,,,49.8,19.8,1.9,17.0,9.9,0.53,,1.99,,2.51,,62.65,,,,,,28.25,3.78,6.81,10.36,0.0,,,0.89,,,,
15-Jan-2019,03:00,15-Jan-2019,03:15,Punjab,Patiala,"Model Town, Patiala - PPCB",1.02,251.96,,,,82.0,137.05,,,,53.5,19.9,0.8,20.2,12.2,0.51,,2.01,,2.53,,62.6,,,,,,27.68,3.72,6.73,10.31,0.0,,,0.89,,,,
15-Jan-2019,03:15,15-Jan-2019,03:30,Punjab,Patiala,"Model Town, Patiala - PPCB",1.18,252.27,,,,81.79,138.58,,,,54.8,19.9,6.7,13.4,14.5,0.5,,2.05,,2.52,,62.62,,,,,,26.08,3.46,6.71,10.27,0.0,,,0.89,,,,
15-Jan-2019,03:30,15-Jan-2019,03:45,Punjab,Patiala,"Model Town, Patiala - PPCB",0.94,258.65,,,,80.76,136.31,,,,54.8,19.9,13.9,22.6,32.2,0.49,,2.11,,2.52,,62.65,,,,,,27.53,3.45,6.76,10.24,0.0,,,0.89,,,,
15-Jan-2019,03:45,15-Jan-2019,04:00,Punjab,Patiala,"Model Town, Patiala - PPCB",0.99,257.92,,,,78.49,136.03,,,,54.8,17.8,5.6,18.6,16.6,0.48,,2.12,,2.52,,62.63,,,,,,23.93,3.55,6.96,10.31,0.0,,,0.88,,,,
15-Jan-2019,04:00,15-Jan-2019,04:15,Punjab,Patiala,"Model Town, Patiala - PPCB",1.17,254.68,,,,77.46,137.12,,,,58.7,16.4,29.4,17.6,44.2,0.5,,2.16,,2.51,,62.66,,,,,,29.35,,7.02,10.3,0.0,,,0.9,,,,
15-Jan-2019,04:15,15-Jan-2019,04:30,Punjab,Patiala,"Model Town, Patiala - PPCB",1.24,253.62,,,,77.37,138.21,,,,60.3,16.4,0.7,16.2,5.8,0.53,,2.18,,2.52,,62.67,,,,,,28.43,3.68,6.96,10.33,0.0,,,0.9,,,,
15-Jan-2019,04:30,15-Jan-2019,04:45,Punjab,Patiala,"Model Town, Patiala - PPCB",1.21,251.51,,,,78.13,140.4,,,,60.3,16.4,12.7,22.1,25.3,0.54,,2.22,,2.51,,62.71,,,,,,27.56,3.7,6.74,10.42,0.0,,,0.88,,,,
15-Jan-2019,04:45,15-Jan-2019,05:00,Punjab,Patiala,"Model Town, Patiala - PPCB",0.91,250.96,,,,78.61,137.9,,,,60.3,17.7,2.4,34.0,19.9,0.55,,2.31,,2.56,,62.75,,,,,,25.37,3.43,6.63,10.37,0.0,,,0.9,,,,
15-Jan-2019,05:00,15-Jan-2019,05:15,Punjab,Patiala,"Model Town, Patiala - PPCB",1.07,251.53,,,,79.21,139.39,,,,60.6,18.5,10.4,22.4,29.6,0.57,,2.32,,2.52,,62.73,,,,,,24.07,3.49,6.53,10.29,0.0,,,0.91,,,,
15-Jan-2019,05:15,15-Jan-2019,05:30,Punjab,Patiala,"Model Town, Patiala - PPCB",0.91,250.95,,,,78.64,138.37,,,,60.7,18.5,6.6,22.1,23.8,0.59,,2.29,,2.53,,62.69,,,,,,27.77,3.56,6.59,10.34,0.0,,,0.89,,,,
15-Jan-2019,05:30,15-Jan-2019,05:45,Punjab,Patiala,"Model Town, Patiala - PPCB",0.87,252.19,,,,78.91,138.75,,,,60.7,18.5,4.8,18.3,20.6,0.61,,2.27,,2.52,,62.66,,,,,,28.9,3.78,6.49,10.3,0.0,,,0.91,,,,
15-Jan-2019,05:45,15-Jan-2019,06:00,Punjab,Patiala,"Model Town, Patiala - PPCB",1.08,247.51,,,,79.13,143.0,,,,60.7,16.7,4.5,17.7,17.0,0.63,,2.21,,2.52,,62.65,,,,,,27.37,4.02,6.41,10.28,0.0,,,0.91,,,,
15-Jan-2019,06:00,15-Jan-2019,06:15,Punjab,Patiala,"Model Town, Patiala - PPCB",0.92,248.97,,,,79.45,140.43,,,,57.9,15.4,4.9,16.7,14.5,0.66,,2.12,,2.52,,62.64,,,,,,28.27,4.19,6.35,10.31,0.0,,,0.89,,,,
15-Jan-2019,06:15,15-Jan-2019,06:30,Punjab,Patiala,"Model Town, Patiala - PPCB",1.17,250.38,,,,80.4,141.02,,,,56.8,15.4,3.3,16.4,13.1,0.68,,2.05,,2.52,,62.65,,,,,,27.14,4.21,6.21,10.33,0.0,,,0.9,,,,
15-Jan-2019,06:30,15-Jan-2019,06:45,Punjab,Patiala,"Model Town, Patiala - PPCB",1.07,255.17,,,,81.53,142.42,,,,56.8,15.4,3.5,19.8,16.8,0.72,,2.03,,2.52,,62.67,,,,,,25.59,4.2,6.1,10.3,0.0,,,0.91,,,,
15-Jan-2019,06:45,15-Jan-2019,07:00,Punjab,Patiala,"Model Town, Patiala - PPCB",0.87,252.57,,,,82.96,142.33,,,,56.8,16.4,5.0,11.7,13.5,0.74,,1.93,,2.51,,62.66,,,,,,28.31,4.14,5.93,10.24,0.0,,,0.9,,,,
15-Jan-2019,07:00,15-Jan-2019,07:15,Punjab,Patiala,"Model Town, Patiala - PPCB",0.53,248.75,,,,83.99,139.43,,,,58.9,17.1,4.4,14.0,12.4,0.76,,1.78,,2.51,,62.66,,,,,,28.63,4.29,5.79,10.27,0.0,,,0.89,,,,
15-Jan-2019,07:15,15-Jan-2019,07:30,Punjab,Patiala,"Model Town, Patiala - PPCB",0.7,248.83,,,,82.97,143.67,,,,59.6,17.1,5.9,13.1,13.8,0.81,,1.68,,2.52,,62.68,,,,,,28.9,4.8,5.9,10.36,0.0,,,0.9,,,,
15-Jan-2019,07:30,15-Jan-2019,07:45,Punjab,Patiala,"Model Town, Patiala - PPCB",0.91,250.2,,,,81.27,150.91,,,,59.6,17.1,5.0,12.9,13.6,0.85,,1.68,,2.52,,62.68,,,,,,27.07,6.2,6.1,10.32,0.0,,,0.89,,,,
15-Jan-2019,07:45,15-Jan-2019,08:00,Punjab,Patiala,"Model Town, Patiala - PPCB",0.88,252.97,,,,80.75,162.1,,,,59.6,17.5,4.1,20.6,21.4,0.91,,1.68,,2.51,,62.64,,,,,,26.4,7.86,6.23,10.33,0.0,,,0.88,,,,
15-Jan-2019,08:00,15-Jan-2019,08:15,Punjab,Patiala,"Model Town, Patiala - PPCB",1.03,252.25,,,,81.03,180.55,,,,61.9,17.8,0.9,12.2,6.9,0.82,,1.68,,2.53,,62.63,,,,,,27.11,,6.29,10.37,0.0,,,0.89,,,,
15-Jan-2019,08:15,15-Jan-2019,08:30,Punjab,Patiala,"Model Town, Patiala - PPCB",1.11,252.55,,,,80.64,198.73,,,,62.7,17.8,1.3,17.4,12.8,0.95,,1.68,,2.52,,62.66,,,,,,27.26,9.09,6.41,10.31,0.0,,,0.89,,,,
15-Jan-2019,08:30,15-Jan-2019,08:45,Punjab,Patiala,"Model Town, Patiala - PPCB",1.0,251.32,,,,79.34,222.37,,,,62.7,17.8,3.3,17.3,15.6,0.98,,1.68,,2.51,,62.62,,,,,,26.77,10.57,6.71,10.31,0.0,,,0.89,,,,
15-Jan-2019,08:45,15-Jan-2019,09:00,Punjab,Patiala,"Model Town, Patiala - PPCB",1.15,252.98,,,,76.93,246.49,,,,62.7,22.9,1.1,13.2,8.1,0.97,,1.68,,2.51,,62.65,,,,,,26.02,13.59,7.15,10.29,0.0,,,0.88,,,,
15-Jan-2019,09:00,15-Jan-2019,09:15,Punjab,Patiala,"Model Town, Patiala - PPCB",1.27,251.14,,,,74.26,289.13,,,,65.2,26.5,7.2,15.8,17.4,1.18,,1.68,,2.51,,62.68,,,,,,25.06,16.79,7.74,10.28,0.0,,,0.88,,,,
15-Jan-2019,09:15,15-Jan-2019,09:30,Punjab,Patiala,"Model Town, Patiala - PPCB",1.06,252.37,,,,73.69,286.96,,,,66.2,26.5,0.0,11.3,0.6,0.96,,1.68,,2.51,,62.61,,,,,,22.88,16.64,8.14,10.27,0.0,,,0.89,,,,
15-Jan-2019,09:30,15-Jan-2019,09:45,Punjab,Patiala,"Model Town, Patiala - PPCB",1.18,257.16,,,,73.76,298.31,,,,66.2,26.5,0.0,15.1,0.2,0.95,,1.68,,2.52,,62.62,,,,,,25.64,16.76,8.39,10.32,0.0,,,0.89,,,,
15-Jan-2019,09:45,15-Jan-2019,10:00,Punjab,Patiala,"Model Town, Patiala - PPCB",1.25,256.63,,,,71.81,314.86,,,,66.2,27.8,0.0,17.4,0.5,0.99,,1.74,,2.51,,62.64,,,,,,21.87,17.34,8.97,10.31,0.0,,,0.88,,,,
15-Jan-2019,10:00,15-Jan-2019,10:15,Punjab,Patiala,"Model Town, Patiala - PPCB",1.56,252.08,,,,71.01,347.15,,,,55.8,28.7,1.1,27.7,12.3,0.95,,2.88,,2.51,,62.64,,,,,,22.84,19.2,9.48,10.28,0.0,,,0.88,,,,
15-Jan-2019,10:15,15-Jan-2019,10:30,Punjab,Patiala,"Model Town, Patiala - PPCB",1.44,254.33,,,,70.6,327.01,,,,51.8,28.7,8.6,19.5,21.1,0.9,,2.76,,2.52,,62.61,,,,,,32.52,18.43,9.96,10.26,0.0,,,0.9,,,,
15-Jan-2019,10:30,15-Jan-2019,10:45,Punjab,Patiala,"Model Town, Patiala - PPCB",1.4,254.73,,,,68.68,313.71,,,,51.8,28.7,21.9,20.1,39.7,0.86,,2.96,,2.52,,62.63,,,,,,31.14,17.7,10.23,10.28,0.0,,,0.92,,,,
15-Jan-2019,10:45,15-Jan-2019,11:00,Punjab,Patiala,"Model Town, Patiala - PPCB",1.32,252.61,,,,67.34,341.49,,,,51.8,29.4,8.1,19.4,16.4,0.86,,3.1,,2.52,,62.61,,,,,,31.92,17.78,11.19,10.28,0.0,,,0.9,,,,
15-Jan-2019,11:00,15-Jan-2019,11:15,Punjab,Patiala,"Model Town, Patiala - PPCB",1.08,255.08,,,,64.59,353.93,,,,53.2,29.9,24.3,19.7,37.9,0.83,,3.2,,2.51,,62.59,,,,,,33.68,16.42,11.83,10.27,0.0,,,0.89,,,,
15-Jan-2019,11:15,15-Jan-2019,11:30,Punjab,Patiala,"Model Town, Patiala - PPCB",1.21,256.91,,,,60.74,360.29,,,,53.8,29.9,20.1,26.4,42.3,0.73,,3.39,,2.51,,62.59,,,,,,27.32,15.29,12.19,10.32,0.0,,,0.89,,,,
15-Jan-2019,11:30,15-Jan-2019,11:45,Punjab,Patiala,"Model Town, Patiala - PPCB",1.27,255.62,,,,57.16,393.13,,,,53.8,29.9,13.3,19.2,27.9,0.67,,3.81,,2.52,,62.66,,,,,,34.48,14.54,12.69,10.3,0.0,,,0.89,,,,
15-Jan-2019,11:45,15-Jan-2019,12:00,Punjab,Patiala,"Model Town, Patiala - PPCB",1.18,257.71,,,,52.48,355.33,,,,53.8,28.2,9.7,16.6,21.8,0.61,,4.23,,2.51,,62.66,,,,,,30.79,13.17,13.35,10.34,0.0,,,0.88,,,,
15-Jan-2019,12:00,15-Jan-2019,12:15,Punjab,Patiala,"Model Town, Patiala - PPCB",1.19,258.89,,,,52.68,388.29,,,,44.1,26.9,21.0,18.4,33.9,0.62,,13.34,,2.51,,62.63,,,,,,30.56,,13.43,10.33,0.0,,,0.89,,,,
15-Jan-2019,12:15,15-Jan-2019,12:30,Punjab,Patiala,"Model Town, Patiala - PPCB",1.28,255.62,,,,50.79,340.97,,,,40.4,26.9,22.7,16.2,34.6,0.66,,13.76,,2.51,,62.6,,,,,,34.28,11.56,14.34,10.28,0.0,,,0.89,,,,
15-Jan-2019,12:30,15-Jan-2019,12:45,Punjab,Patiala,"Model Town, Patiala - PPCB",1.75,253.22,,,,50.45,410.86,,,,40.4,26.9,26.9,19.5,45.3,0.63,,19.97,,2.51,,62.6,,,,,,37.8,9.7,14.19,10.25,0.0,,,0.88,,,,
15-Jan-2019,12:45,15-Jan-2019,13:00,Punjab,Patiala,"Model Town, Patiala - PPCB",1.26,252.45,,,,48.87,306.56,,,,40.4,27.7,20.3,11.3,27.2,0.59,,17.73,,2.51,,62.6,,,,,,32.31,9.87,14.78,10.23,0.0,,,0.88,,,,
15-Jan-2019,13:00,15-Jan-2019,13:15,Punjab,Patiala,"Model Town, Patiala - PPCB",1.78,254.55,,,,44.19,273.27,,,,37.4,28.2,16.2,13.0,25.4,0.57,,16.21,,2.52,,62.67,,,,,,30.59,8.64,14.59,10.32,0.0,,,0.88,,,,
15-Jan-2019,13:15,15-Jan-2019,13:30,Punjab,Patiala,"Model Town, Patiala - PPCB",1.18,253.94,,,,45.99,269.4,,,,36.4,28.2,17.2,20.4,34.6,0.55,,15.93,,2.55,,62.7,,,,,,31.26,7.75,14.22,10.26,0.0,,,0.9,,,,
15-Jan-2019,13:30,15-Jan-2019,13:45,Punjab,Patiala,"Model Town, Patiala - PPCB",1.31,256.91,,,,45.19,250.75,,,,36.4,28.2,10.4,14.3,21.8,0.53,,19.19,,2.54,,62.72,,,,,,33.28,7.58,14.4,10.34,0.0,,,0.88,,,,
15-Jan-2019,13:45,15-Jan-2019,14:00,Punjab,Patiala,"Model Town, Patiala - PPCB",1.63,256.05,,,,47.12,258.13,,,,36.4,26.8,22.5,9.6,30.3,0.49,,16.48,,2.54,,62.71,,,,,,31.56,8.14,14.34,10.4,0.0,,,0.88,,,,
15-Jan-2019,14:00,15-Jan-2019,14:15,Punjab,Patiala,"Model Town, Patiala - PPCB",1.41,252.77,,,,47.38,252.08,,,,41.3,25.8,19.2,14.9,33.0,0.44,,15.53,,2.53,,62.67,,,,,,29.64,7.71,14.35,10.31,0.0,,,0.88,,,,
15-Jan-2019,14:15,15-Jan-2019,14:30,Punjab,Patiala,"Model Town, Patiala - PPCB",1.21,255.6,,,,44.87,233.33,,,,43.2,25.8,2.8,12.4,12.3,0.42,,20.8,,2.52,,62.66,,,,,,31.25,6.48,14.55,10.29,0.0,,,0.87,,,,
15-Jan-2019,14:30,15-Jan-2019,14:45,Punjab,Patiala,"Model Town, Patiala - PPCB",1.57,252.85,,,,47.47,238.79,,,,43.2,25.8,8.5,8.4,10.1,0.39,,24.93,,2.52,,62.66,,,,,,32.92,6.69,14.42,10.28,0.0,,,0.88,,,,
15-Jan-2019,14:45,15-Jan-2019,15:00,Punjab,Patiala,"Model Town, Patiala - PPCB",1.33,257.34,,,,47.65,238.73,,,,43.2,23.9,5.3,14.8,11.8,0.43,,23.47,,2.54,,62.68,,,,,,28.64,6.9,14.52,10.34,0.0,,,0.87,,,,
15-Jan-2019,15:00,15-Jan-2019,15:15,Punjab,Patiala,"Model Town, Patiala - PPCB",1.77,257.19,,,,48.65,223.26,,,,41.9,22.6,12.1,19.5,23.7,0.46,,21.0,,2.52,,62.66,,,,,,32.87,7.53,14.41,10.33,0.0,,,0.9,,,,
15-Jan-2019,15:15,15-Jan-2019,15:30,Punjab,Patiala,"Model Town, Patiala - PPCB",2.05,255.48,,,,47.41,194.71,,,,41.4,22.6,20.1,13.6,25.6,0.46,,16.87,,2.52,,62.66,,,,,,32.03,8.61,14.28,10.39,0.0,,,0.88,,,,
15-Jan-2019,15:30,15-Jan-2019,15:45,Punjab,Patiala,"Model Town, Patiala - PPCB",1.7,257.0,,,,47.76,172.38,,,,41.4,22.6,18.1,18.9,32.5,0.48,,15.15,,2.51,,62.66,,,,,,27.52,9.5,14.32,10.38,0.0,,,0.87,,,,
15-Jan-2019,15:45,15-Jan-2019,16:00,Punjab,Patiala,"Model Town, Patiala - PPCB",1.72,255.76,,,,48.84,167.09,,,,41.4,21.1,3.5,17.4,9.2,0.49,,14.32,,2.52,,62.67,,,,,,29.01,8.01,14.53,10.29,0.0,,,0.88,,,,
15-Jan-2019,16:00,15-Jan-2019,16:15,Punjab,Patiala,"Model Town, Patiala - PPCB",1.77,254.79,,,,46.73,162.32,,,,39.8,20.0,5.5,9.1,7.7,0.47,,13.91,,2.52,,62.65,,,,,,28.39,,14.41,10.36,0.0,,,0.89,,,,
15-Jan-2019,16:15,15-Jan-2019,16:30,Punjab,Patiala,"Model Town, Patiala - PPCB",0.91,254.47,,,,50.58,157.42,,,,39.2,20.0,11.4,19.3,23.6,0.5,,13.73,,2.52,,62.73,,,,,,28.84,7.07,14.44,10.31,0.0,,,0.88,,,,
15-Jan-2019,16:30,15-Jan-2019,16:45,Punjab,Patiala,"Model Town, Patiala - PPCB",1.1,252.71,,,,50.13,155.88,,,,39.2,20.0,21.0,17.9,33.5,0.5,,13.5,,2.51,,62.74,,,,,,30.48,6.83,14.38,10.31,0.0,,,0.9,,,,
15-Jan-2019,16:45,15-Jan-2019,17:00,Punjab,Patiala,"Model Town, Patiala - PPCB",1.1,251.88,,,,53.0,154.12,,,,39.2,19.9,20.4,14.8,28.9,0.62,,13.39,,2.54,,62.69,,,,,,30.86,6.91,14.06,10.33,0.0,,,0.9,,,,
15-Jan-2019,17:00,15-Jan-2019,17:15,Punjab,Patiala,"Model Town, Patiala - PPCB",0.91,253.43,,,,56.48,138.55,,,,45.7,19.9,25.0,12.9,32.4,0.59,,13.03,,2.53,,62.67,,,,,,30.12,6.64,13.55,10.31,0.0,,,0.9,,,,
15-Jan-2019,17:15,15-Jan-2019,17:30,Punjab,Patiala,"Model Town, Patiala - PPCB",0.78,250.7,,,,58.9,133.49,,,,48.2,19.9,20.5,12.4,25.7,0.6,,12.66,,2.52,,62.6,,,,,,35.51,6.15,13.02,10.35,0.0,,,0.88,,,,
15-Jan-2019,17:30,15-Jan-2019,17:45,Punjab,Patiala,"Model Town, Patiala - PPCB",0.42,240.09,,,,61.79,128.6,,,,48.2,19.9,14.3,13.5,21.8,0.71,,12.12,,2.53,,62.62,,,,,,35.32,6.18,12.52,10.33,0.0,,,0.9,,,,
15-Jan-2019,17:45,15-Jan-2019,18:00,Punjab,Patiala,"Model Town, Patiala - PPCB",0.98,251.33,,,,63.82,134.01,,,,48.2,20.0,5.4,11.4,13.6,0.75,,11.93,,2.51,,62.65,,,,,,26.9,6.08,12.18,10.25,0.0,,,0.88,,,,
15-Jan-2019,18:00,15-Jan-2019,18:15,Punjab,Patiala,"Model Town, Patiala - PPCB",0.62,245.77,,,,66.44,134.01,,,,46.4,20.1,2.0,8.6,4.6,0.94,,11.65,,2.51,,62.74,,,,,,31.64,5.85,11.84,10.3,0.0,,,0.88,,,,
15-Jan-2019,18:15,15-Jan-2019,18:30,Punjab,Patiala,"Model Town, Patiala - PPCB",0.92,249.49,,,,66.17,141.58,,,,45.7,20.1,4.4,13.7,8.7,1.19,,11.06,,2.52,,62.73,,,,,,35.88,6.89,11.76,10.28,0.0,,,0.89,,,,
15-Jan-2019,18:30,15-Jan-2019,18:45,Punjab,Patiala,"Model Town, Patiala - PPCB",0.69,250.44,,,,65.95,135.83,,,,45.7,20.1,11.4,15.1,17.8,1.16,,10.83,,2.51,,62.72,,,,,,30.17,6.82,11.79,10.27,0.0,,,0.9,,,,
15-Jan-2019,18:45,15-Jan-2019,19:00,Punjab,Patiala,"Model Town, Patiala - PPCB",1.23,251.59,,,,67.98,139.32,,,,45.7,22.0,31.3,12.5,32.9,0.91,,10.88,,2.51,,62.68,,,,,,34.29,6.05,11.27,10.31,0.0,,,0.89,,,,
15-Jan-2019,19:00,15-Jan-2019,19:15,Punjab,Patiala,"Model Town, Patiala - PPCB",1.18,250.13,,,,68.55,134.3,,,,40.2,23.4,34.8,13.0,43.1,0.8,,11.15,,2.53,,62.63,,,,,,35.69,5.66,11.09,10.31,0.0,,,0.88,,,,
15-Jan-2019,19:15,15-Jan-2019,19:30,Punjab,Patiala,"Model Town, Patiala - PPCB",0.89,249.18,,,,72.89,133.02,,,,38.1,23.4,25.8,17.3,39.1,0.84,,11.17,,2.52,,62.67,,,,,,31.93,5.01,10.7,10.31,0.0,,,0.89,,,,
15-Jan-2019,19:30,15-Jan-2019,19:45,Punjab,Patiala,"Model Town, Patiala - PPCB",0.9,250.0,,,,75.67,133.29,,,,38.1,23.4,18.9,11.2,26.8,0.82,,11.07,,2.51,,62.68,,,,,,32.87,4.69,10.51,10.32,0.0,,,0.89,,,,
15-Jan-2019,19:45,15-Jan-2019,20:00,Punjab,Patiala,"Model Town, Patiala - PPCB",0.72,248.84,,,,78.03,131.01,,,,38.1,23.5,11.6,15.1,20.8,0.81,,11.02,,2.51,,62.64,,,,,,33.49,4.44,10.23,10.27,0.0,,,0.92,,,,
15-Jan-2019,20:00,15-Jan-2019,20:15,Punjab,Patiala,"Model Town, Patiala - PPCB",0.43,239.94,,,,78.98,130.4,,,,41.3,23.5,13.8,8.3,15.5,0.84,,11.01,,2.51,,62.6,,,,,,31.92,,10.06,10.29,0.0,,,0.9,,,,
15-Jan-2019,20:15,15-Jan-2019,20:30,Punjab,Patiala,"Model Town, Patiala - PPCB",0.12,135.67,,,,84.58,132.13,,,,42.5,23.5,15.0,11.1,23.0,0.88,,10.83,,2.51,,62.61,,,,,,32.16,3.59,9.25,10.28,0.0,,,0.91,,,,
15-Jan-2019,20:30,15-Jan-2019,20:45,Punjab,Patiala,"Model Town, Patiala - PPCB",0.23,243.51,,,,86.17,130.81,,,,42.5,23.5,15.1,10.9,23.4,0.98,,10.8,,2.52,,62.67,,,,,,32.12,3.27,9.01,10.28,0.0,,,0.91,,,,
15-Jan-2019,20:45,15-Jan-2019,21:00,Punjab,Patiala,"Model Town, Patiala - PPCB",0.98,249.56,,,,81.52,136.25,,,,42.5,24.0,6.5,9.6,12.8,1.13,,10.8,,2.53,,62.7,,,,,,29.56,3.32,9.49,10.27,0.0,,,0.89,,,,
15-Jan-2019,21:00,15-Jan-2019,21:15,Punjab,Patiala,"Model Town, Patiala - PPCB",0.75,249.14,,,,80.46,133.84,,,,47.1,24.3,8.3,17.2,22.7,1.02,,10.8,,2.53,,62.65,,,,,,27.93,3.71,9.6,10.23,0.0,,,0.89,,,,
15-Jan-2019,21:15,15-Jan-2019,21:30,Punjab,Patiala,"Model Town, Patiala - PPCB",0.75,248.85,,,,80.71,134.92,,,,48.8,24.3,6.1,8.2,10.5,0.96,,10.8,,2.52,,62.65,,,,,,30.76,3.95,9.43,10.29,0.0,,,0.88,,,,
15-Jan-2019,21:30,15-Jan-2019,21:45,Punjab,Patiala,"Model Town, Patiala - PPCB",0.61,251.97,,,,81.09,133.04,,,,48.8,24.3,8.6,7.0,11.7,0.86,,10.8,,2.51,,62.65,,,,,,31.29,3.83,9.26,10.3,0.0,,,0.88,,,,
15-Jan-2019,21:45,15-Jan-2019,22:00,Punjab,Patiala,"Model Town, Patiala - PPCB",0.12,249.5,,,,83.57,133.21,,,,48.8,25.7,4.7,6.8,5.7,0.81,,10.8,,2.51,,62.66,,,,,,30.78,3.59,8.88,10.27,0.0,,,0.89,,,,
15-Jan-2019,22:00,15-Jan-2019,22:15,Punjab,Patiala,"Model Town, Patiala - PPCB",0.2,215.71,,,,87.84,135.8,,,,51.4,26.7,11.9,12.2,20.9,0.94,,10.8,,2.53,,62.6,,,,,,31.37,3.12,8.22,10.26,0.0,,,0.88,,,,
15-Jan-2019,22:15,15-Jan-2019,22:30,Punjab,Patiala,"Model Town, Patiala - PPCB",0.22,208.89,,,,89.78,135.18,,,,52.4,26.7,5.1,10.6,8.9,0.96,,10.8,,2.53,,62.61,,,,,,30.24,2.67,7.89,10.27,0.0,,,0.9,,,,
15-Jan-2019,22:30,15-Jan-2019,22:45,Punjab,Patiala,"Model Town, Patiala - PPCB",0.2,123.47,,,,90.86,140.09,,,,52.4,26.7,5.0,13.7,13.6,0.95,,10.8,,2.51,,62.59,,,,,,28.88,2.45,7.73,10.29,0.0,,,0.9,,,,
15-Jan-2019,22:45,15-Jan-2019,23:00,Punjab,Patiala,"Model Town, Patiala - PPCB",0.18,218.18,,,,90.44,137.18,,,,52.4,27.7,10.5,9.6,14.4,0.9,,10.8,,2.5,,62.62,,,,,,31.26,2.6,7.73,10.24,0.0,,,0.88,,,,
15-Jan-2019,23:00,15-Jan-2019,23:15,Punjab,Patiala,"Model Town, Patiala - PPCB",0.32,223.6,,,,90.11,139.5,,,,50.7,28.3,4.3,10.3,9.3,0.92,,10.8,,2.5,,62.65,,,,,,29.32,2.48,7.73,10.26,0.0,,,0.88,,,,
15-Jan-2019,23:15,15-Jan-2019,23:30,Punjab,Patiala,"Model Town, Patiala - PPCB",0.33,200.31,,,,87.37,135.37,,,,50.1,28.3,7.9,11.4,13.0,0.83,,10.8,,2.53,,62.62,,,,,,28.9,2.6,7.96,10.24,0.0,,,0.91,,,,
15-Jan-2019,23:30,15-Jan-2019,23:45,Punjab,Patiala,"Model Town, Patiala - PPCB",0.67,248.78,,,,88.27,136.39,,,,50.1,28.3,2.4,13.7,8.4,0.79,,10.8,,2.52,,62.62,,,,,,31.25,2.57,7.99,10.25,0.0,,,0.89,,,,
15-Jan-2019,23:45,16-Jan-2019,00:00,Punjab,Patiala,"Model Town, Patiala - PPCB",0.58,245.01,,,,88.66,138.18,,,,50.1,27.4,10.1,13.2,19.3,0.8,,10.8,,2.51,,62.59,,,,,,30.76,2.78,7.93,10.23,0.0,,,0.88,,,,
16-Jan-2019,00:00,16-Jan-2019,00:15,Punjab,Patiala,"Model Town, Patiala - PPCB",0.59,251.64,,,,87.72,139.64,,,,47.7,26.7,1.2,18.4,5.7,2.49,,10.8,,2.51,,62.62,,,,,,27.58,,8.03,10.28,0.0,,,0.89,,,,
16-Jan-2019,00:15,16-Jan-2019,00:30,Punjab,Patiala,"Model Town, Patiala - PPCB",0.19,131.21,,,,91.26,138.68,,,,46.8,26.7,11.0,13.5,14.1,0.76,,10.8,,2.51,,62.65,,,,,,29.31,2.83,7.48,10.38,0.0,,,0.88,,,,
16-Jan-2019,00:30,16-Jan-2019,00:45,Punjab,Patiala,"Model Town, Patiala - PPCB",0.35,178.48,,,,94.36,139.06,,,,46.8,26.7,4.0,23.1,19.9,0.76,,10.8,,2.52,,62.7,,,,,,28.52,2.4,6.94,10.3,0.0,,,0.89,,,,
16-Jan-2019,00:45,16-Jan-2019,01:00,Punjab,Patiala,"Model Town, Patiala - PPCB",0.19,227.75,,,,95.19,141.7,,,,46.8,28.7,17.5,12.1,21.1,0.76,,10.8,,2.51,,62.68,,,,,,29.82,2.34,6.9,10.27,0.0,,,0.88,,,,
16-Jan-2019,01:00,16-Jan-2019,01:15,Punjab,Patiala,"Model Town, Patiala - PPCB",0.15,118.57,,,,95.19,144.33,,,,42.7,30.2,22.5,11.8,26.1,0.78,,10.8,,2.51,,62.74,,,,,,34.55,2.37,7.01,10.28,0.0,,,0.89,,,,
16-Jan-2019,01:15,16-Jan-2019,01:30,Punjab,Patiala,"Model Town, Patiala - PPCB",0.23,173.41,,,,95.19,144.55,,,,41.2,30.2,7.3,26.3,24.7,0.82,,10.8,,2.51,,62.73,,,,,,27.94,2.27,6.73,10.29,0.0,,,0.9,,,,
16-Jan-2019,01:30,16-Jan-2019,01:45,Punjab,Patiala,"Model Town, Patiala - PPCB",0.29,256.89,,,,95.2,142.08,,,,41.2,30.2,10.2,16.3,21.0,0.83,,10.8,,2.52,,62.72,,,,,,30.46,2.26,6.79,10.26,0.0,,,0.89,,,,
16-Jan-2019,01:45,16-Jan-2019,02:00,Punjab,Patiala,"Model Town, Patiala - PPCB",0.07,343.25,,,,94.99,142.78,,,,41.2,28.2,1.9,13.9,4.8,0.8,,10.8,,2.51,,62.7,,,,,,30.85,2.27,6.99,10.33,0.0,,,0.89,,,,
16-Jan-2019,02:00,16-Jan-2019,02:15,Punjab,Patiala,"Model Town, Patiala - PPCB",0.21,131.73,,,,95.19,144.03,,,,40.4,26.9,9.0,13.5,12.2,0.81,,10.8,,2.52,,62.68,,,,,,29.43,2.26,6.64,10.27,0.0,,,0.88,,,,
16-Jan-2019,02:15,16-Jan-2019,02:30,Punjab,Patiala,"Model Town, Patiala - PPCB",0.3,111.45,,,,95.23,147.64,,,,40.1,26.9,2.9,19.7,9.7,0.79,,10.8,,2.52,,62.72,,,,,,31.32,2.17,6.2,10.3,0.0,,,0.9,,,,
16-Jan-2019,02:30,16-Jan-2019,02:45,Punjab,Patiala,"Model Town, Patiala - PPCB",0.3,96.82,,,,95.23,149.63,,,,40.1,26.9,9.0,12.1,14.6,0.78,,10.8,,2.51,,62.64,,,,,,28.78,2.01,6.25,10.35,0.0,,,0.89,,,,
16-Jan-2019,02:45,16-Jan-2019,03:00,Punjab,Patiala,"Model Town, Patiala - PPCB",0.35,79.5,,,,95.25,151.09,,,,40.1,26.3,12.1,11.9,17.4,0.76,,10.8,,2.52,,62.59,,,,,,31.04,1.95,6.23,10.33,0.0,,,0.89,,,,
16-Jan-2019,03:00,16-Jan-2019,03:15,Punjab,Patiala,"Model Town, Patiala - PPCB",0.37,119.01,,,,95.25,150.22,,,,35.0,25.9,2.8,7.3,3.7,0.77,,10.8,,2.52,,62.73,,,,,,32.5,1.89,6.12,10.31,0.0,,,0.9,,,,
16-Jan-2019,03:15,16-Jan-2019,03:30,Punjab,Patiala,"Model Town, Patiala - PPCB",0.23,122.93,,,,95.27,150.07,,,,33.0,25.9,1.8,15.1,10.6,0.77,,10.8,,2.51,,62.63,,,,,,29.8,1.92,6.17,10.32,0.0,,,0.89,,,,
16-Jan-2019,03:30,16-Jan-2019,03:45,Punjab,Patiala,"Model Town, Patiala - PPCB",0.24,157.18,,,,95.27,148.8,,,,33.0,25.9,3.8,18.3,14.2,0.76,,10.8,,2.51,,62.7,,,,,,32.18,1.7,5.89,10.35,0.0,,,0.88,,,,
16-Jan-2019,03:45,16-Jan-2019,04:00,Punjab,Patiala,"Model Town, Patiala - PPCB",0.32,112.17,,,,95.28,151.82,,,,33.0,25.4,0.6,13.7,3.9,0.77,,10.8,,2.51,,62.68,,,,,,28.5,1.76,5.88,10.27,0.0,,,0.89,,,,
16-Jan-2019,04:00,16-Jan-2019,04:15,Punjab,Patiala,"Model Town, Patiala - PPCB",0.25,215.43,,,,95.28,148.5,,,,35.9,25.0,6.5,8.7,7.2,0.68,,10.8,,2.51,,62.65,,,,,,29.56,,5.79,10.31,0.0,,,0.89,,,,
16-Jan-2019,04:15,16-Jan-2019,04:30,Punjab,Patiala,"Model Town, Patiala - PPCB",0.19,89.96,,,,95.28,151.51,,,,37.0,25.0,0.9,15.1,6.7,0.78,,10.8,,2.51,,62.66,,,,,,29.16,1.83,5.85,10.35,0.0,,,0.89,,,,
16-Jan-2019,04:30,16-Jan-2019,04:45,Punjab,Patiala,"Model Town, Patiala - PPCB",0.2,221.78,,,,95.24,153.28,,,,37.0,25.0,3.0,5.8,3.4,0.76,,10.8,,2.5,,62.66,,,,,,31.63,1.94,5.77,10.3,0.0,,,0.89,,,,
16-Jan-2019,04:45,16-Jan-2019,05:00,Punjab,Patiala,"Model Town, Patiala - PPCB",0.12,116.29,,,,95.07,153.68,,,,37.0,27.3,6.2,9.9,12.4,0.76,,10.8,,2.51,,62.65,,,,,,33.15,1.79,5.59,10.25,0.0,,,0.88,,,,
16-Jan-2019,05:00,16-Jan-2019,05:15,Punjab,Patiala,"Model Town, Patiala - PPCB",0.15,152.6,,,,95.05,149.86,,,,32.3,29.0,1.5,10.8,3.0,0.78,,10.8,,2.52,,62.69,,,,,,27.6,1.8,5.55,10.28,0.0,,,0.89,,,,
16-Jan-2019,05:15,16-Jan-2019,05:30,Punjab,Patiala,"Model Town, Patiala - PPCB",0.24,149.33,,,,95.06,152.31,,,,30.4,29.0,0.0,17.2,2.4,0.75,,10.8,,2.52,,62.67,,,,,,26.5,1.77,5.29,10.27,0.0,,,0.88,,,,
16-Jan-2019,05:30,16-Jan-2019,05:45,Punjab,Patiala,"Model Town, Patiala - PPCB",0.14,215.22,,,,95.06,151.74,,,,30.4,29.0,0.8,13.8,1.7,0.76,,10.8,,2.52,,62.68,,,,,,27.87,1.57,5.43,10.24,0.0,,,0.89,,,,
16-Jan-2019,05:45,16-Jan-2019,06:00,Punjab,Patiala,"Model Town, Patiala - PPCB",0.18,68.98,,,,95.06,153.36,,,,30.4,27.9,0.0,9.5,0.1,0.76,,10.8,,2.5,,62.64,,,,,,27.7,1.57,5.36,10.3,0.0,,,0.89,,,,
16-Jan-2019,06:00,16-Jan-2019,06:15,Punjab,Patiala,"Model Town, Patiala - PPCB",0.17,125.49,,,,95.06,153.46,,,,33.4,27.2,0.0,8.0,0.0,0.82,,10.8,,2.51,,62.64,,,,,,28.21,1.92,5.33,10.25,0.0,,,0.89,,,,
16-Jan-2019,06:15,16-Jan-2019,06:30,Punjab,Patiala,"Model Town, Patiala - PPCB",0.12,178.94,,,,95.07,150.25,,,,34.5,27.2,0.0,14.7,0.0,0.78,,10.8,,2.51,,62.64,,,,,,22.81,1.71,5.19,10.29,0.0,,,0.91,,,,
16-Jan-2019,06:30,16-Jan-2019,06:45,Punjab,Patiala,"Model Town, Patiala - PPCB",0.14,181.71,,,,95.06,152.42,,,,34.5,27.2,0.0,10.6,0.0,0.8,,10.8,,2.51,,62.62,,,,,,27.97,1.52,5.12,10.28,0.0,,,0.92,,,,
16-Jan-2019,06:45,16-Jan-2019,07:00,Punjab,Patiala,"Model Town, Patiala - PPCB",0.25,220.7,,,,95.07,151.77,,,,34.5,26.4,0.0,11.0,0.0,0.83,,10.8,,2.51,,62.65,,,,,,23.61,1.5,5.09,10.26,0.0,,,0.91,,,,
16-Jan-2019,07:00,16-Jan-2019,07:15,Punjab,Patiala,"Model Town, Patiala - PPCB",0.24,355.9,,,,95.09,154.08,,,,42.9,25.9,0.0,10.0,0.0,0.92,,10.8,,2.5,,62.66,,,,,,25.64,1.7,5.34,10.24,0.0,,,0.88,,,,
16-Jan-2019,07:15,16-Jan-2019,07:30,Punjab,Patiala,"Model Town, Patiala - PPCB",0.15,179.82,,,,95.08,155.59,,,,45.9,25.9,0.0,11.4,0.0,1.04,,10.8,,2.5,,62.61,,,,,,25.11,2.03,5.26,10.28,0.0,,,0.87,,,,
16-Jan-2019,07:30,16-Jan-2019,07:45,Punjab,Patiala,"Model Town, Patiala - PPCB",0.33,120.53,,,,95.1,165.45,,,,45.9,25.9,0.0,3.8,0.0,0.99,,10.8,,2.51,,62.66,,,,,,20.57,1.82,4.96,10.3,0.0,,,0.89,,,,
16-Jan-2019,07:45,16-Jan-2019,08:00,Punjab,Patiala,"Model Town, Patiala - PPCB",0.32,246.25,,,,95.1,183.27,,,,45.9,26.5,0.0,12.5,0.0,1.26,,10.8,,2.51,,62.7,,,,,,18.98,1.81,5.35,10.31,0.0,,,0.89,,,,
16-Jan-2019,08:00,16-Jan-2019,08:15,Punjab,Patiala,"Model Town, Patiala - PPCB",0.38,121.73,,,,95.06,205.56,,,,50.2,26.8,0.0,6.5,0.0,1.22,,10.8,,2.52,,62.63,,,,,,20.99,,6.01,10.33,0.0,,,0.87,,,,
16-Jan-2019,08:15,16-Jan-2019,08:30,Punjab,Patiala,"Model Town, Patiala - PPCB",0.39,152.99,,,,95.04,231.01,,,,51.9,26.8,0.0,4.9,0.0,1.4,,10.8,,2.51,,62.68,,,,,,18.64,2.33,6.85,10.28,0.0,,,0.88,,,,
16-Jan-2019,08:30,16-Jan-2019,08:45,Punjab,Patiala,"Model Town, Patiala - PPCB",0.5,134.36,,,,94.65,247.46,,,,51.9,26.8,0.0,6.3,0.0,1.75,,10.8,,2.51,,62.64,,,,,,25.87,2.83,7.76,10.36,0.0,,,0.89,,,,
16-Jan-2019,08:45,16-Jan-2019,09:00,Punjab,Patiala,"Model Town, Patiala - PPCB",0.64,103.54,,,,90.92,234.64,,,,51.9,33.3,0.0,7.9,0.0,1.39,,10.8,,2.52,,62.6,,,,,,22.88,3.66,8.78,10.31,0.0,,,0.88,,,,
16-Jan-2019,09:00,16-Jan-2019,09:15,Punjab,Patiala,"Model Town, Patiala - PPCB",0.81,107.52,,,,86.83,324.9,,,,53.5,37.9,0.0,7.7,0.0,1.43,,10.8,,2.52,,62.67,,,,,,20.81,5.79,9.32,10.3,0.0,,,0.89,,,,
16-Jan-2019,09:15,16-Jan-2019,09:30,Punjab,Patiala,"Model Town, Patiala - PPCB",0.71,143.63,,,,84.88,333.54,,,,54.1,37.9,0.0,6.7,0.0,1.44,,10.8,,2.51,,62.69,,,,,,27.61,9.6,9.78,10.3,0.0,,,0.9,,,,
16-Jan-2019,09:30,16-Jan-2019,09:45,Punjab,Patiala,"Model Town, Patiala - PPCB",0.86,98.65,,,,83.77,316.87,,,,54.1,37.9,0.1,11.0,0.0,1.41,,10.8,,2.52,,62.64,,,,,,24.2,17.3,9.94,10.26,0.0,,,0.88,,,,
16-Jan-2019,09:45,16-Jan-2019,10:00,Punjab,Patiala,"Model Town, Patiala - PPCB",0.78,98.48,,,,79.39,368.52,,,,54.1,42.4,0.1,10.1,0.8,1.52,,10.8,,2.53,,62.72,,,,,,26.35,23.1,10.83,10.23,0.0,,,0.88,,,,
16-Jan-2019,10:00,16-Jan-2019,10:15,Punjab,Patiala,"Model Town, Patiala - PPCB",0.73,103.91,,,,76.3,489.0,,,,53.6,45.6,0.0,14.3,1.2,1.52,,11.16,,2.52,,62.68,,,,,,27.66,24.58,11.68,10.25,0.0,,,0.88,,,,
16-Jan-2019,10:15,16-Jan-2019,10:30,Punjab,Patiala,"Model Town, Patiala - PPCB",0.95,124.72,,,,72.63,395.96,,,,53.4,45.6,0.3,10.7,4.5,1.23,,14.33,,2.52,,62.61,,,,,,30.66,32.6,12.44,10.28,0.0,,,0.88,,,,
16-Jan-2019,10:30,16-Jan-2019,10:45,Punjab,Patiala,"Model Town, Patiala - PPCB",0.92,137.55,,,,70.11,445.43,,,,53.4,45.6,2.8,12.2,14.3,1.12,,15.82,,2.52,,62.63,,,,,,27.38,30.84,12.94,10.32,0.0,,,0.89,,,,
16-Jan-2019,10:45,16-Jan-2019,11:00,Punjab,Patiala,"Model Town, Patiala - PPCB",0.87,136.29,,,,67.66,497.26,,,,53.4,46.0,7.9,13.7,21.6,1.11,,16.78,,2.51,,62.64,,,,,,27.47,26.24,13.73,10.3,0.0,,,0.89,,,,
16-Jan-2019,11:00,16-Jan-2019,11:15,Punjab,Patiala,"Model Town, Patiala - PPCB",0.82,109.57,,,,65.03,361.5,,,,54.4,46.4,12.0,15.9,27.9,1.06,,17.09,,2.52,,62.64,,,,,,27.86,22.25,14.43,10.33,0.0,,,0.87,,,,
16-Jan-2019,11:15,16-Jan-2019,11:30,Punjab,Patiala,"Model Town, Patiala - PPCB",0.81,109.2,,,,64.21,361.31,,,,54.8,46.4,10.9,16.0,26.9,1.03,,16.41,,2.51,,62.63,,,,,,28.31,19.91,14.65,10.34,0.0,,,0.88,,,,
16-Jan-2019,11:30,16-Jan-2019,11:45,Punjab,Patiala,"Model Town, Patiala - PPCB",0.77,86.93,,,,61.72,438.67,,,,54.8,46.4,12.5,14.6,26.5,1.0,,18.05,,2.52,,62.61,,,,,,29.22,18.34,15.47,10.3,0.0,,,0.88,,,,
16-Jan-2019,11:45,16-Jan-2019,12:00,Punjab,Patiala,"Model Town, Patiala - PPCB",0.86,103.41,,,,58.38,495.46,,,,54.8,42.6,9.6,15.9,25.6,0.89,,18.64,,2.52,,62.64,,,,,,28.47,16.69,16.31,10.31,0.0,,,0.88,,,,
16-Jan-2019,12:00,16-Jan-2019,12:15,Punjab,Patiala,"Model Town, Patiala - PPCB",0.95,93.45,,,,56.69,492.51,,,,49.4,40.1,13.7,12.6,26.3,0.78,,20.83,,2.51,,62.61,,,,,,28.6,,16.67,10.26,0.0,,,0.89,,,,
16-Jan-2019,12:15,16-Jan-2019,12:30,Punjab,Patiala,"Model Town, Patiala - PPCB",0.92,124.93,,,,53.48,375.07,,,,47.3,40.1,11.9,14.9,26.8,0.72,,22.36,,2.5,,62.64,,,,,,27.62,25.89,16.91,10.27,0.0,,,0.89,,,,
16-Jan-2019,12:30,16-Jan-2019,12:45,Punjab,Patiala,"Model Town, Patiala - PPCB",0.82,117.49,,,,51.24,504.41,,,,47.3,40.1,11.7,20.2,31.9,0.71,,21.3,,2.51,,62.71,,,,,,27.08,20.86,17.61,10.29,0.0,,,0.9,,,,
16-Jan-2019,12:45,16-Jan-2019,13:00,Punjab,Patiala,"Model Town, Patiala - PPCB",1.06,134.38,,,,47.36,317.7,,,,47.3,40.4,12.0,16.2,28.1,0.66,,16.86,,2.52,,62.63,,,,,,28.26,19.38,17.72,10.31,0.0,,,0.89,,,,
16-Jan-2019,13:00,16-Jan-2019,13:15,Punjab,Patiala,"Model Town, Patiala - PPCB",0.95,124.56,,,,48.22,307.32,,,,46.5,40.6,13.1,16.0,27.6,0.67,,24.16,,2.51,,62.64,,,,,,26.83,19.92,17.43,10.29,0.0,,,0.91,,,,
16-Jan-2019,13:15,16-Jan-2019,13:30,Punjab,Patiala,"Model Town, Patiala - PPCB",0.76,140.7,,,,49.29,296.45,,,,46.2,40.6,18.9,18.9,36.5,0.66,,24.35,,2.51,,62.6,,,,,,28.82,27.18,17.29,10.27,0.0,,,0.9,,,,
16-Jan-2019,13:30,16-Jan-2019,13:45,Punjab,Patiala,"Model Town, Patiala - PPCB",0.89,113.45,,,,50.83,298.38,,,,46.2,40.6,15.6,25.5,39.2,0.7,,18.38,,2.51,,62.65,,,,,,28.96,21.84,17.35,10.27,0.0,,,0.88,,,,
16-Jan-2019,13:45,16-Jan-2019,14:00,Punjab,Patiala,"Model Town, Patiala - PPCB",0.81,121.79,,,,49.64,313.98,,,,46.2,38.9,34.2,23.9,55.5,0.66,,15.93,,2.52,,62.68,,,,,,25.65,18.36,17.45,10.27,0.0,,,0.89,,,,
16-Jan-2019,14:00,16-Jan-2019,14:15,Punjab,Patiala,"Model Town, Patiala - PPCB",0.73,146.79,,,,44.29,272.89,,,,48.8,37.8,13.6,21.8,23.8,0.6,,15.23,,2.52,,62.67,,,,,,21.67,18.15,18.08,10.31,0.0,,,0.89,,,,
16-Jan-2019,14:15,16-Jan-2019,14:30,Punjab,Patiala,"Model Town, Patiala - PPCB",1.05,164.53,,,,38.6,229.42,,,,49.7,37.8,11.9,20.9,22.2,0.51,,16.24,,2.52,,62.64,,,,,,27.63,13.17,17.99,10.32,0.0,,,0.88,,,,
16-Jan-2019,14:30,16-Jan-2019,14:45,Punjab,Patiala,"Model Town, Patiala - PPCB",0.89,120.1,,,,39.64,273.42,,,,49.7,37.8,44.4,18.7,57.5,0.52,,17.34,,2.51,,62.7,,,,,,32.87,10.95,17.69,10.26,0.0,,,0.89,,,,
16-Jan-2019,14:45,16-Jan-2019,15:00,Punjab,Patiala,"Model Town, Patiala - PPCB",0.68,108.3,,,,41.58,261.11,,,,49.7,35.5,48.9,20.6,63.6,0.56,,17.59,,2.52,,62.64,,,,,,33.97,10.52,17.47,10.25,0.0,,,0.89,,,,
16-Jan-2019,15:00,16-Jan-2019,15:15,Punjab,Patiala,"Model Town, Patiala - PPCB",0.69,91.65,,,,45.85,253.55,,,,51.7,33.9,22.5,26.8,47.1,0.62,,18.97,,2.53,,62.66,,,,,,26.89,9.82,17.36,10.28,0.0,,,0.89,,,,
16-Jan-2019,15:15,16-Jan-2019,15:30,Punjab,Patiala,"Model Town, Patiala - PPCB",0.67,110.53,,,,49.1,222.43,,,,52.5,33.9,26.7,22.1,46.8,0.67,,24.91,,2.53,,62.73,,,,,,28.93,10.05,17.3,10.29,0.0,,,0.89,,,,
16-Jan-2019,15:30,16-Jan-2019,15:45,Punjab,Patiala,"Model Town, Patiala - PPCB",0.5,141.28,,,,49.27,230.36,,,,52.5,33.9,15.8,19.8,34.9,0.68,,27.73,,2.52,,62.71,,,,,,29.48,10.22,17.37,10.27,0.0,,,0.89,,,,
16-Jan-2019,15:45,16-Jan-2019,16:00,Punjab,Patiala,"Model Town, Patiala - PPCB",0.51,127.75,,,,48.55,182.78,,,,52.5,32.5,20.1,21.7,41.5,0.63,,28.3,,2.53,,62.67,,,,,,26.48,9.58,17.21,10.29,0.0,,,0.89,,,,
16-Jan-2019,16:00,16-Jan-2019,16:15,Punjab,Patiala,"Model Town, Patiala - PPCB",0.47,148.55,,,,51.55,172.26,,,,54.3,31.5,15.7,16.6,30.4,0.73,,28.63,,2.53,,62.71,,,,,,29.6,,16.86,10.26,0.0,,,0.89,,,,
16-Jan-2019,16:15,16-Jan-2019,16:30,Punjab,Patiala,"Model Town, Patiala - PPCB",0.34,159.05,,,,53.39,174.34,,,,54.9,31.5,9.9,16.6,24.7,0.8,,28.33,,2.52,,62.65,,,,,,26.54,9.79,16.67,10.38,0.0,,,0.88,,,,
16-Jan-2019,16:30,16-Jan-2019,16:45,Punjab,Patiala,"Model Town, Patiala - PPCB",0.51,149.64,,,,56.25,181.71,,,,54.9,31.5,13.6,22.8,35.0,0.86,,27.07,,2.53,,62.63,,,,,,26.99,9.68,16.52,10.36,0.0,,,0.9,,,,
16-Jan-2019,16:45,16-Jan-2019,17:00,Punjab,Patiala,"Model Town, Patiala - PPCB",0.25,81.98,,,,58.3,174.26,,,,54.9,32.8,12.9,19.6,29.0,0.89,,25.84,,2.52,,62.69,,,,,,30.14,9.82,16.41,10.31,0.0,,,0.88,,,,
16-Jan-2019,17:00,16-Jan-2019,17:15,Punjab,Patiala,"Model Town, Patiala - PPCB",0.05,358.97,,,,60.64,164.78,,,,56.3,33.7,9.4,19.2,26.4,1.05,,22.09,,2.53,,62.68,,,,,,30.41,9.45,16.24,10.25,0.0,,,0.89,,,,
16-Jan-2019,17:15,16-Jan-2019,17:30,Punjab,Patiala,"Model Town, Patiala - PPCB",0.24,326.31,,,,63.63,161.56,,,,56.9,33.7,15.6,20.7,34.6,1.53,,13.4,,2.51,,62.72,,,,,,25.65,9.56,15.92,10.29,0.0,,,0.88,,,,
16-Jan-2019,17:30,16-Jan-2019,17:45,Punjab,Patiala,"Model Town, Patiala - PPCB",0.12,306.99,,,,64.91,141.81,,,,56.9,33.7,2.7,23.9,18.6,1.67,,11.34,,2.51,,62.74,,,,,,23.13,9.61,15.47,10.3,0.0,,,0.89,,,,
16-Jan-2019,17:45,16-Jan-2019,18:00,Punjab,Patiala,"Model Town, Patiala - PPCB",0.11,42.71,,,,69.52,139.43,,,,56.9,33.4,4.1,17.1,13.3,1.65,,10.84,,2.51,,62.72,,,,,,23.9,9.1,14.72,10.32,0.0,,,0.89,,,,
16-Jan-2019,18:00,16-Jan-2019,18:15,Punjab,Patiala,"Model Town, Patiala - PPCB",0.28,106.11,,,,74.01,144.31,,,,58.5,33.1,0.1,21.3,8.0,1.87,,10.8,,2.51,,62.67,,,,,,24.24,8.34,13.95,10.34,0.0,,,0.89,,,,
16-Jan-2019,18:15,16-Jan-2019,18:30,Punjab,Patiala,"Model Town, Patiala - PPCB",0.24,244.91,,,,75.8,147.7,,,,59.0,33.1,4.8,16.7,14.7,1.94,,10.8,,2.52,,62.69,,,,,,26.23,8.07,13.57,10.29,0.0,,,0.9,,,,
16-Jan-2019,18:30,16-Jan-2019,18:45,Punjab,Patiala,"Model Town, Patiala - PPCB",0.07,128.58,,,,77.19,148.25,,,,59.0,33.1,4.0,18.1,18.7,2.13,,10.8,,2.52,,62.64,,,,,,26.32,7.57,13.39,10.33,0.0,,,0.89,,,,
16-Jan-2019,18:45,16-Jan-2019,19:00,Punjab,Patiala,"Model Town, Patiala - PPCB",0.35,276.28,,,,78.6,150.01,,,,59.0,35.4,4.5,17.8,17.0,2.39,,10.8,,2.53,,62.59,,,,,,26.59,7.45,13.23,10.35,0.0,,,0.87,,,,
16-Jan-2019,19:00,16-Jan-2019,19:15,Punjab,Patiala,"Model Town, Patiala - PPCB",0.23,185.12,,,,80.7,146.73,,,,48.1,37.0,0.2,12.9,3.7,3.28,,10.8,,2.52,,62.71,,,,,,25.91,7.85,13.05,10.33,0.0,,,0.89,,,,
16-Jan-2019,19:15,16-Jan-2019,19:30,Punjab,Patiala,"Model Town, Patiala - PPCB",0.07,72.98,,,,82.66,149.66,,,,43.9,37.0,0.0,14.2,0.0,3.08,,10.8,,2.52,,62.65,,,,,,23.51,7.33,12.81,10.29,0.0,,,0.88,,,,
16-Jan-2019,19:30,16-Jan-2019,19:45,Punjab,Patiala,"Model Town, Patiala - PPCB",0.17,130.12,,,,84.15,148.66,,,,43.9,37.0,0.0,9.1,0.0,3.18,,10.8,,2.52,,62.61,,,,,,25.51,7.09,12.69,10.3,0.0,,,0.88,,,,
16-Jan-2019,19:45,16-Jan-2019,20:00,Punjab,Patiala,"Model Town, Patiala - PPCB",0.05,255.63,,,,85.16,150.0,,,,43.9,41.7,0.0,16.5,0.0,3.34,,10.8,,2.52,,62.63,,,,,,23.97,6.81,12.68,10.3,0.0,,,0.9,,,,
16-Jan-2019,20:00,16-Jan-2019,20:15,Punjab,Patiala,"Model Town, Patiala - PPCB",0.06,5.68,,,,85.84,145.22,,,,48.7,45.0,0.0,14.9,0.0,2.77,,10.8,,2.51,,62.75,,,,,,21.44,,12.53,10.28,0.0,,,0.89,,,,
16-Jan-2019,20:15,16-Jan-2019,20:30,Punjab,Patiala,"Model Town, Patiala - PPCB",0.16,285.72,,,,87.16,145.2,,,,50.5,45.0,0.0,10.0,0.0,3.51,,10.8,,2.51,,62.75,,,,,,18.32,6.25,12.37,10.25,0.0,,,0.89,,,,
16-Jan-2019,20:30,16-Jan-2019,20:45,Punjab,Patiala,"Model Town, Patiala - PPCB",0.08,129.14,,,,88.46,144.3,,,,50.5,45.0,0.0,13.1,0.0,3.28,,10.8,,2.51,,62.7,,,,,,10.41,6.2,12.11,10.3,0.0,,,0.89,,,,
16-Jan-2019,20:45,16-Jan-2019,21:00,Punjab,Patiala,"Model Town, Patiala - PPCB",0.13,249.12,,,,90.16,141.24,,,,,,0.0,9.7,0.0,3.25,,10.8,,2.51,,62.72,,,,,,13.67,5.68,11.8,10.25,0.0,,,0.89,,,,
16-Jan-2019,21:00,16-Jan-2019,21:15,Punjab,Patiala,"Model Town, Patiala - PPCB",0.07,121.26,,,,91.56,145.08,,,,66.9,60.6,0.0,12.8,0.0,3.06,,10.8,,2.51,,62.7,,,,,,10.54,5.17,11.48,10.24,0.0,,,0.87,,,,
16-Jan-2019,21:15,16-Jan-2019,21:30,Punjab,Patiala,"Model Town, Patiala - PPCB",0.34,273.04,,,,92.35,145.94,,,,72.8,60.6,0.0,10.0,0.0,3.23,,10.8,,2.52,,62.71,,,,,,11.63,4.95,11.29,10.26,0.0,,,0.87,,,,
16-Jan-2019,21:30,16-Jan-2019,21:45,Punjab,Patiala,"Model Town, Patiala - PPCB",0.08,14.46,,,,92.08,143.63,,,,72.8,60.6,0.0,10.0,0.0,3.29,,10.8,,2.52,,62.71,,,,,,17.02,4.57,11.33,10.27,0.0,,,0.9,,,,
16-Jan-2019,21:45,16-Jan-2019,22:00,Punjab,Patiala,"Model Town, Patiala - PPCB",0.35,276.24,,,,90.21,144.52,,,,72.8,62.0,0.0,7.5,0.0,2.79,,10.8,,2.51,,62.7,,,,,,20.73,4.41,11.54,10.25,0.0,,,0.9,,,,
16-Jan-2019,22:00,16-Jan-2019,22:15,Punjab,Patiala,"Model Town, Patiala - PPCB",0.13,348.67,,,,91.02,140.95,,,,73.1,63.1,0.0,18.5,0.0,1.83,,10.8,,2.52,,62.7,,,,,,17.89,3.86,11.48,10.33,0.0,,,0.9,,,,
16-Jan-2019,22:15,16-Jan-2019,22:30,Punjab,Patiala,"Model Town, Patiala - PPCB",0.12,266.68,,,,91.59,138.2,,,,73.3,63.1,0.0,15.7,0.7,1.64,,10.8,,2.52,,62.63,,,,,,22.95,3.69,11.27,10.35,0.0,,,0.91,,,,
16-Jan-2019,22:30,16-Jan-2019,22:45,Punjab,Patiala,"Model Town, Patiala - PPCB",0.17,278.75,,,,93.17,138.76,,,,73.3,63.1,0.0,8.7,0.0,1.47,,10.8,,2.5,,62.62,,,,,,23.6,3.32,11.06,10.34,0.0,,,0.9,,,,
16-Jan-2019,22:45,16-Jan-2019,23:00,Punjab,Patiala,"Model Town, Patiala - PPCB",0.15,267.15,,,,94.25,138.78,,,,73.3,61.2,0.0,17.9,0.2,1.56,,10.8,,2.52,,62.67,,,,,,23.21,3.27,10.88,10.31,0.0,,,0.89,,,,
16-Jan-2019,23:00,16-Jan-2019,23:15,Punjab,Patiala,"Model Town, Patiala - PPCB",0.39,257.06,,,,95.08,139.89,,,,72.3,59.9,0.0,20.9,1.1,1.4,,10.8,,2.52,,62.65,,,,,,21.93,3.15,10.61,10.27,0.0,,,0.88,,,,
16-Jan-2019,23:15,16-Jan-2019,23:30,Punjab,Patiala,"Model Town, Patiala - PPCB",0.29,266.15,,,,95.29,141.4,,,,72.0,59.9,0.0,20.7,2.0,1.3,,10.8,,2.52,,62.64,,,,,,20.38,2.97,10.45,10.29,0.0,,,0.88,,,,
16-Jan-2019,23:30,16-Jan-2019,23:45,Punjab,Patiala,"Model Town, Patiala - PPCB",0.28,237.72,,,,95.21,142.96,,,,72.0,59.9,0.0,11.9,0.0,1.33,,10.8,,2.53,,62.64,,,,,,20.83,2.95,10.16,10.31,0.0,,,0.89,,,,
16-Jan-2019,23:45,17-Jan-2019,00:00,Punjab,Patiala,"Model Town, Patiala - PPCB",0.22,240.63,,,,95.2,144.38,,,,72.0,56.1,0.0,15.7,1.3,1.28,,10.8,,2.53,,62.6,,,,,,23.56,2.8,10.04,10.25,0.0,,,0.88,,,,
17-Jan-2019,00:00,17-Jan-2019,00:15,Punjab,Patiala,"Model Town, Patiala - PPCB",0.1,306.49,,,,95.19,145.93,,,,61.6,53.5,0.2,18.8,2.7,1.15,,10.8,,2.52,,62.62,,,,,,21.99,,9.98,10.29,0.0,,,0.88,,,,
17-Jan-2019,00:15,17-Jan-2019,00:30,Punjab,Patiala,"Model Town, Patiala - PPCB",0.28,264.94,,,,95.17,144.02,,,,57.6,53.5,0.1,16.1,4.0,1.15,,10.8,,2.54,,62.65,,,,,,26.69,2.81,9.96,10.25,0.0,,,0.89,,,,
17-Jan-2019,00:30,17-Jan-2019,00:45,Punjab,Patiala,"Model Town, Patiala - PPCB",0.25,251.68,,,,94.98,145.34,,,,57.6,53.5,8.0,27.4,24.3,1.05,,10.8,,2.55,,62.67,,,,,,24.51,2.55,9.78,10.32,0.0,,,0.89,,,,
17-Jan-2019,00:45,17-Jan-2019,01:00,Punjab,Patiala,"Model Town, Patiala - PPCB",0.21,251.39,,,,94.96,144.35,,,,57.6,53.3,9.3,22.9,27.4,1.04,,10.8,,2.52,,62.75,,,,,,25.08,2.51,9.65,10.3,0.0,,,0.88,,,,
17-Jan-2019,01:00,17-Jan-2019,01:15,Punjab,Patiala,"Model Town, Patiala - PPCB",0.02,137.16,,,,94.95,145.19,,,,,,15.6,23.8,37.1,0.99,,10.8,,2.52,,62.72,,,,,,28.91,2.43,9.6,10.26,0.0,,,0.88,,,,
17-Jan-2019,01:15,17-Jan-2019,01:30,Punjab,Patiala,"Model Town, Patiala - PPCB",0.31,261.06,,,,94.96,147.35,,,,,,11.9,25.6,32.6,0.99,,10.8,,2.51,,62.74,,,,,,24.3,2.41,9.5,10.3,0.0,,,0.89,,,,
17-Jan-2019,01:30,17-Jan-2019,01:45,Punjab,Patiala,"Model Town, Patiala - PPCB",0.2,264.0,,,,94.95,146.57,,,,,,8.1,20.3,24.0,0.92,,10.8,,2.52,,62.65,,,,,,25.91,2.21,9.39,10.33,0.0,,,0.88,,,,
17-Jan-2019,01:45,17-Jan-2019,02:00,Punjab,Patiala,"Model Town, Patiala - PPCB",0.23,255.17,,,,94.98,149.07,,,,,,11.9,20.2,24.8,0.9,,10.8,,2.51,,62.63,,,,,,25.13,2.12,9.25,10.29,0.0,,,0.88,,,,
17-Jan-2019,02:00,17-Jan-2019,02:15,Punjab,Patiala,"Model Town, Patiala - PPCB",0.32,255.46,,,,94.98,147.72,,,,,,8.7,21.0,23.4,0.91,,10.8,,2.51,,62.65,,,,,,25.59,2.11,9.1,10.27,0.0,,,0.89,,,,
17-Jan-2019,02:15,17-Jan-2019,02:30,Punjab,Patiala,"Model Town, Patiala - PPCB",0.35,259.2,,,,94.99,149.18,,,,,,2.0,16.4,8.9,0.9,,10.8,,2.52,,62.67,,,,,,26.09,2.23,9.02,10.3,0.0,,,0.9,,,,
17-Jan-2019,02:30,17-Jan-2019,02:45,Punjab,Patiala,"Model Town, Patiala - PPCB",0.39,258.77,,,,94.99,147.86,,,,,,5.0,19.5,19.3,0.88,,10.8,,2.53,,62.66,,,,,,24.21,1.99,8.94,10.32,0.0,,,0.9,,,,
17-Jan-2019,02:45,17-Jan-2019,03:00,Punjab,Patiala,"Model Town, Patiala - PPCB",0.29,253.75,,,,94.98,148.49,,,,,,9.4,17.5,22.9,0.88,,10.8,,2.53,,62.66,,,,,,25.15,1.98,8.75,10.27,0.0,,,0.88,,,,
17-Jan-2019,03:00,17-Jan-2019,03:15,Punjab,Patiala,"Model Town, Patiala - PPCB",0.34,258.76,,,,94.98,148.7,,,,52.2,46.3,10.0,20.3,24.7,0.88,,10.8,,2.51,,62.64,,,,,,29.44,2.01,8.59,10.26,0.0,,,0.88,,,,
17-Jan-2019,03:15,17-Jan-2019,03:30,Punjab,Patiala,"Model Town, Patiala - PPCB",0.34,253.21,,,,94.99,150.64,,,,54.3,46.3,6.6,24.6,23.9,0.9,,10.8,,2.52,,62.78,,,,,,22.73,1.64,8.49,10.28,0.0,,,0.88,,,,
17-Jan-2019,03:30,17-Jan-2019,03:45,Punjab,Patiala,"Model Town, Patiala - PPCB",0.46,261.28,,,,95.0,151.47,,,,54.3,46.3,11.6,20.7,30.9,0.9,,10.8,,2.53,,62.71,,,,,,25.49,1.78,8.46,10.24,0.0,,,0.87,,,,
17-Jan-2019,03:45,17-Jan-2019,04:00,Punjab,Patiala,"Model Town, Patiala - PPCB",0.35,258.87,,,,94.99,149.37,,,,54.3,45.5,5.5,21.0,23.6,0.87,,10.8,,2.51,,62.63,,,,,,26.54,1.71,8.48,10.26,0.0,,,0.88,,,,
17-Jan-2019,04:00,17-Jan-2019,04:15,Punjab,Patiala,"Model Town, Patiala - PPCB",0.36,249.18,,,,94.99,150.8,,,,56.6,44.9,6.5,19.6,20.9,0.97,,10.8,,2.52,,62.7,,,,,,24.85,,8.35,10.28,0.0,,,0.9,,,,
17-Jan-2019,04:15,17-Jan-2019,04:30,Punjab,Patiala,"Model Town, Patiala - PPCB",0.47,263.26,,,,95.0,153.03,,,,57.4,44.9,11.8,22.2,25.8,1.18,,10.8,,2.52,,62.62,,,,,,25.52,2.3,8.31,10.31,0.0,,,0.89,,,,
17-Jan-2019,04:30,17-Jan-2019,04:45,Punjab,Patiala,"Model Town, Patiala - PPCB",0.47,272.52,,,,95.01,152.89,,,,57.4,44.9,16.5,19.0,32.4,1.25,,10.8,,2.56,,62.58,,,,,,29.1,2.48,8.24,10.29,0.0,,,0.88,,,,
17-Jan-2019,04:45,17-Jan-2019,05:00,Punjab,Patiala,"Model Town, Patiala - PPCB",0.27,272.22,,,,94.99,151.17,,,,57.4,46.7,5.2,23.1,21.9,1.2,,10.8,,2.54,,62.58,,,,,,24.84,2.47,8.28,10.29,0.0,,,0.89,,,,
17-Jan-2019,05:00,17-Jan-2019,05:15,Punjab,Patiala,"Model Town, Patiala - PPCB",0.23,199.69,,,,94.99,148.13,,,,56.3,47.9,4.3,21.3,18.6,0.97,,10.8,,2.52,,62.64,,,,,,26.85,2.27,7.95,10.3,0.0,,,0.88,,,,
17-Jan-2019,05:15,17-Jan-2019,05:30,Punjab,Patiala,"Model Town, Patiala - PPCB",0.49,259.8,,,,95.02,153.15,,,,55.9,47.9,10.4,19.5,24.0,0.99,,10.8,,2.53,,62.6,,,,,,29.72,2.15,7.78,10.3,0.0,,,0.88,,,,
17-Jan-2019,05:30,17-Jan-2019,05:45,Punjab,Patiala,"Model Town, Patiala - PPCB",0.37,266.3,,,,95.14,152.93,,,,55.9,47.9,10.8,20.4,28.4,1.07,,10.8,,2.51,,62.59,,,,,,28.34,2.23,7.89,10.35,0.0,,,0.9,,,,
17-Jan-2019,05:45,17-Jan-2019,06:00,Punjab,Patiala,"Model Town, Patiala - PPCB",0.35,242.35,,,,95.25,150.88,,,,55.9,46.5,9.5,28.0,32.9,1.1,,10.8,,2.5,,62.62,,,,,,28.29,2.39,7.9,10.42,0.0,,,0.9,,,,
17-Jan-2019,06:00,17-Jan-2019,06:15,Punjab,Patiala,"Model Town, Patiala - PPCB",0.23,180.96,,,,95.25,150.16,,,,51.0,45.5,4.7,17.3,11.8,1.1,,10.8,,2.53,,62.64,,,,,,25.43,2.26,7.34,10.33,0.0,,,0.89,,,,
17-Jan-2019,06:15,17-Jan-2019,06:30,Punjab,Patiala,"Model Town, Patiala - PPCB",0.4,246.18,,,,95.27,155.58,,,,49.1,45.5,1.7,20.0,10.6,1.15,,10.8,,2.51,,62.64,,,,,,23.93,2.35,7.21,10.3,0.0,,,0.89,,,,
17-Jan-2019,06:30,17-Jan-2019,06:45,Punjab,Patiala,"Model Town, Patiala - PPCB",0.33,253.93,,,,95.27,154.21,,,,49.1,45.5,3.9,28.1,21.5,1.17,,10.8,,2.5,,62.65,,,,,,22.71,2.19,7.18,10.32,0.0,,,0.88,,,,
17-Jan-2019,06:45,17-Jan-2019,07:00,Punjab,Patiala,"Model Town, Patiala - PPCB",0.22,237.01,,,,95.27,152.67,,,,49.1,42.4,2.7,30.0,22.0,1.25,,10.8,,2.51,,62.62,,,,,,25.89,2.44,7.03,10.31,0.0,,,0.89,,,,
17-Jan-2019,07:00,17-Jan-2019,07:15,Punjab,Patiala,"Model Town, Patiala - PPCB",0.53,264.13,,,,95.27,155.64,,,,51.8,40.2,4.1,19.3,14.4,1.4,,10.8,,2.52,,62.66,,,,,,22.68,2.45,6.89,10.32,0.0,,,0.88,,,,
17-Jan-2019,07:15,17-Jan-2019,07:30,Punjab,Patiala,"Model Town, Patiala - PPCB",0.43,268.28,,,,95.28,156.05,,,,52.8,40.2,0.4,20.3,2.4,1.55,,10.8,,2.52,,62.71,,,,,,25.53,2.61,6.95,10.3,0.0,,,0.87,,,,
17-Jan-2019,07:30,17-Jan-2019,07:45,Punjab,Patiala,"Model Town, Patiala - PPCB",0.36,264.85,,,,95.28,162.02,,,,52.8,40.2,0.0,21.7,0.7,1.51,,10.8,,2.51,,62.73,,,,,,24.54,2.78,7.02,10.29,0.0,,,0.89,,,,
17-Jan-2019,07:45,17-Jan-2019,08:00,Punjab,Patiala,"Model Town, Patiala - PPCB",0.59,252.95,,,,95.28,177.71,,,,52.8,39.4,0.0,19.3,0.0,1.53,,10.8,,2.5,,62.67,,,,,,23.1,3.09,6.81,10.25,0.0,,,0.89,,,,
17-Jan-2019,08:00,17-Jan-2019,08:15,Punjab,Patiala,"Model Town, Patiala - PPCB",0.39,276.04,,,,95.28,194.74,,,,45.4,38.9,0.0,17.4,0.3,1.45,,10.8,,2.52,,62.6,,,,,,22.73,,7.16,10.27,0.0,,,0.88,,,,
17-Jan-2019,08:15,17-Jan-2019,08:30,Punjab,Patiala,"Model Town, Patiala - PPCB",0.51,258.12,,,,95.27,215.07,,,,42.5,38.9,0.0,18.2,0.4,1.41,,10.8,,2.52,,62.68,,,,,,24.5,3.16,7.67,10.32,0.0,,,0.89,,,,
17-Jan-2019,08:30,17-Jan-2019,08:45,Punjab,Patiala,"Model Town, Patiala - PPCB",0.56,262.07,,,,95.25,230.94,,,,42.5,38.9,0.0,14.9,0.6,1.4,,10.8,,2.51,,62.64,,,,,,23.74,3.65,7.87,10.29,0.0,,,0.89,,,,
17-Jan-2019,08:45,17-Jan-2019,09:00,Punjab,Patiala,"Model Town, Patiala - PPCB",0.43,268.35,,,,95.25,228.5,,,,,,0.0,21.2,0.9,1.47,,10.8,,2.52,,62.7,,,,,,18.27,5.16,8.1,10.3,0.0,,,0.87,,,,
17-Jan-2019,09:00,17-Jan-2019,09:15,Punjab,Patiala,"Model Town, Patiala - PPCB",0.49,261.61,,,,95.19,284.41,,,,55.2,47.9,0.0,16.7,0.4,1.49,,10.8,,2.52,,62.72,,,,,,23.74,8.13,8.68,10.3,0.0,,,0.88,,,,
17-Jan-2019,09:15,17-Jan-2019,09:30,Punjab,Patiala,"Model Town, Patiala - PPCB",0.24,334.31,,,,93.52,309.09,,,,60.1,47.9,0.0,28.0,0.0,1.45,,10.8,,2.51,,62.68,,,,,,17.7,13.04,9.62,10.24,0.0,,,0.87,,,,
17-Jan-2019,09:30,17-Jan-2019,09:45,Punjab,Patiala,"Model Town, Patiala - PPCB",0.12,359.06,,,,85.85,312.0,,,,60.1,47.9,0.1,14.4,1.3,1.29,,10.8,,2.51,,62.62,,,,,,22.72,19.1,11.09,10.22,0.0,,,0.88,,,,
17-Jan-2019,09:45,17-Jan-2019,10:00,Punjab,Patiala,"Model Town, Patiala - PPCB",0.13,19.11,,,,78.16,284.4,,,,60.1,58.4,0.2,18.5,3.2,1.1,,10.8,,2.52,,62.62,,,,,,26.03,19.52,12.57,10.28,0.0,,,0.88,,,,
17-Jan-2019,10:00,17-Jan-2019,10:15,Punjab,Patiala,"Model Town, Patiala - PPCB",0.7,8.62,,,,75.41,401.07,,,,,,4.6,13.9,10.8,0.95,,11.25,,2.51,,62.64,,,,,,26.8,19.23,12.97,10.29,0.0,,,0.89,,,,
17-Jan-2019,10:15,17-Jan-2019,10:30,Punjab,Patiala,"Model Town, Patiala - PPCB",0.35,290.05,,,,72.74,301.48,,,,,,10.2,19.5,20.1,0.97,,13.63,,2.53,,62.64,,,,,,28.4,27.28,13.78,10.39,0.0,,,0.89,,,,
17-Jan-2019,10:30,17-Jan-2019,10:45,Punjab,Patiala,"Model Town, Patiala - PPCB",0.35,299.62,,,,72.43,321.68,,,,,,9.2,18.2,23.3,0.96,,13.51,,2.54,,62.66,,,,,,24.06,34.73,14.08,10.34,0.0,,,0.89,,,,
17-Jan-2019,10:45,17-Jan-2019,11:00,Punjab,Patiala,"Model Town, Patiala - PPCB",0.33,288.93,,,,70.61,400.31,,,,,,11.4,16.4,23.6,0.96,,14.59,,2.52,,62.68,,,,,,25.81,37.43,14.61,10.3,0.0,,,0.89,,,,
17-Jan-2019,11:00,17-Jan-2019,11:15,Punjab,Patiala,"Model Town, Patiala - PPCB",0.75,262.64,,,,70.27,395.78,,,,61.2,57.1,25.9,25.2,50.8,0.98,,15.24,,2.5,,62.61,,,,,,25.54,37.43,14.96,10.29,0.0,,,0.89,,,,
17-Jan-2019,11:15,17-Jan-2019,11:30,Punjab,Patiala,"Model Town, Patiala - PPCB",0.58,276.14,,,,67.67,373.41,,,,63.2,57.1,19.9,15.6,32.1,0.88,,13.31,,2.54,,62.63,,,,,,29.41,34.19,15.06,10.28,0.0,,,0.89,,,,
17-Jan-2019,11:30,17-Jan-2019,11:45,Punjab,Patiala,"Model Town, Patiala - PPCB",0.34,312.45,,,,61.44,379.0,,,,63.2,57.1,27.2,23.0,46.4,0.81,,15.53,,2.52,,62.67,,,,,,28.73,31.02,16.16,10.32,0.0,,,0.89,,,,
17-Jan-2019,11:45,17-Jan-2019,12:00,Punjab,Patiala,"Model Town, Patiala - PPCB",,,,,,,,,,,,,,,,,,,,,,,,,,,,,,,,,,,,,,,
17-Jan-2019,12:00,17-Jan-2019,12:15,Punjab,Patiala,"Model Town, Patiala - PPCB",,,,,,59.47,414.02,,,,,,26.4,19.5,40.2,0.79,,20.28,,14.22,,11.13,,,,,,29.96,23.9,16.79,10.34,0.0,,,0.88,,,,
17-Jan-2019,12:15,17-Jan-2019,12:30,Punjab,Patiala,"Model Town, Patiala - PPCB",,,,,,60.13,282.97,,,,,,14.8,20.6,30.3,0.87,,20.19,,14.22,,11.08,,,,,,25.75,26.5,16.95,10.34,0.0,,,0.88,,,,
17-Jan-2019,12:30,17-Jan-2019,12:45,Punjab,Patiala,"Model Town, Patiala - PPCB",,,,,,60.55,393.13,,,,,,19.0,29.5,46.3,0.87,,21.78,,14.22,,11.11,,,,,,28.99,27.2,17.07,10.31,0.0,,,0.88,,,,
17-Jan-2019,12:45,17-Jan-2019,13:00,Punjab,Patiala,"Model Town, Patiala - PPCB",,,,,,61.74,227.77,,,,,,14.0,24.5,33.7,0.93,,23.32,,14.22,,11.08,,,,,,30.13,27.6,17.39,10.29,0.0,,,0.89,,,,
17-Jan-2019,13:00,17-Jan-2019,13:15,Punjab,Patiala,"Model Town, Patiala - PPCB",,,,,,62.31,224.57,,,,,,11.3,27.1,31.2,0.92,,25.23,,14.22,,11.1,,,,,,25.46,21.5,17.28,10.29,0.0,,,0.89,,,,
17-Jan-2019,13:15,17-Jan-2019,13:30,Punjab,Patiala,"Model Town, Patiala - PPCB",,,,,,55.81,217.0,,,,,,10.3,32.5,37.1,0.83,,26.53,,14.21,,11.06,,,,,,24.12,17.5,17.49,10.29,0.0,,,0.88,,,,
17-Jan-2019,13:30,17-Jan-2019,13:45,Punjab,Patiala,"Model Town, Patiala - PPCB",,,,,,55.19,218.02,,,,,,48.0,23.8,70.4,0.74,,28.51,,14.21,,11.04,,,,,,30.28,16.7,17.64,10.26,0.0,,,0.89,,,,
17-Jan-2019,13:45,17-Jan-2019,14:00,Punjab,Patiala,"Model Town, Patiala - PPCB",,,,,,53.17,217.82,,,,,,20.8,23.6,43.1,0.74,,26.94,,14.22,,11.07,,,,,,25.83,14.7,17.77,10.26,0.0,,,0.9,,,,
17-Jan-2019,14:00,17-Jan-2019,14:15,Punjab,Patiala,"Model Town, Patiala - PPCB",,,,,,53.43,215.54,,,,,,19.5,26.8,44.1,0.7,,27.87,,14.23,,11.08,,,,,,27.61,13.4,17.84,10.3,0.0,,,0.9,,,,
17-Jan-2019,14:15,17-Jan-2019,14:30,Punjab,Patiala,"Model Town, Patiala - PPCB",,,,,,51.23,210.54,,,,,,21.0,18.3,37.4,0.68,,29.04,,14.22,,11.16,,,,,,27.55,12.8,18.02,10.28,0.0,,,0.89,,,,
17-Jan-2019,14:30,17-Jan-2019,14:45,Punjab,Patiala,"Model Town, Patiala - PPCB",,,,,,49.09,204.69,,,,,,18.3,24.9,43.3,0.68,,30.12,,14.21,,11.13,,,,,,27.58,12.0,17.91,10.36,0.0,,,0.91,,,,
17-Jan-2019,14:45,17-Jan-2019,15:00,Punjab,Patiala,"Model Town, Patiala - PPCB",,,,,,42.13,194.44,,,,,,13.1,22.1,35.2,0.58,,30.42,,14.21,,11.09,,,,,,26.96,10.6,17.93,10.31,0.0,,,0.91,,,,
17-Jan-2019,15:00,17-Jan-2019,15:15,Punjab,Patiala,"Model Town, Patiala - PPCB",,,,,,41.81,190.48,,,,,,25.3,21.3,46.0,0.54,,30.85,,14.22,,11.08,,,,,,27.7,11.1,18.02,10.29,0.0,,,0.9,,,,
17-Jan-2019,15:15,17-Jan-2019,15:30,Punjab,Patiala,"Model Town, Patiala - PPCB",,,,,,45.94,188.68,,,,,,14.3,19.6,33.4,0.66,,31.18,,14.21,,11.13,,,,,,26.29,14.1,17.97,10.34,0.0,,,0.89,,,,
17-Jan-2019,15:30,17-Jan-2019,15:45,Punjab,Patiala,"Model Town, Patiala - PPCB",,,,,,43.48,179.85,,,,,,6.1,21.2,24.0,0.62,,30.99,,14.22,,11.13,,,,,,26.71,13.2,17.98,10.36,0.0,,,0.88,,,,
17-Jan-2019,15:45,17-Jan-2019,16:00,Punjab,Patiala,"Model Town, Patiala - PPCB",,,,,,42.55,172.31,,,,,,7.9,26.8,31.8,0.51,,30.13,,14.23,,11.18,,,,,,24.65,11.2,17.85,10.3,0.0,,,0.9,,,,
17-Jan-2019,16:00,17-Jan-2019,16:15,Punjab,Patiala,"Model Town, Patiala - PPCB",,,,,,40.79,164.19,,,,,,22.7,18.3,36.3,0.51,,29.72,,14.23,,11.08,,,,,,27.96,6.2,17.61,10.3,0.0,,,0.88,,,,
17-Jan-2019,16:15,17-Jan-2019,16:30,Punjab,Patiala,"Model Town, Patiala - PPCB",,,,,,44.06,161.37,,,,,,25.9,26.6,48.7,0.55,,28.45,,14.21,,11.06,,,,,,29.13,8.7,17.44,10.31,0.0,,,0.88,,,,
17-Jan-2019,16:30,17-Jan-2019,16:45,Punjab,Patiala,"Model Town, Patiala - PPCB",,,,,,45.12,165.45,,,,,,10.1,25.3,30.8,0.56,,26.61,,14.2,,11.12,,,,,,27.31,8.0,17.19,10.31,0.0,,,0.89,,,,
17-Jan-2019,16:45,17-Jan-2019,17:00,Punjab,Patiala,"Model Town, Patiala - PPCB",,,,,,45.15,151.38,,,,,,20.5,20.0,37.0,0.53,,25.39,,14.21,,11.13,,,,,,27.54,7.1,16.86,10.27,0.0,,,0.89,,,,
17-Jan-2019,17:00,17-Jan-2019,17:15,Punjab,Patiala,"Model Town, Patiala - PPCB",,,,,,46.63,143.84,,,,,,14.3,24.4,31.0,0.61,,23.42,,14.21,,11.14,,,,,,26.02,6.8,16.49,10.37,0.0,,,0.9,,,,
17-Jan-2019,17:15,17-Jan-2019,17:30,Punjab,Patiala,"Model Town, Patiala - PPCB",,,,,,49.99,138.6,,,,,,26.4,15.6,37.4,0.66,,21.43,,14.23,,11.1,,,,,,26.29,7.1,15.98,10.29,0.0,,,0.9,,,,
17-Jan-2019,17:30,17-Jan-2019,17:45,Punjab,Patiala,"Model Town, Patiala - PPCB",,,,,,53.12,127.11,,,,,,24.7,29.1,51.6,0.74,,21.0,,14.23,,11.08,,,,,,24.42,8.2,15.44,10.29,0.0,,,0.89,,,,
17-Jan-2019,17:45,17-Jan-2019,18:00,Punjab,Patiala,"Model Town, Patiala - PPCB",,,,,,58.71,125.32,,,,,,13.5,18.7,26.1,0.97,,16.24,,14.22,,11.09,,,,,,30.03,7.9,14.56,10.34,0.0,,,0.89,,,,
17-Jan-2019,18:00,17-Jan-2019,18:15,Punjab,Patiala,"Model Town, Patiala - PPCB",,,,,,61.06,121.87,,,,,,14.7,15.8,24.0,0.99,,17.2,,14.23,,11.1,,,,,,28.73,8.1,14.13,10.29,0.0,,,0.89,,,,
17-Jan-2019,18:15,17-Jan-2019,18:30,Punjab,Patiala,"Model Town, Patiala - PPCB",,,,,,66.51,127.6,,,,,,37.5,16.8,50.8,1.1,,14.38,,14.22,,11.07,,,,,,28.2,7.6,13.25,10.25,0.0,,,0.89,,,,
17-Jan-2019,18:30,17-Jan-2019,18:45,Punjab,Patiala,"Model Town, Patiala - PPCB",,,,,,68.63,127.96,,,,,,30.0,23.5,49.3,0.98,,12.33,,14.21,,11.1,,,,,,33.55,7.6,12.82,10.35,0.0,,,0.89,,,,
17-Jan-2019,18:45,17-Jan-2019,19:00,Punjab,Patiala,"Model Town, Patiala - PPCB",,,,,,73.48,130.06,,,,,,13.1,19.2,28.2,1.01,,11.59,,14.22,,11.06,,,,,,25.63,7.4,12.12,10.3,0.0,,,0.89,,,,
17-Jan-2019,19:00,17-Jan-2019,19:15,Punjab,Patiala,"Model Town, Patiala - PPCB",,,,,,76.81,130.95,,,,,,5.3,25.5,20.0,1.4,,11.06,,14.22,,11.08,,,,,,22.88,7.7,11.63,10.29,0.0,,,0.89,,,,
17-Jan-2019,19:15,17-Jan-2019,19:30,Punjab,Patiala,"Model Town, Patiala - PPCB",,,,,,78.71,133.42,,,,,,10.9,25.5,28.4,1.48,,10.81,,14.22,,11.09,,,,,,25.03,7.1,11.31,10.32,0.0,,,0.87,,,,
17-Jan-2019,19:30,17-Jan-2019,19:45,Punjab,Patiala,"Model Town, Patiala - PPCB",,,,,,79.65,134.36,,,,,,3.6,24.7,16.6,1.34,,10.8,,14.22,,11.09,,,,,,21.18,7.4,11.04,10.36,0.0,,,0.88,,,,
17-Jan-2019,19:45,17-Jan-2019,20:00,Punjab,Patiala,"Model Town, Patiala - PPCB",,,,,,81.98,133.1,,,,,,3.2,22.3,17.0,1.45,,10.8,,14.2,,11.07,,,,,,22.22,7.0,10.74,10.3,0.0,,,0.87,,,,
17-Jan-2019,20:00,17-Jan-2019,20:15,Punjab,Patiala,"Model Town, Patiala - PPCB",,,,,,83.29,132.65,,,,,,0.2,14.4,4.4,1.43,,10.8,,14.21,,11.05,,,,,,24.99,4.6,10.43,10.28,0.0,,,0.88,,,,
17-Jan-2019,20:15,17-Jan-2019,20:30,Punjab,Patiala,"Model Town, Patiala - PPCB",,,,,,85.39,132.43,,,,,,1.3,21.4,9.3,1.49,,10.8,,14.22,,11.14,,,,,,26.35,6.0,10.15,10.27,0.0,,,0.91,,,,
17-Jan-2019,20:30,17-Jan-2019,20:45,Punjab,Patiala,"Model Town, Patiala - PPCB",,,,,,85.67,134.27,,,,,,0.6,13.9,4.8,1.5,,10.8,,14.21,,11.25,,,,,,26.72,4.7,10.01,10.37,0.0,,,0.89,,,,
17-Jan-2019,20:45,17-Jan-2019,21:00,Punjab,Patiala,"Model Town, Patiala - PPCB",,,,,,87.09,132.88,,,,,,0.0,14.6,1.4,1.6,,10.8,,14.22,,11.11,,,,,,24.41,4.7,9.8,10.33,0.0,,,0.89,,,,
17-Jan-2019,21:00,17-Jan-2019,21:15,Punjab,Patiala,"Model Town, Patiala - PPCB",,,,,,88.41,134.57,,,,,,0.0,20.2,5.0,1.71,,10.8,,14.23,,11.08,,,,,,24.82,4.2,9.57,10.3,0.0,,,0.88,,,,
17-Jan-2019,21:15,17-Jan-2019,21:30,Punjab,Patiala,"Model Town, Patiala - PPCB",,,,,,89.01,134.01,,,,,,0.0,15.3,0.5,2.0,,10.8,,14.22,,11.09,,,,,,22.99,4.3,9.4,10.31,0.0,,,0.88,,,,
17-Jan-2019,21:30,17-Jan-2019,21:45,Punjab,Patiala,"Model Town, Patiala - PPCB",,,,,,90.26,134.46,,,,,,0.0,13.7,0.1,1.92,,10.8,,14.23,,11.1,,,,,,24.55,3.9,9.22,10.4,0.0,,,0.9,,,,
17-Jan-2019,21:45,17-Jan-2019,22:00,Punjab,Patiala,"Model Town, Patiala - PPCB",,,,,,91.24,136.83,,,,,,0.0,13.1,0.0,1.78,,10.8,,14.24,,11.07,,,,,,23.34,3.6,9.04,10.34,0.0,,,0.9,,,,
17-Jan-2019,22:00,17-Jan-2019,22:15,Punjab,Patiala,"Model Town, Patiala - PPCB",,,,,,92.38,134.85,,,,,,0.0,15.4,0.2,1.52,,10.8,,14.21,,11.06,,,,,,22.26,3.3,8.88,10.26,0.0,,,0.91,,,,
17-Jan-2019,22:15,17-Jan-2019,22:30,Punjab,Patiala,"Model Town, Patiala - PPCB",,,,,,92.88,138.64,,,,,,0.0,10.1,0.0,1.38,,10.8,,14.2,,11.09,,,,,,24.0,2.8,8.8,10.32,0.0,,,0.89,,,,
17-Jan-2019,22:30,17-Jan-2019,22:45,Punjab,Patiala,"Model Town, Patiala - PPCB",,,,,,94.31,138.04,,,,,,0.0,20.2,5.1,1.35,,10.8,,14.22,,11.11,,,,,,24.15,2.7,8.59,10.34,0.0,,,0.89,,,,
17-Jan-2019,22:45,17-Jan-2019,23:00,Punjab,Patiala,"Model Town, Patiala - PPCB",,,,,,94.92,138.84,,,,,,0.0,12.4,1.2,1.3,,10.8,,14.22,,11.06,,,,,,23.98,2.6,8.44,10.3,0.0,,,0.88,,,,
17-Jan-2019,23:00,17-Jan-2019,23:15,Punjab,Patiala,"Model Town, Patiala - PPCB",,,,,,94.63,134.61,,,,,,0.3,16.6,7.1,1.15,,10.8,,14.24,,11.09,,,,,,24.36,2.4,8.64,10.29,0.0,,,0.88,,,,
17-Jan-2019,23:15,17-Jan-2019,23:30,Punjab,Patiala,"Model Town, Patiala - PPCB",,,,,,94.59,141.79,,,,,,0.0,14.3,5.1,1.05,,10.8,,14.22,,11.04,,,,,,26.24,2.2,8.43,10.28,0.0,,,0.87,,,,
17-Jan-2019,23:30,17-Jan-2019,23:45,Punjab,Patiala,"Model Town, Patiala - PPCB",,,,,,94.24,137.48,,,,,,0.5,19.0,7.1,0.95,,10.8,,14.22,,11.08,,,,,,24.08,2.2,8.83,10.29,0.0,,,0.88,,,,
17-Jan-2019,23:45,18-Jan-2019,00:00,Punjab,Patiala,"Model Town, Patiala - PPCB",,,,,,92.47,137.39,,,,,,0.0,13.7,3.0,0.9,,10.8,,14.22,,11.13,,,,,,27.05,2.4,9.32,10.4,0.0,,,0.88,,,,
18-Jan-2019,00:00,18-Jan-2019,00:15,Punjab,Patiala,"Model Town, Patiala - PPCB",,,,,,92.41,135.3,,,,,75.2,1.7,13.8,8.5,0.9,,10.8,,14.24,,11.11,,,,,,26.34,,9.39,10.33,0.0,,,0.89,,,,
18-Jan-2019,00:15,18-Jan-2019,00:30,Punjab,Patiala,"Model Town, Patiala - PPCB",,,,,,93.7,134.11,,,,,75.2,6.4,21.4,24.0,0.93,,10.8,,14.21,,11.13,,,,,,23.16,,9.38,10.26,0.0,,,0.9,,,,
18-Jan-2019,00:30,18-Jan-2019,00:45,Punjab,Patiala,"Model Town, Patiala - PPCB",,,,,,94.61,134.38,,,,,75.2,4.7,13.6,13.6,0.92,,10.8,,14.22,,11.11,,,,,,27.21,,9.28,10.32,0.0,,,0.88,,,,
18-Jan-2019,00:45,18-Jan-2019,01:00,Punjab,Patiala,"Model Town, Patiala - PPCB",,,,,,94.91,138.11,,,,,80.0,9.5,14.8,17.0,0.89,,10.8,,14.24,,11.07,,,,,,26.08,,8.88,10.3,0.0,,,0.9,,,,
18-Jan-2019,01:00,18-Jan-2019,01:15,Punjab,Patiala,"Model Town, Patiala - PPCB",,,,,,94.96,140.67,,,,,83.2,10.6,20.2,29.2,0.87,,10.8,,14.22,,11.08,,,,,,28.43,,8.52,10.28,0.0,,,0.89,,,,
18-Jan-2019,01:15,18-Jan-2019,01:30,Punjab,Patiala,"Model Town, Patiala - PPCB",,,,,,95.12,143.76,,,,,83.2,14.1,23.3,33.8,0.88,,10.8,,14.22,,11.07,,,,,,28.56,,8.19,10.28,0.0,,,0.89,,,,
18-Jan-2019,01:30,18-Jan-2019,01:45,Punjab,Patiala,"Model Town, Patiala - PPCB",,,,,,95.23,146.67,,,,,83.2,1.1,21.8,11.0,0.89,,10.8,,14.24,,11.05,,,,,,22.81,,7.99,10.29,0.0,,,0.89,,,,
18-Jan-2019,01:45,18-Jan-2019,02:00,Punjab,Patiala,"Model Town, Patiala - PPCB",,,,,,95.23,149.25,,,,,82.0,8.7,20.5,20.9,0.98,,10.8,,14.24,,11.06,,,,,,26.7,,7.86,10.28,0.0,,,0.88,,,,
18-Jan-2019,02:00,18-Jan-2019,02:15,Punjab,Patiala,"Model Town, Patiala - PPCB",,,,,,95.23,149.05,,,,,81.1,8.2,30.5,32.5,0.93,,10.8,,14.22,,11.06,,,,,,25.38,,7.88,10.31,0.0,,,0.88,,,,
18-Jan-2019,02:15,18-Jan-2019,02:30,Punjab,Patiala,"Model Town, Patiala - PPCB",,,,,,95.23,146.75,,,,,81.1,7.3,27.4,30.4,0.93,,10.8,,14.21,,11.17,,,,,,21.85,,7.81,10.28,0.0,,,0.9,,,,
18-Jan-2019,02:30,18-Jan-2019,02:45,Punjab,Patiala,"Model Town, Patiala - PPCB",,,,,,95.23,147.56,,,,,81.1,3.5,22.2,13.6,0.88,,10.8,,14.2,,11.11,,,,,,24.67,,7.71,10.23,0.0,,,0.9,,,,
18-Jan-2019,02:45,18-Jan-2019,03:00,Punjab,Patiala,"Model Town, Patiala - PPCB",,,,,,95.23,147.35,,,,,79.2,0.2,20.7,8.6,0.85,,10.8,,14.22,,11.04,,,,,,23.1,,7.53,10.25,0.0,,,0.89,,,,
18-Jan-2019,03:00,18-Jan-2019,03:15,Punjab,Patiala,"Model Town, Patiala - PPCB",,,,,,95.25,151.38,,,,,77.8,15.7,16.3,26.5,0.91,,10.8,,14.21,,11.04,,,,,,30.44,,7.39,10.27,0.0,,,0.88,,,,
18-Jan-2019,03:15,18-Jan-2019,03:30,Punjab,Patiala,"Model Town, Patiala - PPCB",,,,,,95.26,150.74,,,,,77.8,10.4,33.0,32.4,0.93,,10.8,,14.21,,11.1,,,,,,22.69,,7.49,10.29,0.0,,,0.89,,,,
18-Jan-2019,03:30,18-Jan-2019,03:45,Punjab,Patiala,"Model Town, Patiala - PPCB",,,,,,95.27,148.3,,,,,77.8,28.3,23.9,46.7,0.93,,10.8,,14.22,,11.2,,,,,,25.11,,7.51,10.36,0.0,,,0.88,,,,
18-Jan-2019,03:45,18-Jan-2019,04:00,Punjab,Patiala,"Model Town, Patiala - PPCB",,,,,,95.28,150.93,,,,,77.5,26.8,29.2,49.2,0.92,,10.8,,14.22,,11.11,,,,,,25.08,,7.37,10.29,0.0,,,0.9,,,,
18-Jan-2019,04:00,18-Jan-2019,04:15,Punjab,Patiala,"Model Town, Patiala - PPCB",,,,,,95.27,147.53,,,,,77.3,7.9,25.0,22.5,0.92,,10.8,,14.22,,11.08,,,,,,25.22,,7.46,10.29,0.0,,,0.9,,,,
18-Jan-2019,04:15,18-Jan-2019,04:30,Punjab,Patiala,"Model Town, Patiala - PPCB",,,,,,95.26,147.0,,,,,77.3,7.0,22.5,19.9,0.99,,10.8,,14.21,,11.06,,,,,,25.19,,7.65,10.28,0.0,,,0.89,,,,
18-Jan-2019,04:30,18-Jan-2019,04:45,Punjab,Patiala,"Model Town, Patiala - PPCB",,,,,,95.25,148.77,,,,,77.3,4.8,23.4,20.0,0.95,,10.8,,14.22,,11.11,,,,,,27.08,,7.62,10.4,0.0,,,0.88,,,,
18-Jan-2019,04:45,18-Jan-2019,05:00,Punjab,Patiala,"Model Town, Patiala - PPCB",,,,,,95.25,147.19,,,,,81.5,18.4,32.2,42.5,0.9,,10.8,,14.22,,11.1,,,,,,25.76,,7.74,10.33,0.0,,,0.88,,,,
18-Jan-2019,05:00,18-Jan-2019,05:15,Punjab,Patiala,"Model Town, Patiala - PPCB",,,,,,95.24,145.77,,,,,84.5,5.0,27.3,21.2,0.89,,10.8,,14.22,,11.12,,,,,,30.56,,7.41,10.3,0.0,,,0.88,,,,
18-Jan-2019,05:15,18-Jan-2019,05:30,Punjab,Patiala,"Model Town, Patiala - PPCB",,,,,,95.25,148.0,,,,,84.5,15.5,26.0,32.2,0.89,,10.8,,14.21,,11.05,,,,,,29.79,,7.21,10.25,0.0,,,0.89,,,,
18-Jan-2019,05:30,18-Jan-2019,05:45,Punjab,Patiala,"Model Town, Patiala - PPCB",,,,,,95.25,148.53,,,,,84.5,8.6,16.6,19.4,0.87,,10.8,,14.21,,11.07,,,,,,27.26,,7.08,10.31,0.0,,,0.88,,,,
18-Jan-2019,05:45,18-Jan-2019,06:00,Punjab,Patiala,"Model Town, Patiala - PPCB",,,,,,95.26,151.85,,,,,81.1,5.7,23.2,19.8,0.85,,10.8,,14.21,,11.1,,,,,,26.9,,6.77,10.27,0.0,,,0.89,,,,
18-Jan-2019,06:00,18-Jan-2019,06:15,Punjab,Patiala,"Model Town, Patiala - PPCB",,,,,,95.14,154.36,,,,,78.7,6.8,23.7,23.5,0.86,,10.8,,14.22,,11.1,,,,,,28.1,,6.33,10.26,0.0,,,0.89,,,,
18-Jan-2019,06:15,18-Jan-2019,06:30,Punjab,Patiala,"Model Town, Patiala - PPCB",,,,,,95.06,149.48,,,,,78.7,14.5,22.6,31.0,0.87,,10.8,,14.22,,11.08,,,,,,23.1,,6.07,10.33,0.0,,,0.89,,,,
18-Jan-2019,06:30,18-Jan-2019,06:45,Punjab,Patiala,"Model Town, Patiala - PPCB",,,,,,95.05,149.97,,,,,78.7,33.2,20.4,48.6,0.85,,10.8,,14.22,,11.11,,,,,,27.1,,5.87,10.33,0.0,,,0.89,,,,
18-Jan-2019,06:45,18-Jan-2019,07:00,Punjab,Patiala,"Model Town, Patiala - PPCB",,,,,,95.04,150.6,,,,,77.4,14.2,19.3,22.7,0.97,,10.8,,14.21,,11.13,,,,,,25.94,,5.5,10.29,0.0,,,0.89,,,,
18-Jan-2019,07:00,18-Jan-2019,07:15,Punjab,Patiala,"Model Town, Patiala - PPCB",,,,,,95.04,151.89,,,,,76.4,8.3,25.9,26.9,1.04,,10.8,,14.23,,11.17,,,,,,28.53,,5.35,10.26,0.0,,,0.88,,,,
18-Jan-2019,07:15,18-Jan-2019,07:30,Punjab,Patiala,"Model Town, Patiala - PPCB",,,,,,95.05,156.4,,,,,76.4,8.8,20.2,19.1,1.08,,10.8,,14.22,,11.1,,,,,,26.31,,5.24,10.24,0.0,,,0.89,,,,
18-Jan-2019,07:30,18-Jan-2019,07:45,Punjab,Patiala,"Model Town, Patiala - PPCB",,,,,,95.06,166.03,,,,,76.4,3.8,18.8,17.5,1.19,,10.8,,14.23,,11.07,,,,,,26.76,,5.12,10.24,0.0,,,0.89,,,,
18-Jan-2019,07:45,18-Jan-2019,08:00,Punjab,Patiala,"Model Town, Patiala - PPCB",,,,,,95.07,180.33,,,,,75.2,0.4,25.2,13.4,1.47,,10.8,,14.21,,11.11,,,,,,24.28,,4.98,10.25,0.0,,,0.9,,,,
18-Jan-2019,08:00,18-Jan-2019,08:15,Punjab,Patiala,"Model Town, Patiala - PPCB",,,,,,95.08,194.35,,,,,74.4,0.1,32.4,12.9,1.24,,10.8,,14.2,,11.1,,,,,,17.51,,5.11,10.3,0.0,,,0.89,,,,
18-Jan-2019,08:15,18-Jan-2019,08:30,Punjab,Patiala,"Model Town, Patiala - PPCB",,,,,,95.1,229.52,,,,,74.4,4.7,22.2,16.8,1.16,,10.8,,14.21,,11.1,,,,,,23.93,,5.59,10.31,0.0,,,0.88,,,,
18-Jan-2019,08:30,18-Jan-2019,08:45,Punjab,Patiala,"Model Town, Patiala - PPCB",,,,,,95.1,256.89,,,,,74.4,10.4,26.0,31.2,1.23,,10.8,,14.2,,11.09,,,,,,24.32,,6.47,10.25,0.0,,,0.88,,,,
18-Jan-2019,08:45,18-Jan-2019,09:00,Punjab,Patiala,"Model Town, Patiala - PPCB",,,,,,95.07,278.14,,,,,86.9,0.8,16.5,3.5,1.3,,10.8,,14.2,,11.05,,,,,,26.05,,6.94,10.23,0.0,,,0.89,,,,
18-Jan-2019,09:00,18-Jan-2019,09:15,Punjab,Patiala,"Model Town, Patiala - PPCB",,,,,,95.06,320.59,,,,,95.6,1.4,22.3,10.5,1.41,,10.8,,14.21,,11.19,,,,,,24.65,,7.11,10.26,0.0,,,0.89,,,,
18-Jan-2019,09:15,18-Jan-2019,09:30,Punjab,Patiala,"Model Town, Patiala - PPCB",,,,,,95.06,275.14,,,,,95.6,0.5,16.9,2.0,1.34,,10.8,,14.21,,11.14,,,,,,25.65,,6.54,10.34,0.0,,,0.89,,,,
18-Jan-2019,09:30,18-Jan-2019,09:45,Punjab,Patiala,"Model Town, Patiala - PPCB",,,,,,95.07,285.13,,,,,95.6,0.6,21.2,6.1,1.4,,10.8,,14.22,,11.09,,,,,,24.77,,6.86,10.35,0.0,,,0.88,,,,
18-Jan-2019,09:45,18-Jan-2019,10:00,Punjab,Patiala,"Model Town, Patiala - PPCB",,,,,,95.03,368.36,,,,,105.8,0.4,24.1,11.1,1.43,,10.8,,14.23,,11.1,,,,,,23.21,,8.13,10.28,0.0,,,0.89,,,,
18-Jan-2019,10:00,18-Jan-2019,10:15,Punjab,Patiala,"Model Town, Patiala - PPCB",,,,,,94.59,414.49,,,,,112.9,0.8,16.4,6.4,1.2,,11.22,,14.21,,11.04,,,,,,26.55,,8.9,10.25,0.0,,,0.9,,,,
18-Jan-2019,10:15,18-Jan-2019,10:30,Punjab,Patiala,"Model Town, Patiala - PPCB",,,,,,91.03,337.49,,,,114.7,112.9,1.2,26.4,15.1,1.23,,12.82,,14.21,,11.07,,,,,,27.41,14.7,9.78,10.24,0.0,,,0.9,,,,
18-Jan-2019,10:30,18-Jan-2019,10:45,Punjab,Patiala,"Model Town, Patiala - PPCB",,,,,,93.48,325.98,,,,,112.9,1.3,21.7,13.8,1.14,,13.57,,14.23,,11.09,,,,,,23.63,,9.62,10.27,0.0,,,0.89,,,,
18-Jan-2019,10:45,18-Jan-2019,11:00,Punjab,Patiala,"Model Town, Patiala - PPCB",,,,,,91.89,442.94,,,,,105.4,6.8,16.7,21.9,1.16,,14.93,,14.22,,11.06,,,,,,26.87,,10.56,10.26,0.0,,,0.88,,,,
18-Jan-2019,11:00,18-Jan-2019,11:15,Punjab,Patiala,"Model Town, Patiala - PPCB",,,,,,83.21,443.24,,,,,100.1,15.9,17.2,33.1,1.14,,16.56,,14.23,,11.04,,,,,,27.52,,12.56,10.33,0.0,,,0.87,,,,
18-Jan-2019,11:15,18-Jan-2019,11:30,Punjab,Patiala,"Model Town, Patiala - PPCB",,,,,,76.86,404.65,,,,,100.1,8.4,14.6,23.0,1.07,,19.03,,14.23,,11.07,,,,,,27.86,,14.23,10.3,0.0,,,0.88,,,,
18-Jan-2019,11:30,18-Jan-2019,11:45,Punjab,Patiala,"Model Town, Patiala - PPCB",,,,,,71.64,386.85,,,,,100.1,4.8,16.8,21.6,0.97,,21.46,,14.21,,11.07,,,,,,27.39,,15.07,10.28,0.0,,,0.89,,,,
18-Jan-2019,11:45,18-Jan-2019,12:00,Punjab,Patiala,"Model Town, Patiala - PPCB",,,,,,66.4,559.37,,,,,95.1,9.0,13.3,22.3,0.92,,23.61,,14.22,,11.08,,,,,,28.47,,16.09,10.29,0.0,,,0.9,,,,
18-Jan-2019,12:00,18-Jan-2019,12:15,Punjab,Patiala,"Model Town, Patiala - PPCB",,,,,,63.3,465.73,,,,187.5,91.6,7.4,16.4,23.8,0.8,,24.73,,14.22,,11.07,,,,,,28.44,9.9,16.88,10.28,0.0,,,0.88,,,,
18-Jan-2019,12:15,18-Jan-2019,12:30,Punjab,Patiala,"Model Town, Patiala - PPCB",,,,,,63.98,212.02,,,,216.3,91.6,12.3,17.2,29.5,0.88,,20.3,,14.2,,11.05,,,,,,28.51,14.3,16.77,10.28,0.0,,,0.89,,,,
18-Jan-2019,12:30,18-Jan-2019,12:45,Punjab,Patiala,"Model Town, Patiala - PPCB",,,,,,62.2,434.93,,,,216.3,91.6,9.5,14.3,23.7,0.66,,,,14.2,,11.09,,,,,,28.8,,17.38,10.31,0.0,,,0.9,,,,
18-Jan-2019,12:45,18-Jan-2019,13:00,Punjab,Patiala,"Model Town, Patiala - PPCB",,,,,,60.48,192.61,,,,216.3,90.1,12.3,18.3,30.6,0.75,,,,14.21,,11.15,,,,,,26.19,7.8,17.14,10.3,0.0,,,0.88,,,,
18-Jan-2019,13:00,18-Jan-2019,13:15,Punjab,Patiala,"Model Town, Patiala - PPCB",,,,,,58.09,181.44,,,,212.8,89.1,15.5,12.6,28.1,0.71,,23.28,,14.21,,11.06,,,,,,29.12,15.1,17.77,10.3,0.0,,,0.88,,,,
18-Jan-2019,13:15,18-Jan-2019,13:30,Punjab,Patiala,"Model Town, Patiala - PPCB",,,,,,57.99,191.96,,,,212.3,89.1,18.1,16.8,34.9,0.67,,,,14.23,,11.04,,,,,,27.76,12.8,17.93,10.26,0.0,,,0.89,,,,
18-Jan-2019,13:30,18-Jan-2019,13:45,Punjab,Patiala,"Model Town, Patiala - PPCB",,,,,,56.22,193.09,,,,212.3,89.1,21.2,17.4,38.6,0.63,,,,14.22,,11.1,,,,,,28.64,7.4,18.22,10.23,0.0,,,0.88,,,,
18-Jan-2019,13:45,18-Jan-2019,14:00,Punjab,Patiala,"Model Town, Patiala - PPCB",,,,,,56.28,198.91,,,,212.3,85.4,13.7,19.4,33.1,0.56,,,,14.2,,11.15,,,,,,26.68,6.5,18.14,10.33,0.0,,,0.88,,,,
18-Jan-2019,14:00,18-Jan-2019,14:15,Punjab,Patiala,"Model Town, Patiala - PPCB",,,,,,54.98,214.85,,,,,82.8,15.5,14.8,29.5,0.51,,,,14.2,,11.13,,,,,,29.07,5.5,18.27,10.29,0.0,,,0.88,,,,
18-Jan-2019,14:15,18-Jan-2019,14:30,Punjab,Patiala,"Model Town, Patiala - PPCB",,,,,,56.09,186.57,,,,,82.8,13.7,15.7,27.4,0.48,,11.22,,14.21,,11.11,,,,,,29.83,5.3,18.2,10.34,0.0,,,0.88,,,,
18-Jan-2019,14:30,18-Jan-2019,14:45,Punjab,Patiala,"Model Town, Patiala - PPCB",,,,,,53.81,185.78,,,,,82.8,23.8,26.7,50.1,0.47,,14.81,,14.21,,11.09,,,,,,25.86,,18.42,10.32,0.0,,,0.87,,,,
18-Jan-2019,14:45,18-Jan-2019,15:00,Punjab,Patiala,"Model Town, Patiala - PPCB",,,,,,52.51,184.53,,,,,70.1,22.7,28.0,48.0,0.43,,20.16,,14.22,,11.14,,,,,,24.82,,18.49,10.33,0.0,,,0.88,,,,
18-Jan-2019,15:00,18-Jan-2019,15:15,Punjab,Patiala,"Model Town, Patiala - PPCB",,,,,,50.49,179.66,,,,,61.3,37.0,26.4,59.7,0.41,,17.6,,14.25,,11.13,,,,,,27.58,,18.57,10.27,0.0,,,0.89,,,,
18-Jan-2019,15:15,18-Jan-2019,15:30,Punjab,Patiala,"Model Town, Patiala - PPCB",0.66,265.43,,,,52.53,187.37,,,,,27.6,20.2,38.0,56.9,,,,,2.51,,62.65,,,,,,28.02,,18.43,10.34,0.0,,,0.9,,,,
18-Jan-2019,15:30,18-Jan-2019,15:45,Punjab,Patiala,"Model Town, Patiala - PPCB",1.03,252.98,,,,53.69,190.02,,,,87.1,27.6,25.5,21.3,40.5,0.37,,20.25,,2.52,,62.68,,,,,,26.29,4.23,18.55,10.31,0.0,,,0.89,,,,
18-Jan-2019,15:45,18-Jan-2019,16:00,Punjab,Patiala,"Model Town, Patiala - PPCB",1.22,260.41,,,,49.99,181.97,,,,150.8,26.2,23.2,28.7,49.4,0.36,,20.99,,2.52,,62.7,,,,,,22.19,4.16,18.66,10.32,0.0,,,0.89,,,,
18-Jan-2019,16:00,18-Jan-2019,16:15,Punjab,Patiala,"Model Town, Patiala - PPCB",1.3,251.56,,,,48.45,169.53,,,,150.8,25.2,25.6,25.8,45.3,0.38,,21.31,,2.51,,62.66,,,,,,31.22,,18.46,10.26,0.0,,,0.89,,,,
18-Jan-2019,16:15,18-Jan-2019,16:30,Punjab,Patiala,"Model Town, Patiala - PPCB",1.05,258.32,,,,51.25,164.69,,,,150.8,25.2,40.9,22.0,60.7,0.41,,21.22,,2.52,,62.67,,,,,,27.77,3.1,18.23,10.34,0.0,,,0.89,,,,
18-Jan-2019,16:30,18-Jan-2019,16:45,Punjab,Patiala,"Model Town, Patiala - PPCB",0.86,255.12,,,,54.26,166.37,,,,121.7,25.2,38.3,23.1,60.4,0.43,,20.25,,2.51,,62.64,,,,,,27.52,3.33,17.99,10.32,0.0,,,0.89,,,,
18-Jan-2019,16:45,18-Jan-2019,17:00,Punjab,Patiala,"Model Town, Patiala - PPCB",0.91,251.53,,,,56.19,148.84,,,,100.4,24.1,7.5,15.8,20.6,0.47,,18.76,,2.52,,62.6,,,,,,27.25,3.27,17.56,10.3,0.0,,,0.9,,,,
18-Jan-2019,17:00,18-Jan-2019,17:15,Punjab,Patiala,"Model Town, Patiala - PPCB",0.89,251.04,,,,58.11,151.45,,,,100.4,23.3,14.6,20.9,32.9,0.53,,15.11,,2.52,,62.6,,,,,,29.27,3.24,17.07,10.31,0.0,,,0.89,,,,
18-Jan-2019,17:15,18-Jan-2019,17:30,Punjab,Patiala,"Model Town, Patiala - PPCB",0.59,255.26,,,,61.15,142.52,,,,100.4,23.3,20.7,22.1,36.9,0.68,,12.08,,2.5,,62.58,,,,,,31.19,3.06,16.71,10.3,0.0,,,0.88,,,,
18-Jan-2019,17:30,18-Jan-2019,17:45,Punjab,Patiala,"Model Town, Patiala - PPCB",0.61,252.27,,,,64.89,133.4,,,,82.9,23.3,23.6,21.9,44.8,0.81,,9.09,,2.51,,62.65,,,,,,28.37,3.19,16.14,10.43,0.0,,,0.89,,,,
18-Jan-2019,17:45,18-Jan-2019,18:00,Punjab,Patiala,"Model Town, Patiala - PPCB",0.74,252.04,,,,67.05,131.08,,,,70.2,21.4,15.4,19.1,33.1,0.74,,9.84,,2.52,,62.6,,,,,,28.19,3.13,15.61,10.29,0.0,,,0.88,,,,
18-Jan-2019,18:00,18-Jan-2019,18:15,Punjab,Patiala,"Model Town, Patiala - PPCB",0.74,256.44,,,,67.46,132.1,,,,70.2,20.1,19.0,21.9,40.9,0.72,,11.29,,2.53,,62.64,,,,,,27.61,3.31,15.3,10.26,0.0,,,0.89,,,,
18-Jan-2019,18:15,18-Jan-2019,18:30,Punjab,Patiala,"Model Town, Patiala - PPCB",0.86,256.19,,,,67.67,133.29,,,,70.2,20.1,14.9,23.6,38.4,0.68,,12.06,,2.53,,62.64,,,,,,27.49,3.08,15.1,10.33,0.0,,,0.9,,,,
18-Jan-2019,18:30,18-Jan-2019,18:45,Punjab,Patiala,"Model Town, Patiala - PPCB",0.93,251.97,,,,67.75,137.12,,,,52.6,20.1,16.6,18.8,35.2,0.68,,13.76,,2.52,,62.63,,,,,,27.56,3.63,14.88,10.26,0.0,,,0.89,,,,
18-Jan-2019,18:45,18-Jan-2019,19:00,Punjab,Patiala,"Model Town, Patiala - PPCB",0.81,255.09,,,,69.06,133.26,,,,39.8,20.7,6.5,17.1,21.9,0.72,,13.44,,2.52,,62.67,,,,,,28.75,4.3,14.55,10.25,0.0,,,0.88,,,,
18-Jan-2019,19:00,18-Jan-2019,19:15,Punjab,Patiala,"Model Town, Patiala - PPCB",0.43,253.37,,,,71.51,128.5,,,,39.8,21.0,10.9,21.5,32.2,0.74,,9.98,,2.52,,62.66,,,,,,27.06,3.82,14.1,10.25,0.0,,,0.88,,,,
18-Jan-2019,19:15,18-Jan-2019,19:30,Punjab,Patiala,"Model Town, Patiala - PPCB",0.51,244.93,,,,74.18,129.35,,,,39.8,21.0,14.9,18.7,32.5,0.84,,3.46,,2.53,,62.7,,,,,,27.17,3.41,13.59,10.27,0.0,,,0.88,,,,
18-Jan-2019,19:30,18-Jan-2019,19:45,Punjab,Patiala,"Model Town, Patiala - PPCB",0.99,249.16,,,,74.8,137.78,,,,36.0,21.0,17.4,18.6,35.9,0.86,,7.99,,2.52,,62.7,,,,,,27.89,3.63,13.45,10.36,0.0,,,0.9,,,,
18-Jan-2019,19:45,18-Jan-2019,20:00,Punjab,Patiala,"Model Town, Patiala - PPCB",0.72,248.32,,,,75.96,143.71,,,,33.2,21.5,14.0,20.6,33.0,0.93,,7.92,,2.51,,62.66,,,,,,28.72,3.63,13.37,10.27,0.0,,,0.89,,,,
18-Jan-2019,20:00,18-Jan-2019,20:15,Punjab,Patiala,"Model Town, Patiala - PPCB",0.07,231.63,,,,78.51,148.17,,,,33.2,21.8,9.6,22.3,31.8,0.93,,7.34,,2.53,,62.66,,,,,,26.37,,13.14,10.3,0.0,,,0.89,,,,
18-Jan-2019,20:15,18-Jan-2019,20:30,Punjab,Patiala,"Model Town, Patiala - PPCB",0.3,235.81,,,,79.22,143.4,,,,33.2,21.8,16.1,22.8,38.8,0.97,,2.45,,2.52,,62.63,,,,,,27.25,3.58,12.88,10.29,0.0,,,0.89,,,,
18-Jan-2019,20:30,18-Jan-2019,20:45,Punjab,Patiala,"Model Town, Patiala - PPCB",0.3,237.12,,,,78.31,148.58,,,,27.7,21.8,16.0,15.8,31.1,0.92,,2.35,,2.51,,62.66,,,,,,28.87,3.42,12.85,10.32,0.0,,,0.88,,,,
18-Jan-2019,20:45,18-Jan-2019,21:00,Punjab,Patiala,"Model Town, Patiala - PPCB",0.26,233.58,,,,79.54,146.33,,,,,23.6,11.6,16.6,26.6,0.86,,2.15,,2.53,,62.68,,,,,,26.85,,12.64,10.31,0.0,,,0.88,,,,
18-Jan-2019,21:00,18-Jan-2019,21:15,Punjab,Patiala,"Model Town, Patiala - PPCB",0.34,249.15,,,,80.49,134.68,,,,,24.9,13.1,21.0,33.9,0.88,,1.26,,2.53,,62.64,,,,,,28.35,,12.44,10.26,0.0,,,0.88,,,,
18-Jan-2019,21:15,18-Jan-2019,21:30,Punjab,Patiala,"Model Town, Patiala - PPCB",0.76,251.02,,,,78.26,133.68,,,,,24.9,5.0,14.6,14.8,0.87,,3.17,,2.54,,62.7,,,,,,27.74,,12.45,10.28,0.0,,,0.89,,,,
18-Jan-2019,21:30,18-Jan-2019,21:45,Punjab,Patiala,"Model Town, Patiala - PPCB",0.28,238.43,,,,79.21,131.37,,,,,24.9,1.1,17.4,7.1,0.8,,4.29,,2.53,,62.71,,,,,,24.97,,12.24,10.28,0.0,,,0.88,,,,
18-Jan-2019,21:45,18-Jan-2019,22:00,Punjab,Patiala,"Model Town, Patiala - PPCB",0.11,98.33,,,,83.78,135.23,,,,,25.1,17.6,21.4,36.0,0.74,,5.84,,2.53,,62.69,,,,,,26.37,,11.57,10.26,0.0,,,0.89,,,,
18-Jan-2019,22:00,18-Jan-2019,22:15,Punjab,Patiala,"Model Town, Patiala - PPCB",0.12,148.99,,,,86.74,136.96,,,,,25.2,7.0,22.4,25.3,0.84,,1.2,,2.53,,62.69,,,,,,24.19,,11.1,10.3,0.0,,,0.89,,,,
18-Jan-2019,22:15,18-Jan-2019,22:30,Punjab,Patiala,"Model Town, Patiala - PPCB",0.07,167.26,,,,89.27,135.92,,,,,25.2,8.2,16.6,20.6,0.8,,1.33,,2.52,,62.68,,,,,,28.17,,10.72,10.27,0.0,,,0.88,,,,
18-Jan-2019,22:30,18-Jan-2019,22:45,Punjab,Patiala,"Model Town, Patiala - PPCB",0.22,176.58,,,,91.51,137.93,,,,,25.2,3.8,12.3,10.3,0.9,,0.91,,2.51,,62.68,,,,,,26.24,,10.45,10.34,0.0,,,0.9,,,,
18-Jan-2019,22:45,18-Jan-2019,23:00,Punjab,Patiala,"Model Town, Patiala - PPCB",0.32,232.08,,,,91.54,132.81,,,,,24.3,0.0,18.8,2.4,0.89,,1.21,,2.53,,62.8,,,,,,22.0,,10.3,10.29,0.0,,,0.9,,,,
18-Jan-2019,23:00,18-Jan-2019,23:15,Punjab,Patiala,"Model Town, Patiala - PPCB",0.24,249.61,,,,89.08,134.88,,,,,23.6,7.8,19.5,18.3,0.84,,3.0,,2.52,,62.7,,,,,,26.59,,10.53,10.36,0.0,,,0.88,,,,
18-Jan-2019,23:15,18-Jan-2019,23:30,Punjab,Patiala,"Model Town, Patiala - PPCB",0.21,124.55,,,,92.35,140.24,,,,,23.6,13.7,27.8,36.9,0.85,,2.22,,2.53,,62.63,,,,,,25.0,,10.08,10.3,0.0,,,0.88,,,,
18-Jan-2019,23:30,18-Jan-2019,23:45,Punjab,Patiala,"Model Town, Patiala - PPCB",0.11,189.77,,,,94.34,147.12,,,,,23.6,9.2,28.0,28.7,0.84,,1.84,,2.52,,62.59,,,,,,24.39,,9.86,10.35,0.0,,,0.88,,,,
18-Jan-2019,23:45,19-Jan-2019,00:00,Punjab,Patiala,"Model Town, Patiala - PPCB",0.2,266.19,,,,94.36,147.02,,,,,23.0,8.1,18.5,16.3,1.05,,0.56,,2.52,,62.61,,,,,,25.14,,9.89,10.34,0.0,,,0.89,,,,
19-Jan-2019,00:00,19-Jan-2019,00:15,Punjab,Patiala,"Model Town, Patiala - PPCB",0.19,238.85,,,,93.22,150.03,,,,,22.5,3.9,23.3,14.0,0.81,,0.06,,2.53,,62.64,,,,,,22.84,,10.09,10.31,0.0,,,0.89,,,,
19-Jan-2019,00:15,19-Jan-2019,00:30,Punjab,Patiala,"Model Town, Patiala - PPCB",0.18,157.66,,,,93.06,149.48,,,,,22.5,0.5,28.7,11.8,0.8,,0.6,,2.51,,62.67,,,,,,23.97,,10.11,10.37,0.0,,,0.89,,,,
19-Jan-2019,00:30,19-Jan-2019,00:45,Punjab,Patiala,"Model Town, Patiala - PPCB",0.23,214.18,,,,92.21,149.8,,,,,22.5,0.1,22.1,5.1,0.72,,4.3,,2.5,,62.63,,,,,,21.71,,10.23,10.34,0.0,,,0.88,,,,
19-Jan-2019,00:45,19-Jan-2019,01:00,Punjab,Patiala,"Model Town, Patiala - PPCB",0.32,234.5,,,,92.04,150.01,,,,,25.4,2.9,23.0,13.9,0.75,,3.07,,2.51,,62.63,,,,,,24.8,,10.25,10.26,0.0,,,0.89,,,,
19-Jan-2019,01:00,19-Jan-2019,01:15,Punjab,Patiala,"Model Town, Patiala - PPCB",0.1,117.71,,,,92.6,142.3,,,,,27.4,6.4,22.0,21.5,0.73,,4.0,,2.51,,62.59,,,,,,23.31,,10.16,10.27,0.0,,,0.88,,,,
19-Jan-2019,01:15,19-Jan-2019,01:30,Punjab,Patiala,"Model Town, Patiala - PPCB",0.1,256.34,,,,93.95,149.76,,,,,27.4,6.3,23.8,16.9,0.77,,2.48,,2.52,,62.62,,,,,,26.44,,10.04,10.27,0.0,,,0.9,,,,
19-Jan-2019,01:30,19-Jan-2019,01:45,Punjab,Patiala,"Model Town, Patiala - PPCB",0.36,244.74,,,,94.61,154.19,,,,,27.4,3.0,16.0,11.5,0.84,,0.35,,2.52,,62.68,,,,,,25.62,,9.88,10.29,0.0,,,0.9,,,,
19-Jan-2019,01:45,19-Jan-2019,02:00,Punjab,Patiala,"Model Town, Patiala - PPCB",0.23,224.4,,,,94.89,154.58,,,,,26.2,4.2,16.2,10.2,0.77,,0.75,,2.51,,62.67,,,,,,28.77,,9.89,10.3,0.0,,,0.89,,,,
19-Jan-2019,02:00,19-Jan-2019,02:15,Punjab,Patiala,"Model Town, Patiala - PPCB",0.18,189.46,,,,94.65,155.19,,,,,25.3,4.8,22.5,23.1,0.73,,1.18,,2.51,,62.69,,,,,,25.74,,9.9,10.32,0.0,,,0.89,,,,
19-Jan-2019,02:15,19-Jan-2019,02:30,Punjab,Patiala,"Model Town, Patiala - PPCB",0.16,220.42,,,,94.61,150.09,,,,,25.3,6.1,21.1,23.0,0.71,,1.43,,2.52,,62.7,,,,,,27.55,,9.96,10.29,0.0,,,0.9,,,,
19-Jan-2019,02:30,19-Jan-2019,02:45,Punjab,Patiala,"Model Town, Patiala - PPCB",0.27,160.4,,,,94.87,153.75,,,,,25.3,8.8,15.1,22.3,0.71,,0.8,,2.51,,62.66,,,,,,26.48,,9.8,10.29,0.0,,,0.89,,,,
19-Jan-2019,02:45,19-Jan-2019,03:00,Punjab,Patiala,"Model Town, Patiala - PPCB",0.25,245.51,,,,94.57,153.75,,,,,25.8,8.2,14.2,19.9,0.69,,1.69,,2.53,,62.68,,,,,,27.55,,9.84,10.27,0.0,,,0.89,,,,
19-Jan-2019,03:00,19-Jan-2019,03:15,Punjab,Patiala,"Model Town, Patiala - PPCB",0.23,167.03,,,,94.6,146.61,,,,,26.2,14.7,17.8,32.0,0.67,,2.5,,2.52,,62.68,,,,,,25.79,,9.81,10.27,0.0,,,0.89,,,,
19-Jan-2019,03:15,19-Jan-2019,03:30,Punjab,Patiala,"Model Town, Patiala - PPCB",0.16,232.2,,,,94.87,141.82,,,,,26.2,6.5,15.0,20.2,0.66,,2.66,,2.52,,62.73,,,,,,26.48,,9.65,10.36,0.0,,,0.88,,,,
19-Jan-2019,03:30,19-Jan-2019,03:45,Punjab,Patiala,"Model Town, Patiala - PPCB",0.33,202.77,,,,94.88,141.72,,,,,26.2,8.6,16.3,23.5,0.65,,2.18,,2.5,,62.72,,,,,,28.49,,9.36,10.29,0.0,,,0.88,,,,
19-Jan-2019,03:45,19-Jan-2019,04:00,Punjab,Patiala,"Model Town, Patiala - PPCB",0.14,194.49,,,,94.88,149.48,,,,,23.9,11.1,21.3,31.2,0.66,,2.74,,2.51,,62.63,,,,,,26.21,,9.26,10.27,0.0,,,0.89,,,,
19-Jan-2019,04:00,19-Jan-2019,04:15,Punjab,Patiala,"Model Town, Patiala - PPCB",0.37,239.64,,,,94.88,151.42,,,,,22.4,2.5,19.0,18.7,0.69,,3.26,,2.51,,62.62,,,,,,25.76,,9.34,10.31,0.0,,,0.9,,,,
19-Jan-2019,04:15,19-Jan-2019,04:30,Punjab,Patiala,"Model Town, Patiala - PPCB",0.51,240.49,,,,93.22,154.54,,,,,22.4,10.5,20.6,29.6,0.76,,3.25,,2.51,,62.62,,,,,,25.31,,9.66,10.3,0.0,,,0.89,,,,
19-Jan-2019,04:30,19-Jan-2019,04:45,Punjab,Patiala,"Model Town, Patiala - PPCB",0.11,206.93,,,,94.67,152.01,,,,,22.4,14.1,23.0,36.8,0.76,,2.39,,2.52,,62.65,,,,,,28.89,,9.53,10.3,0.0,,,0.88,,,,
19-Jan-2019,04:45,19-Jan-2019,05:00,Punjab,Patiala,"Model Town, Patiala - PPCB",0.2,227.06,,,,94.87,152.25,,,,,24.0,8.5,14.3,20.9,0.78,,1.32,,2.52,,62.71,,,,,,29.37,,9.45,10.25,0.0,,,0.89,,,,
19-Jan-2019,05:00,19-Jan-2019,05:15,Punjab,Patiala,"Model Town, Patiala - PPCB",0.32,247.58,,,,94.73,155.48,,,,,25.2,2.0,23.5,21.2,0.84,,0.66,,2.52,,62.69,,,,,,26.06,,9.46,10.29,0.0,,,0.89,,,,
19-Jan-2019,05:15,19-Jan-2019,05:30,Punjab,Patiala,"Model Town, Patiala - PPCB",0.15,254.41,,,,94.43,155.73,,,,,25.2,5.0,23.5,25.8,0.88,,0.88,,2.54,,62.61,,,,,,26.46,,9.56,10.27,0.0,,,0.89,,,,
19-Jan-2019,05:30,19-Jan-2019,05:45,Punjab,Patiala,"Model Town, Patiala - PPCB",0.63,257.36,,,,91.55,158.17,,,,,25.2,15.3,19.3,32.1,0.89,,1.46,,2.53,,62.63,,,,,,28.27,,9.82,10.39,0.0,,,0.89,,,,
19-Jan-2019,05:45,19-Jan-2019,06:00,Punjab,Patiala,"Model Town, Patiala - PPCB",0.47,271.33,,,,87.85,158.14,,,,,25.3,11.7,17.7,28.1,0.88,,2.89,,2.52,,62.69,,,,,,26.65,,10.22,10.4,0.0,,,0.88,,,,
19-Jan-2019,06:00,19-Jan-2019,06:15,Punjab,Patiala,"Model Town, Patiala - PPCB",0.38,252.47,,,,88.52,157.25,,,,,25.3,11.4,12.6,22.3,0.9,,3.42,,2.51,,62.65,,,,,,30.46,,10.15,10.36,0.0,,,0.89,,,,
19-Jan-2019,06:15,19-Jan-2019,06:30,Punjab,Patiala,"Model Town, Patiala - PPCB",0.31,269.94,,,,89.27,156.11,,,,,25.3,14.0,17.5,27.7,0.94,,2.82,,2.51,,62.64,,,,,,29.32,,10.06,10.28,0.0,,,0.91,,,,
19-Jan-2019,06:30,19-Jan-2019,06:45,Punjab,Patiala,"Model Town, Patiala - PPCB",0.62,249.59,,,,89.53,154.29,,,,,25.3,10.2,15.6,24.6,0.97,,2.27,,2.52,,62.63,,,,,,29.13,,9.94,10.28,0.0,,,0.91,,,,
19-Jan-2019,06:45,19-Jan-2019,07:00,Punjab,Patiala,"Model Town, Patiala - PPCB",0.58,249.69,,,,91.52,148.94,,,,,27.2,2.6,15.5,14.2,1.0,,1.32,,2.53,,62.71,,,,,,27.27,,9.65,10.31,0.0,,,0.91,,,,
19-Jan-2019,07:00,19-Jan-2019,07:15,Punjab,Patiala,"Model Town, Patiala - PPCB",0.51,245.07,,,,92.97,146.83,,,,,28.4,10.8,22.0,31.8,0.99,,0.72,,2.52,,62.69,,,,,,27.01,,9.48,10.35,0.0,,,0.89,,,,
19-Jan-2019,07:15,19-Jan-2019,07:30,Punjab,Patiala,"Model Town, Patiala - PPCB",0.04,206.59,,,,94.6,143.69,,,,,28.4,2.9,14.4,12.2,1.02,,0.29,,2.52,,62.67,,,,,,28.32,,9.21,10.3,0.0,,,0.89,,,,
19-Jan-2019,07:30,19-Jan-2019,07:45,Punjab,Patiala,"Model Town, Patiala - PPCB",0.3,211.43,,,,95.01,161.55,,,,,28.4,3.1,15.0,5.2,1.18,,0.11,,2.52,,62.6,,,,,,24.89,,8.97,10.3,0.0,,,0.91,,,,
19-Jan-2019,07:45,19-Jan-2019,08:00,Punjab,Patiala,"Model Town, Patiala - PPCB",0.64,252.73,,,,95.03,189.53,,,,,28.0,1.0,19.7,10.2,1.14,,0.43,,2.5,,62.64,,,,,,25.81,,9.22,10.25,0.0,,,0.9,,,,
19-Jan-2019,08:00,19-Jan-2019,08:15,Punjab,Patiala,"Model Town, Patiala - PPCB",0.3,270.95,,,,92.91,222.51,,,,,27.6,0.2,22.8,12.1,1.01,,1.1,,2.51,,62.63,,,,,,24.11,,9.97,10.24,0.0,,,0.88,,,,
19-Jan-2019,08:15,19-Jan-2019,08:30,Punjab,Patiala,"Model Town, Patiala - PPCB",0.27,296.89,,,,86.82,257.37,,,,,27.6,0.1,21.5,3.6,1.12,,0.95,,2.51,,62.67,,,,,,27.86,,11.13,10.26,0.0,,,0.88,,,,
19-Jan-2019,08:30,19-Jan-2019,08:45,Punjab,Patiala,"Model Town, Patiala - PPCB",0.42,266.89,,,,83.61,212.13,,,,,27.6,3.5,24.2,19.8,1.15,,1.91,,2.53,,62.65,,,,,,22.05,,11.66,10.3,0.0,,,0.89,,,,
19-Jan-2019,08:45,19-Jan-2019,09:00,Punjab,Patiala,"Model Town, Patiala - PPCB",0.85,252.0,,,,83.55,256.22,,,,,31.7,0.4,21.9,7.1,1.23,,3.5,,2.53,,62.78,,,,,,24.57,,11.75,10.35,0.0,,,0.89,,,,
19-Jan-2019,09:00,19-Jan-2019,09:15,Punjab,Patiala,"Model Town, Patiala - PPCB",0.57,258.61,,,,81.03,297.95,,,,,34.5,10.5,25.1,28.5,1.13,,4.69,,2.51,,62.7,,,,,,26.45,,12.37,10.28,0.0,,,0.89,,,,
19-Jan-2019,09:15,19-Jan-2019,09:30,Punjab,Patiala,"Model Town, Patiala - PPCB",0.73,255.53,,,,79.68,293.25,,,,,34.5,10.4,26.3,26.8,1.16,,4.49,,2.53,,62.66,,,,,,25.05,,12.78,10.23,0.0,,,0.9,,,,
19-Jan-2019,09:30,19-Jan-2019,09:45,Punjab,Patiala,"Model Town, Patiala - PPCB",0.95,251.22,,,,79.53,309.81,,,,,34.5,4.7,20.5,13.3,1.12,,10.35,,2.52,,62.66,,,,,,27.06,,13.07,10.29,0.0,,,0.88,,,,
19-Jan-2019,09:45,19-Jan-2019,10:00,Punjab,Patiala,"Model Town, Patiala - PPCB",1.0,252.6,,,,77.07,343.65,,,,,39.9,3.8,20.8,9.7,1.09,,4.53,,2.52,,62.62,,,,,,23.52,,13.69,10.28,0.0,,,0.9,,,,
19-Jan-2019,10:00,19-Jan-2019,10:15,Punjab,Patiala,"Model Town, Patiala - PPCB",1.02,256.6,,,,73.42,422.95,,,,,43.6,4.6,16.3,13.1,1.06,,6.29,,2.52,,62.59,,,,,,25.85,,14.47,10.24,0.0,,,0.89,,,,
19-Jan-2019,10:15,19-Jan-2019,10:30,Punjab,Patiala,"Model Town, Patiala - PPCB",1.09,257.84,,,,66.47,317.0,,,,,43.6,6.3,16.7,21.9,1.02,,8.7,,2.52,,62.72,,,,,,26.9,,15.22,10.3,0.0,,,0.88,,,,
19-Jan-2019,10:30,19-Jan-2019,10:45,Punjab,Patiala,"Model Town, Patiala - PPCB",1.1,255.98,,,,63.81,331.03,,,,,43.6,11.5,21.8,33.3,0.95,,10.87,,2.51,,62.7,,,,,,27.39,,15.77,10.35,0.0,,,0.91,,,,
19-Jan-2019,10:45,19-Jan-2019,11:00,Punjab,Patiala,"Model Town, Patiala - PPCB",0.97,260.0,,,,62.99,429.13,,,,,43.1,11.2,18.6,29.5,0.95,,9.27,,2.51,,62.68,,,,,,27.32,,16.21,10.28,0.0,,,0.91,,,,
19-Jan-2019,11:00,19-Jan-2019,11:15,Punjab,Patiala,"Model Town, Patiala - PPCB",,,,,,,,,,,,,,,,,,,,,,,,,,,,,,,,,,,,,,,
19-Jan-2019,11:15,19-Jan-2019,11:30,Punjab,Patiala,"Model Town, Patiala - PPCB",,,,,,,,,,,,,,,,,,,,,,,,,,,,,,,,,,,,,,,
19-Jan-2019,11:30,19-Jan-2019,11:45,Punjab,Patiala,"Model Town, Patiala - PPCB",1.04,257.28,,,,57.3,338.84,,,,,42.8,21.6,21.1,42.4,0.91,,3.41,,2.54,,62.69,,,,,,25.8,,17.46,10.33,0.0,,,0.88,,,,
19-Jan-2019,11:45,19-Jan-2019,12:00,Punjab,Patiala,"Model Town, Patiala - PPCB",1.2,254.59,,,,51.76,506.15,,,,,39.2,23.1,17.7,27.7,,,,,0.0,,0.0,,,,,,28.7,,18.66,0.0,0.0,,,0.0,,,,
19-Jan-2019,12:00,19-Jan-2019,12:15,Punjab,Patiala,"Model Town, Patiala - PPCB",1.02,256.91,,,,49.7,506.98,,,,,36.8,44.7,25.3,66.3,0.66,,8.51,,0.23,,5.57,,,,,,27.2,,18.89,0.92,0.0,,,0.08,,,,
19-Jan-2019,12:15,19-Jan-2019,12:30,Punjab,Patiala,"Model Town, Patiala - PPCB",0.92,252.54,,,,50.37,218.16,,,,,36.8,48.9,37.3,84.2,0.67,,11.04,,2.58,,62.63,,,,,,29.47,,19.61,10.3,0.0,,,0.87,,,,
19-Jan-2019,12:30,19-Jan-2019,12:45,Punjab,Patiala,"Model Town, Patiala - PPCB",1.06,250.36,,,,50.53,388.13,,,,,36.8,33.5,19.9,49.0,0.66,,18.34,,2.58,,62.65,,,,,,27.74,,19.66,10.27,0.0,,,0.87,,,,
19-Jan-2019,12:45,19-Jan-2019,13:00,Punjab,Patiala,"Model Town, Patiala - PPCB",0.93,258.12,,,,48.85,247.24,,,,,37.1,17.7,15.8,27.7,0.62,,24.36,,2.54,,62.66,,,,,,28.53,,19.77,10.31,0.0,,,0.88,,,,
19-Jan-2019,13:00,19-Jan-2019,13:15,Punjab,Patiala,"Model Town, Patiala - PPCB",1.21,257.66,,,,44.87,222.46,,,,78.5,37.3,29.3,24.8,52.3,0.53,,24.86,,2.51,,62.71,,,,,,25.4,6.01,19.78,10.29,0.0,,,0.88,,,,
19-Jan-2019,13:15,19-Jan-2019,13:30,Punjab,Patiala,"Model Town, Patiala - PPCB",1.37,252.9,,,,42.39,238.64,,,,78.5,37.3,27.9,17.4,43.0,0.45,,26.2,,2.52,,62.71,,,,,,30.69,5.52,19.87,10.27,0.0,,,0.88,,,,
19-Jan-2019,13:30,19-Jan-2019,13:45,Punjab,Patiala,"Model Town, Patiala - PPCB",0.98,260.47,,,,42.87,269.96,,,,78.5,37.3,20.9,27.5,47.7,0.43,,23.74,,2.51,,62.68,,,,,,27.05,4.91,19.98,10.27,0.0,,,0.88,,,,
19-Jan-2019,13:45,19-Jan-2019,14:00,Punjab,Patiala,"Model Town, Patiala - PPCB",0.5,284.31,,,,43.28,269.19,,,,79.1,33.2,,,,0.45,,24.95,,2.51,,62.64,,,,,,,4.76,20.09,10.28,0.0,,,0.88,,,,
19-Jan-2019,14:00,19-Jan-2019,14:15,Punjab,Patiala,"Model Town, Patiala - PPCB",1.04,253.67,,,,45.75,245.75,,,,80.2,30.3,,,,0.52,,19.8,,2.52,,62.69,,,,,,,4.7,19.75,10.28,0.0,,,0.89,,,,
19-Jan-2019,14:15,19-Jan-2019,14:30,Punjab,Patiala,"Model Town, Patiala - PPCB",0.64,267.67,,,,48.62,220.4,,,,80.2,30.3,,,,0.46,,18.64,,2.57,,62.64,,,,,,,4.61,19.4,10.26,0.0,,,0.89,,,,
19-Jan-2019,14:30,19-Jan-2019,14:45,Punjab,Patiala,"Model Town, Patiala - PPCB",0.61,260.31,,,,51.63,225.91,,,,80.2,30.3,,,,0.51,,22.36,,2.53,,62.62,,,,,,,4.45,19.3,10.32,0.0,,,0.91,,,,
19-Jan-2019,14:45,19-Jan-2019,15:00,Punjab,Patiala,"Model Town, Patiala - PPCB",0.92,253.65,,,,51.98,225.39,,,,77.8,29.7,,,,0.52,,20.57,,2.52,,62.67,,,,,,,4.34,19.33,10.29,0.0,,,0.91,,,,
19-Jan-2019,15:00,19-Jan-2019,15:15,Punjab,Patiala,"Model Town, Patiala - PPCB",1.0,257.91,,,,51.26,215.44,,,,,29.2,,,,0.53,,22.43,,2.52,,62.61,,,,,,,4.11,19.26,10.29,0.0,,,0.89,,,,
19-Jan-2019,15:15,19-Jan-2019,15:30,Punjab,Patiala,"Model Town, Patiala - PPCB",1.02,251.67,,,,51.07,213.42,,,,,,,,,0.55,,24.49,,2.51,,62.58,,,,,,,4.29,19.03,10.35,0.0,,,0.88,,,,
19-Jan-2019,15:30,19-Jan-2019,15:45,Punjab,Patiala,"Model Town, Patiala - PPCB",0.57,258.22,,,,53.29,196.71,,,,,,,,,0.61,,21.26,,2.51,,62.71,,,,,,,4.54,18.89,10.32,0.0,,,0.89,,,,
19-Jan-2019,15:45,19-Jan-2019,16:00,Punjab,Patiala,"Model Town, Patiala - PPCB",0.41,256.25,,,,53.73,170.39,,,,,,,,,,,18.64,,2.51,,62.58,,,,,,,,19.13,10.37,0.0,,,0.89,,,,
19-Jan-2019,16:00,19-Jan-2019,16:15,Punjab,Patiala,"Model Town, Patiala - PPCB",0.97,250.7,,,,52.98,171.99,,,,,0.0,,,,0.61,,22.41,,2.53,,62.66,,,,,,,4.4,19.09,10.37,0.0,,,0.89,,,,
19-Jan-2019,16:15,19-Jan-2019,16:30,Punjab,Patiala,"Model Town, Patiala - PPCB",1.09,253.34,,,,54.22,171.45,,,,,,,,,0.62,,24.35,,2.53,,62.7,,,,,,,4.69,18.73,10.3,0.0,,,0.88,,,,
19-Jan-2019,16:30,19-Jan-2019,16:45,Punjab,Patiala,"Model Town, Patiala - PPCB",0.72,255.23,,,,55.4,177.88,,,,51.0,,,,,0.63,,21.4,,2.52,,62.7,,,,,,,4.86,18.56,10.28,0.0,,,0.88,,,,
19-Jan-2019,16:45,19-Jan-2019,17:00,Punjab,Patiala,"Model Town, Patiala - PPCB",1.1,251.73,,,,56.8,183.51,,,,51.0,0.0,,,,0.64,,18.59,,2.51,,62.62,,,,,,,4.7,18.66,10.28,0.0,,,0.88,,,,
19-Jan-2019,17:00,19-Jan-2019,17:15,Punjab,Patiala,"Model Town, Patiala - PPCB",0.94,250.71,,,,59.65,150.76,,,,51.0,0.0,,,,0.69,,15.74,,2.52,,62.63,,,,,,,4.74,18.32,10.27,0.0,,,0.88,,,,
19-Jan-2019,17:15,19-Jan-2019,17:30,Punjab,Patiala,"Model Town, Patiala - PPCB",0.31,261.93,,,,62.47,131.04,,,,51.0,,,,,0.73,,12.36,,2.53,,62.65,,,,,,,4.79,17.64,10.31,0.0,,,0.88,,,,
19-Jan-2019,17:30,19-Jan-2019,17:45,Punjab,Patiala,"Model Town, Patiala - PPCB",0.14,184.19,,,,67.15,130.19,,,,51.0,,,,,0.83,,8.15,,2.51,,62.61,,,,,,,4.69,16.75,10.28,0.0,,,0.88,,,,
19-Jan-2019,17:45,19-Jan-2019,18:00,Punjab,Patiala,"Model Town, Patiala - PPCB",0.18,281.04,,,,71.82,126.63,,,,51.0,,,,,0.91,,6.56,,2.5,,62.64,,,,,,,,15.96,10.32,0.0,,,0.88,,,,
19-Jan-2019,18:00,19-Jan-2019,18:15,Punjab,Patiala,"Model Town, Patiala - PPCB",0.23,304.97,,,,75.48,131.49,,,,51.0,12.7,,,,1.11,,4.69,,2.52,,62.68,,,,,,,3.56,15.34,10.27,0.0,,,0.9,,,,
19-Jan-2019,18:15,19-Jan-2019,18:30,Punjab,Patiala,"Model Town, Patiala - PPCB",0.06,40.61,,,,79.11,130.28,,,,52.6,25.0,,,,2.05,,0.53,,2.53,,62.64,,,,,,,3.91,14.73,10.25,0.0,,,0.89,,,,
19-Jan-2019,18:30,19-Jan-2019,18:45,Punjab,Patiala,"Model Town, Patiala - PPCB",0.18,267.51,,,,82.88,131.49,,,,71.2,25.0,,,,1.82,,0.12,,2.52,,62.6,,,,,,,3.56,14.15,10.26,0.0,,,0.88,,,,
19-Jan-2019,18:45,19-Jan-2019,19:00,Punjab,Patiala,"Model Town, Patiala - PPCB",0.11,67.0,,,,85.39,132.95,,,,71.2,32.9,,,,1.92,,2.55,,2.52,,62.63,,,,,,,3.46,13.81,10.29,0.0,,,0.9,,,,
19-Jan-2019,19:00,19-Jan-2019,19:15,Punjab,Patiala,"Model Town, Patiala - PPCB",0.11,288.07,,,,86.96,134.19,,,,88.0,35.9,,,,1.9,,5.1,,2.52,,62.72,,,,,,,3.16,13.59,10.28,0.0,,,0.89,,,,
19-Jan-2019,19:15,19-Jan-2019,19:30,Punjab,Patiala,"Model Town, Patiala - PPCB",0.22,249.09,,,,87.54,131.87,,,,100.9,35.9,,,,1.87,,5.1,,2.51,,62.71,,,,,,,2.94,13.35,10.29,0.0,,,0.89,,,,
19-Jan-2019,19:30,19-Jan-2019,19:45,Punjab,Patiala,"Model Town, Patiala - PPCB",0.12,92.99,,,,90.63,137.06,,,,98.5,35.9,,,,1.88,,5.15,,2.51,,62.64,,,,,,,2.72,13.05,10.34,0.0,,,0.88,,,,
19-Jan-2019,19:45,19-Jan-2019,20:00,Punjab,Patiala,"Model Town, Patiala - PPCB",0.18,240.67,,,,92.01,133.73,,,,98.5,35.9,,,,1.89,,5.16,,2.53,,62.66,,,,,,,2.47,12.82,10.44,0.0,,,0.89,,,,
19-Jan-2019,20:00,19-Jan-2019,20:15,Punjab,Patiala,"Model Town, Patiala - PPCB",0.08,324.21,,,,92.99,136.67,,,,98.5,35.8,12.6,27.0,28.5,1.76,,5.11,,2.52,,62.66,,,,,,25.64,,12.62,10.33,0.0,,,0.89,,,,
19-Jan-2019,20:15,19-Jan-2019,20:30,Punjab,Patiala,"Model Town, Patiala - PPCB",0.06,98.53,,,,95.09,138.29,,,,98.4,35.8,7.9,34.6,17.4,1.8,,5.1,,2.51,,62.7,,,,,,19.05,2.73,12.43,10.28,0.0,,,0.89,,,,
19-Jan-2019,20:30,19-Jan-2019,20:45,Punjab,Patiala,"Model Town, Patiala - PPCB",0.1,267.87,,,,95.23,138.12,,,,97.2,35.8,20.3,29.5,34.8,2.06,,5.1,,2.51,,62.69,,,,,,21.24,2.67,12.23,10.29,0.0,,,0.89,,,,
19-Jan-2019,20:45,19-Jan-2019,21:00,Punjab,Patiala,"Model Town, Patiala - PPCB",0.09,229.39,,,,95.19,140.58,,,,97.2,37.4,35.3,61.3,73.9,2.3,,5.1,,2.5,,62.63,,,,,,24.45,2.83,12.05,10.33,0.0,,,0.89,,,,
19-Jan-2019,21:00,19-Jan-2019,21:15,Punjab,Patiala,"Model Town, Patiala - PPCB",0.04,216.99,,,,95.17,140.46,,,,97.2,37.9,46.5,68.5,101.2,2.39,,5.13,,2.52,,62.61,,,,,,24.19,2.71,11.93,10.26,0.0,,,0.9,,,,
19-Jan-2019,21:15,19-Jan-2019,21:30,Punjab,Patiala,"Model Town, Patiala - PPCB",0.23,238.14,,,,95.17,143.91,,,,97.4,37.9,24.3,47.9,51.2,2.68,,5.24,,2.53,,62.66,,,,,,22.68,2.66,11.73,10.27,0.0,,,0.9,,,,
19-Jan-2019,21:30,19-Jan-2019,21:45,Punjab,Patiala,"Model Town, Patiala - PPCB",0.09,247.97,,,,95.16,146.33,,,,98.8,37.9,54.6,51.3,86.9,2.6,,5.18,,2.52,,62.71,,,,,,29.95,2.66,11.62,10.31,0.0,,,0.9,,,,
19-Jan-2019,21:45,19-Jan-2019,22:00,Punjab,Patiala,"Model Town, Patiala - PPCB",0.15,204.78,,,,94.97,149.27,,,,98.8,43.1,45.6,33.7,68.9,2.48,,5.11,,2.53,,62.63,,,,,,27.68,2.51,11.52,10.27,0.0,,,0.89,,,,
19-Jan-2019,22:00,19-Jan-2019,22:15,Punjab,Patiala,"Model Town, Patiala - PPCB",0.1,124.02,,,,94.96,149.99,,,,98.8,45.1,29.4,39.6,50.8,2.32,,5.21,,2.52,,62.62,,,,,,23.79,2.23,11.46,10.31,0.0,,,0.89,,,,
19-Jan-2019,22:15,19-Jan-2019,22:30,Punjab,Patiala,"Model Town, Patiala - PPCB",0.16,208.42,,,,94.94,148.79,,,,99.7,45.1,94.6,70.2,151.3,2.19,,5.16,,2.52,,62.66,,,,,,26.48,2.19,11.46,10.29,0.0,,,0.89,,,,
19-Jan-2019,22:30,19-Jan-2019,22:45,Punjab,Patiala,"Model Town, Patiala - PPCB",0.2,239.6,,,,94.93,147.63,,,,108.0,45.1,61.4,44.9,93.3,2.09,,5.1,,2.52,,62.67,,,,,,33.03,2.04,11.43,10.25,0.0,,,0.89,,,,
19-Jan-2019,22:45,19-Jan-2019,23:00,Punjab,Patiala,"Model Town, Patiala - PPCB",0.15,98.48,,,,94.93,150.17,,,,108.0,44.6,23.1,31.4,32.8,1.93,,5.1,,2.51,,62.65,,,,,,35.73,2.06,11.4,10.33,0.0,,,0.89,,,,
19-Jan-2019,23:00,19-Jan-2019,23:15,Punjab,Patiala,"Model Town, Patiala - PPCB",0.1,100.64,,,,94.93,151.4,,,,108.0,44.4,35.1,40.5,59.5,1.82,,5.2,,2.51,,62.65,,,,,,25.72,1.97,11.42,10.32,0.0,,,0.89,,,,
19-Jan-2019,23:15,19-Jan-2019,23:30,Punjab,Patiala,"Model Town, Patiala - PPCB",0.19,150.26,,,,94.93,152.03,,,,107.3,44.4,47.1,58.4,84.2,1.74,,5.13,,2.51,,62.7,,,,,,35.07,1.89,11.27,10.37,0.0,,,0.88,,,,
19-Jan-2019,23:30,19-Jan-2019,23:45,Punjab,Patiala,"Model Town, Patiala - PPCB",0.03,299.28,,,,94.93,153.65,,,,100.8,44.4,48.8,32.5,57.8,1.69,,5.13,,2.52,,62.66,,,,,,35.3,1.94,11.31,10.34,0.0,,,0.89,,,,
19-Jan-2019,23:45,20-Jan-2019,00:00,Punjab,Patiala,"Model Town, Patiala - PPCB",0.26,255.54,,,,94.88,149.17,,,,100.8,44.2,50.6,39.6,80.9,1.81,,5.1,,2.53,,62.63,,,,,,32.05,2.21,11.42,10.35,0.0,,,0.9,,,,
20-Jan-2019,00:00,20-Jan-2019,00:15,Punjab,Patiala,"Model Town, Patiala - PPCB",0.09,223.11,,,,94.87,149.02,,,,100.8,44.1,24.8,50.4,52.9,1.54,,5.11,,2.53,,62.66,,,,,,26.03,,11.36,10.32,0.0,,,0.88,,,,
20-Jan-2019,00:15,20-Jan-2019,00:30,Punjab,Patiala,"Model Town, Patiala - PPCB",0.15,143.04,,,,94.88,151.39,,,,100.3,44.1,44.7,43.0,79.8,1.48,,5.23,,2.52,,62.62,,,,,,28.01,2.34,11.26,10.25,0.0,,,0.88,,,,
20-Jan-2019,00:30,20-Jan-2019,00:45,Punjab,Patiala,"Model Town, Patiala - PPCB",0.21,262.49,,,,94.89,154.19,,,,95.0,44.1,27.2,33.7,44.0,1.44,,5.12,,2.51,,62.65,,,,,,20.95,2.37,11.23,10.24,0.0,,,0.89,,,,
20-Jan-2019,00:45,20-Jan-2019,01:00,Punjab,Patiala,"Model Town, Patiala - PPCB",0.1,248.91,,,,94.88,159.58,,,,95.0,42.1,42.9,33.0,53.1,1.4,,5.11,,2.51,,62.67,,,,,,28.78,2.36,11.3,10.25,0.0,,,0.88,,,,
20-Jan-2019,01:00,20-Jan-2019,01:15,Punjab,Patiala,"Model Town, Patiala - PPCB",0.31,134.16,,,,94.32,158.42,,,,95.0,41.4,50.5,58.2,84.7,1.3,,5.17,,2.52,,62.64,,,,,,29.54,2.69,11.43,10.27,0.0,,,0.89,,,,
20-Jan-2019,01:15,20-Jan-2019,01:30,Punjab,Patiala,"Model Town, Patiala - PPCB",0.12,81.94,,,,89.01,156.79,,,,95.6,41.4,44.2,57.2,89.2,0.88,,5.37,,2.52,,62.67,,,,,,32.44,3.79,11.79,10.29,0.0,,,0.89,,,,
20-Jan-2019,01:30,20-Jan-2019,01:45,Punjab,Patiala,"Model Town, Patiala - PPCB",0.44,51.31,,,,85.11,158.57,,,,100.9,41.4,18.9,33.7,34.0,0.78,,6.67,,2.52,,62.66,,,,,,31.78,4.84,12.15,10.31,0.0,,,0.88,,,,
20-Jan-2019,01:45,20-Jan-2019,02:00,Punjab,Patiala,"Model Town, Patiala - PPCB",0.07,54.6,,,,78.62,153.02,,,,100.9,43.8,21.6,34.4,37.5,0.61,,15.64,,2.52,,62.63,,,,,,21.66,5.96,12.9,10.35,0.0,,,0.88,,,,
20-Jan-2019,02:00,20-Jan-2019,02:15,Punjab,Patiala,"Model Town, Patiala - PPCB",0.21,73.29,,,,80.42,149.02,,,,100.9,44.7,27.1,42.5,52.3,0.61,,14.0,,2.53,,62.65,,,,,,27.57,5.65,12.72,10.31,0.0,,,0.91,,,,
20-Jan-2019,02:15,20-Jan-2019,02:30,Punjab,Patiala,"Model Town, Patiala - PPCB",0.15,264.69,,,,82.4,153.92,,,,100.4,44.7,35.3,34.3,53.7,0.61,,11.1,,2.52,,62.67,,,,,,29.95,4.9,12.45,10.28,0.0,,,0.9,,,,
20-Jan-2019,02:30,20-Jan-2019,02:45,Punjab,Patiala,"Model Town, Patiala - PPCB",0.16,209.53,,,,84.97,152.86,,,,95.9,44.7,103.7,45.3,144.4,0.6,,9.77,,2.53,,62.63,,,,,,25.46,4.39,12.12,10.32,0.0,,,0.9,,,,
20-Jan-2019,02:45,20-Jan-2019,03:00,Punjab,Patiala,"Model Town, Patiala - PPCB",0.16,103.72,,,,87.75,156.71,,,,95.9,41.0,58.6,39.8,86.8,0.6,,10.8,,2.54,,62.67,,,,,,32.55,3.91,11.84,10.28,0.0,,,0.89,,,,
20-Jan-2019,03:00,20-Jan-2019,03:15,Punjab,Patiala,"Model Town, Patiala - PPCB",0.22,237.7,,,,88.88,154.49,,,,95.9,39.5,65.9,48.0,91.9,0.64,,10.43,,2.53,,62.67,,,,,,37.45,3.62,11.8,10.24,0.0,,,0.88,,,,
20-Jan-2019,03:15,20-Jan-2019,03:30,Punjab,Patiala,"Model Town, Patiala - PPCB",0.27,334.53,,,,89.76,153.21,,,,95.8,39.5,15.7,43.9,40.7,0.66,,7.99,,2.51,,62.61,,,,,,26.15,3.24,11.81,10.3,0.0,,,0.89,,,,
20-Jan-2019,03:30,20-Jan-2019,03:45,Punjab,Patiala,"Model Town, Patiala - PPCB",0.16,185.62,,,,91.53,147.12,,,,94.7,39.5,36.3,45.8,59.8,0.64,,6.63,,2.51,,62.76,,,,,,28.09,3.09,11.49,10.32,0.0,,,0.9,,,,
20-Jan-2019,03:45,20-Jan-2019,04:00,Punjab,Patiala,"Model Town, Patiala - PPCB",0.23,237.77,,,,93.88,146.18,,,,94.7,34.8,15.3,37.5,35.6,0.64,,6.41,,2.52,,62.81,,,,,,29.28,2.76,11.21,10.28,0.0,,,0.89,,,,
20-Jan-2019,04:00,20-Jan-2019,04:15,Punjab,Patiala,"Model Town, Patiala - PPCB",0.24,178.72,,,,94.48,145.51,,,,94.7,33.0,20.4,36.5,44.1,0.76,,6.54,,2.52,,62.65,,,,,,25.09,,11.08,10.28,0.0,,,0.87,,,,
20-Jan-2019,04:15,20-Jan-2019,04:30,Punjab,Patiala,"Model Town, Patiala - PPCB",0.15,257.61,,,,94.78,150.93,,,,94.4,33.0,36.7,51.7,77.2,0.85,,5.91,,2.52,,62.64,,,,,,32.74,2.79,11.06,10.28,0.0,,,0.88,,,,
20-Jan-2019,04:30,20-Jan-2019,04:45,Punjab,Patiala,"Model Town, Patiala - PPCB",0.05,221.07,,,,95.06,149.99,,,,91.9,33.0,46.3,34.6,62.9,0.86,,5.17,,2.52,,62.65,,,,,,29.46,2.74,11.02,10.29,0.0,,,0.89,,,,
20-Jan-2019,04:45,20-Jan-2019,05:00,Punjab,Patiala,"Model Town, Patiala - PPCB",0.06,237.81,,,,95.09,150.26,,,,91.9,31.4,29.4,41.2,51.3,0.86,,5.1,,2.51,,62.64,,,,,,31.88,2.56,10.87,10.27,0.0,,,0.9,,,,
20-Jan-2019,05:00,20-Jan-2019,05:15,Punjab,Patiala,"Model Town, Patiala - PPCB",0.03,297.37,,,,95.1,149.83,,,,91.9,30.7,28.4,41.4,55.0,0.87,,5.1,,2.52,,62.64,,,,,,26.03,2.46,10.81,10.31,0.0,,,0.9,,,,
20-Jan-2019,05:15,20-Jan-2019,05:30,Punjab,Patiala,"Model Town, Patiala - PPCB",0.16,198.31,,,,95.05,144.86,,,,91.8,30.7,25.6,42.8,48.9,0.87,,5.1,,2.52,,62.66,,,,,,28.28,2.29,10.65,10.3,0.0,,,0.88,,,,
20-Jan-2019,05:30,20-Jan-2019,05:45,Punjab,Patiala,"Model Town, Patiala - PPCB",0.2,221.7,,,,95.06,147.16,,,,90.5,30.7,28.5,46.4,63.6,0.88,,5.1,,2.52,,62.67,,,,,,37.12,2.14,10.44,10.3,0.0,,,0.88,,,,
20-Jan-2019,05:45,20-Jan-2019,06:00,Punjab,Patiala,"Model Town, Patiala - PPCB",0.18,143.24,,,,95.07,151.8,,,,90.5,32.8,37.5,49.8,75.0,0.9,,5.1,,2.53,,62.69,,,,,,28.92,2.08,10.47,10.37,0.0,,,0.88,,,,
20-Jan-2019,06:00,20-Jan-2019,06:15,Punjab,Patiala,"Model Town, Patiala - PPCB",0.12,102.44,,,,95.09,153.76,,,,90.5,33.7,55.1,65.9,113.0,0.9,,5.1,,2.52,,62.65,,,,,,25.29,2.09,10.57,10.32,0.0,,,0.89,,,,
20-Jan-2019,06:15,20-Jan-2019,06:30,Punjab,Patiala,"Model Town, Patiala - PPCB",0.05,303.28,,,,95.05,153.12,,,,90.5,33.7,26.1,61.1,70.4,0.93,,5.1,,2.51,,62.69,,,,,,21.7,2.03,10.6,10.29,0.0,,,0.88,,,,
20-Jan-2019,06:30,20-Jan-2019,06:45,Punjab,Patiala,"Model Town, Patiala - PPCB",0.04,223.15,,,,95.04,152.17,,,,90.6,33.7,24.4,42.1,50.3,1.02,,5.1,,2.53,,62.74,,,,,,20.99,2.19,10.67,10.27,0.0,,,0.88,,,,
20-Jan-2019,06:45,20-Jan-2019,07:00,Punjab,Patiala,"Model Town, Patiala - PPCB",0.17,237.01,,,,95.05,152.88,,,,90.6,32.3,31.3,63.7,88.7,1.06,,5.1,,2.52,,62.64,,,,,,24.36,2.15,10.53,10.29,0.0,,,0.88,,,,
20-Jan-2019,07:00,20-Jan-2019,07:15,Punjab,Patiala,"Model Town, Patiala - PPCB",0.15,95.65,,,,95.13,153.0,,,,90.6,31.8,43.3,49.6,66.6,1.08,,5.1,,2.52,,62.58,,,,,,20.7,2.13,10.44,10.28,0.0,,,0.88,,,,
20-Jan-2019,07:15,20-Jan-2019,07:30,Punjab,Patiala,"Model Town, Patiala - PPCB",0.01,221.96,,,,95.14,147.36,,,,91.1,31.8,63.7,37.2,80.5,1.12,,5.1,,2.51,,62.76,,,,,,29.34,2.13,10.43,10.27,0.0,,,0.88,,,,
20-Jan-2019,07:30,20-Jan-2019,07:45,Punjab,Patiala,"Model Town, Patiala - PPCB",0.11,167.8,,,,95.0,152.87,,,,96.1,31.8,37.3,45.5,71.4,1.13,,5.1,,2.51,,62.71,,,,,,29.45,2.03,10.35,10.28,0.0,,,0.89,,,,
20-Jan-2019,07:45,20-Jan-2019,08:00,Punjab,Patiala,"Model Town, Patiala - PPCB",0.08,16.06,,,,94.93,162.15,,,,96.1,32.2,35.9,35.2,57.0,1.2,,5.1,,2.51,,62.65,,,,,,31.69,1.96,10.34,10.29,0.0,,,0.89,,,,
20-Jan-2019,08:00,20-Jan-2019,08:15,Punjab,Patiala,"Model Town, Patiala - PPCB",0.11,59.22,,,,94.9,178.36,,,,96.1,32.3,45.3,39.9,76.6,1.14,,5.1,,2.51,,62.62,,,,,,27.33,,10.71,10.26,0.0,,,0.9,,,,
20-Jan-2019,08:15,20-Jan-2019,08:30,Punjab,Patiala,"Model Town, Patiala - PPCB",0.18,106.56,,,,94.89,191.11,,,,96.5,32.3,44.6,36.7,72.0,1.23,,5.1,,2.51,,62.64,,,,,,27.0,2.05,11.03,10.28,0.0,,,0.89,,,,
20-Jan-2019,08:30,20-Jan-2019,08:45,Punjab,Patiala,"Model Town, Patiala - PPCB",0.16,37.03,,,,93.35,201.46,,,,99.5,32.3,8.7,36.4,21.1,1.39,,5.1,,2.52,,62.65,,,,,,30.07,3.08,11.66,10.29,0.0,,,0.89,,,,
20-Jan-2019,08:45,20-Jan-2019,09:00,Punjab,Patiala,"Model Town, Patiala - PPCB",0.16,330.86,,,,87.8,196.63,,,,99.5,34.1,17.2,48.0,31.9,1.43,,5.25,,2.51,,62.73,,,,,,23.41,3.37,12.3,10.29,0.0,,,0.88,,,,
20-Jan-2019,09:00,20-Jan-2019,09:15,Punjab,Patiala,"Model Town, Patiala - PPCB",0.24,128.44,,,,86.3,196.74,,,,99.5,34.8,21.8,25.9,27.5,1.46,,5.29,,2.52,,62.67,,,,,,27.08,3.63,12.58,10.3,0.0,,,0.88,,,,
20-Jan-2019,09:15,20-Jan-2019,09:30,Punjab,Patiala,"Model Town, Patiala - PPCB",0.52,130.71,,,,87.55,201.6,,,,99.0,34.8,36.6,40.3,64.1,1.58,,5.59,,2.52,,62.67,,,,,,23.77,3.72,12.58,10.29,0.0,,,0.88,,,,
20-Jan-2019,09:30,20-Jan-2019,09:45,Punjab,Patiala,"Model Town, Patiala - PPCB",0.52,110.81,,,,84.75,222.34,,,,94.9,34.8,35.5,37.8,56.1,1.67,,5.64,,2.52,,62.71,,,,,,34.37,4.12,12.99,10.29,0.0,,,0.88,,,,
20-Jan-2019,09:45,20-Jan-2019,10:00,Punjab,Patiala,"Model Town, Patiala - PPCB",0.53,126.28,,,,81.58,236.68,,,,94.9,40.0,55.3,45.3,85.3,1.78,,5.98,,2.51,,62.68,,,,,,36.42,4.93,13.62,10.28,0.0,,,0.89,,,,
20-Jan-2019,10:00,20-Jan-2019,10:15,Punjab,Patiala,"Model Town, Patiala - PPCB",0.58,133.66,,,,77.43,248.28,,,,94.9,41.9,53.9,43.8,77.8,1.61,,7.06,,2.51,,62.67,,,,,,21.92,6.42,14.16,10.34,0.0,,,0.89,,,,
20-Jan-2019,10:15,20-Jan-2019,10:30,Punjab,Patiala,"Model Town, Patiala - PPCB",0.23,37.05,,,,67.36,209.04,,,,90.9,28.4,41.6,50.8,80.8,1.01,,14.85,,2.51,,62.73,,,,,,30.74,9.07,18.77,10.31,0.0,,,0.89,,,,
20-Jan-2019,10:30,20-Jan-2019,10:45,Punjab,Patiala,"Model Town, Patiala - PPCB",0.3,328.46,,,,65.86,194.75,,,,89.7,24.6,55.7,49.0,89.3,0.84,,18.14,,2.51,,62.67,,,,,,27.24,,19.68,10.32,0.0,,,0.9,,,,
20-Jan-2019,10:45,20-Jan-2019,11:00,Punjab,Patiala,"Model Town, Patiala - PPCB",0.38,10.05,,,,67.5,188.12,,,,90.7,24.6,19.1,37.4,40.3,0.86,,18.24,,2.54,,62.64,,,,,,33.21,9.19,19.29,10.27,0.0,,,0.89,,,,
20-Jan-2019,11:00,20-Jan-2019,11:15,Punjab,Patiala,"Model Town, Patiala - PPCB",0.19,37.33,,,,68.51,176.28,,,,101.7,24.6,38.6,48.5,71.9,0.88,,16.51,,2.53,,62.68,,,,,,31.3,9.45,19.1,10.25,0.0,,,0.87,,,,
20-Jan-2019,11:15,20-Jan-2019,11:30,Punjab,Patiala,"Model Town, Patiala - PPCB",0.29,48.89,,,,69.07,169.78,,,,101.7,25.6,33.7,37.3,60.1,0.91,,15.56,,2.51,,62.65,,,,,,27.11,8.72,18.83,10.26,0.0,,,0.87,,,,
20-Jan-2019,11:30,20-Jan-2019,11:45,Punjab,Patiala,"Model Town, Patiala - PPCB",0.19,45.26,,,,70.02,153.91,,,,101.7,26.1,26.5,34.2,39.4,0.99,,14.2,,2.53,,62.66,,,,,,34.77,8.9,18.44,10.31,0.0,,,0.89,,,,
20-Jan-2019,11:45,20-Jan-2019,12:00,Punjab,Patiala,"Model Town, Patiala - PPCB",0.24,65.38,,,,71.85,140.64,,,,101.4,26.1,37.9,41.7,66.7,1.07,,11.84,,2.53,,62.71,,,,,,25.76,8.63,17.89,10.29,0.0,,,0.9,,,,
20-Jan-2019,12:00,20-Jan-2019,12:15,Punjab,Patiala,"Model Town, Patiala - PPCB",0.37,51.7,,,,75.7,139.88,,,,98.6,26.1,54.5,56.3,100.4,1.11,,12.64,,2.52,,62.68,,,,,,26.48,8.02,17.33,10.35,0.0,,,0.89,,,,
20-Jan-2019,12:15,20-Jan-2019,12:30,Punjab,Patiala,"Model Town, Patiala - PPCB",0.2,36.24,,,,78.85,137.4,,,,98.6,30.1,94.8,65.7,153.6,1.29,,8.94,,2.51,,62.61,,,,,,37.28,6.86,16.9,10.29,0.0,,,0.88,,,,
20-Jan-2019,12:30,20-Jan-2019,12:45,Punjab,Patiala,"Model Town, Patiala - PPCB",0.11,273.86,,,,82.29,138.53,,,,98.6,31.9,47.8,46.9,79.5,1.39,,6.04,,2.51,,62.63,,,,,,26.52,5.93,16.36,10.29,0.0,,,0.88,,,,
20-Jan-2019,12:45,20-Jan-2019,13:00,Punjab,Patiala,"Model Town, Patiala - PPCB",0.1,122.16,,,,85.83,139.11,,,,98.4,31.9,31.9,55.3,75.6,1.41,,5.65,,2.51,,62.63,,,,,,31.56,5.22,15.83,10.28,0.0,,,0.88,,,,
20-Jan-2019,13:00,20-Jan-2019,13:15,Punjab,Patiala,"Model Town, Patiala - PPCB",0.1,329.35,,,,88.66,141.45,,,,95.7,31.9,54.5,46.7,97.9,1.55,,5.37,,2.51,,62.64,,,,,,24.81,4.72,15.45,10.27,0.0,,,0.89,,,,
20-Jan-2019,13:15,20-Jan-2019,13:30,Punjab,Patiala,"Model Town, Patiala - PPCB",0.18,57.81,,,,90.39,137.71,,,,95.7,33.2,21.1,25.5,38.8,2.04,,5.38,,2.52,,62.67,,,,,,26.59,4.44,15.15,10.27,0.0,,,0.89,,,,
20-Jan-2019,13:30,20-Jan-2019,13:45,Punjab,Patiala,"Model Town, Patiala - PPCB",0.26,95.8,,,,92.9,138.23,,,,95.7,33.8,47.0,30.6,75.6,1.97,,5.39,,2.53,,62.61,,,,,,27.23,3.94,14.81,10.26,0.0,,,0.88,,,,
20-Jan-2019,13:45,20-Jan-2019,14:00,Punjab,Patiala,"Model Town, Patiala - PPCB",0.26,29.29,,,,93.99,141.35,,,,95.9,33.8,52.3,16.4,63.2,2.26,,5.46,,2.52,,62.66,,,,,,36.41,3.8,14.61,10.3,0.0,,,0.9,,,,
20-Jan-2019,14:00,20-Jan-2019,14:15,Punjab,Patiala,"Model Town, Patiala - PPCB",0.16,56.29,,,,89.01,138.35,,,,98.5,33.8,25.4,25.2,47.7,2.2,,5.35,,2.52,,62.68,,,,,,26.6,3.8,14.72,10.34,0.0,,,0.9,,,,
20-Jan-2019,14:15,20-Jan-2019,14:30,Punjab,Patiala,"Model Town, Patiala - PPCB",0.14,303.79,,,,87.01,137.33,,,,98.5,35.4,29.7,19.7,44.5,2.09,,5.27,,2.52,,62.68,,,,,,30.98,4.04,14.62,10.3,0.0,,,0.89,,,,
20-Jan-2019,14:30,20-Jan-2019,14:45,Punjab,Patiala,"Model Town, Patiala - PPCB",0.1,34.22,,,,89.05,137.23,,,,98.5,36.0,33.2,26.1,54.8,1.92,,5.28,,2.51,,62.62,,,,,,27.79,,14.29,10.32,0.0,,,0.89,,,,
20-Jan-2019,14:45,20-Jan-2019,15:00,Punjab,Patiala,"Model Town, Patiala - PPCB",0.12,198.04,,,,92.13,138.35,,,,98.4,36.0,5.8,23.7,22.5,2.2,,5.16,,2.51,,62.66,,,,,,27.07,3.83,13.85,10.37,0.0,,,0.88,,,,
20-Jan-2019,15:00,20-Jan-2019,15:15,Punjab,Patiala,"Model Town, Patiala - PPCB",0.12,79.91,,,,93.58,145.4,,,,97.0,36.0,18.0,23.9,39.1,2.07,,5.22,,2.52,,62.77,,,,,,30.24,3.44,13.46,10.36,0.0,,,0.89,,,,
20-Jan-2019,15:15,20-Jan-2019,15:30,Punjab,Patiala,"Model Town, Patiala - PPCB",0.04,313.69,,,,93.58,146.2,,,,97.0,38.9,37.0,24.5,60.0,2.04,,5.24,,2.51,,62.72,,,,,,29.17,3.36,13.5,10.36,0.0,,,0.9,,,,
20-Jan-2019,15:30,20-Jan-2019,15:45,Punjab,Patiala,"Model Town, Patiala - PPCB",0.17,86.27,,,,94.03,146.13,,,,97.0,40.2,27.0,20.0,43.2,2.51,,5.22,,2.5,,62.7,,,,,,27.69,3.48,13.43,10.3,0.0,,,0.9,,,,
20-Jan-2019,15:45,20-Jan-2019,16:00,Punjab,Patiala,"Model Town, Patiala - PPCB",0.06,351.48,,,,94.1,143.18,,,,97.0,40.2,19.6,15.7,30.2,2.29,,5.25,,2.51,,62.63,,,,,,30.77,3.28,13.22,10.28,0.0,,,0.89,,,,
20-Jan-2019,16:00,20-Jan-2019,16:15,Punjab,Patiala,"Model Town, Patiala - PPCB",0.02,202.38,,,,93.17,145.35,,,,96.8,40.2,30.9,14.6,39.2,2.36,,5.21,,2.52,,62.69,,,,,,25.99,3.2,13.15,10.27,0.0,,,0.9,,,,
20-Jan-2019,16:15,20-Jan-2019,16:30,Punjab,Patiala,"Model Town, Patiala - PPCB",0.06,36.05,,,,93.66,146.77,,,,96.8,45.4,22.9,22.0,42.2,2.96,,5.15,,2.51,,62.66,,,,,,27.42,3.68,13.22,10.27,0.0,,,0.9,,,,
20-Jan-2019,16:30,20-Jan-2019,16:45,Punjab,Patiala,"Model Town, Patiala - PPCB",0.29,114.42,,,,93.98,149.99,,,,96.8,47.7,18.1,21.7,30.4,2.84,,5.17,,2.51,,62.64,,,,,,29.58,3.48,13.04,10.31,0.0,,,0.92,,,,
20-Jan-2019,16:45,20-Jan-2019,17:00,Punjab,Patiala,"Model Town, Patiala - PPCB",0.05,98.5,,,,89.7,153.31,,,,96.6,47.7,17.9,18.0,31.5,2.48,,5.16,,2.53,,62.62,,,,,,28.1,3.48,13.11,10.3,0.0,,,0.93,,,,
20-Jan-2019,17:00,20-Jan-2019,17:15,Punjab,Patiala,"Model Town, Patiala - PPCB",0.41,276.56,,,,89.12,148.85,,,,94.7,47.7,26.5,27.3,47.3,2.44,,5.1,,2.52,,62.65,,,,,,22.58,3.68,13.29,10.26,0.0,,,0.9,,,,
20-Jan-2019,17:15,20-Jan-2019,17:30,Punjab,Patiala,"Model Town, Patiala - PPCB",0.44,288.9,,,,89.88,149.35,,,,94.7,48.5,3.7,24.7,12.1,2.51,,5.1,,2.53,,62.67,,,,,,22.65,3.71,13.36,10.25,0.0,,,0.89,,,,
20-Jan-2019,17:30,20-Jan-2019,17:45,Punjab,Patiala,"Model Town, Patiala - PPCB",0.17,16.63,,,,93.7,146.12,,,,94.7,48.8,4.0,24.8,13.8,2.49,,5.11,,2.52,,62.72,,,,,,25.19,3.19,13.41,10.3,0.0,,,0.9,,,,
20-Jan-2019,17:45,20-Jan-2019,18:00,Punjab,Patiala,"Model Town, Patiala - PPCB",0.13,70.98,,,,94.99,147.4,,,,95.5,48.8,64.0,27.9,80.0,2.3,,5.11,,2.51,,62.67,,,,,,26.51,3.13,13.2,10.3,0.0,,,0.88,,,,
20-Jan-2019,18:00,20-Jan-2019,18:15,Punjab,Patiala,"Model Town, Patiala - PPCB",,,,,,,,,,,,,,,,,,,,,,,,,,,,,,,,,,,,,,,
20-Jan-2019,18:15,20-Jan-2019,18:30,Punjab,Patiala,"Model Town, Patiala - PPCB",,,,,,,,,,,,,,,,,,,,,,,,,,,,,,,,,,,,,,,
20-Jan-2019,18:30,20-Jan-2019,18:45,Punjab,Patiala,"Model Town, Patiala - PPCB",,,,,,,,,,,,,,,,,,,,,,,,,,,,,,,,,,,,,,,
20-Jan-2019,18:45,20-Jan-2019,19:00,Punjab,Patiala,"Model Town, Patiala - PPCB",,,,,,,,,,,,,,,,,,,,,,,,,,,,,,,,,,,,,,,
20-Jan-2019,19:00,20-Jan-2019,19:15,Punjab,Patiala,"Model Town, Patiala - PPCB",,,,,,,,,,,,,,,,,,,,,,,,,,,,,,,,,,,,,,,
20-Jan-2019,19:15,20-Jan-2019,19:30,Punjab,Patiala,"Model Town, Patiala - PPCB",,,,,,,,,,,,,,,,,,,,,,,,,,,,,,,,,,,,,,,
20-Jan-2019,19:30,20-Jan-2019,19:45,Punjab,Patiala,"Model Town, Patiala - PPCB",,,,,,,,,,,,,,,,,,,,,,,,,,,,,,,,,,,,,,,
20-Jan-2019,19:45,20-Jan-2019,20:00,Punjab,Patiala,"Model Town, Patiala - PPCB",,,,,,,,,,,,,,,,,,,,,,,,,,,,,,,,,,,,,,,
20-Jan-2019,20:00,20-Jan-2019,20:15,Punjab,Patiala,"Model Town, Patiala - PPCB",,,,,,,,,,,,,,,,,,,,,,,,,,,,,,,,,,,,,,,
20-Jan-2019,20:15,20-Jan-2019,20:30,Punjab,Patiala,"Model Town, Patiala - PPCB",,,,,,,,,,,,,,,,,,,,,,,,,,,,,,,,,,,,,,,
20-Jan-2019,20:30,20-Jan-2019,20:45,Punjab,Patiala,"Model Town, Patiala - PPCB",,,,,,,,,,,,,,,,,,,,,,,,,,,,,,,,,,,,,,,
20-Jan-2019,20:45,20-Jan-2019,21:00,Punjab,Patiala,"Model Town, Patiala - PPCB",,,,,,,,,,,,,,,,,,,,,,,,,,,,,,,,,,,,,,,
20-Jan-2019,21:00,20-Jan-2019,21:15,Punjab,Patiala,"Model Town, Patiala - PPCB",,,,,,,,,,,,,,,,,,,,,,,,,,,,,,,,,,,,,,,
20-Jan-2019,21:15,20-Jan-2019,21:30,Punjab,Patiala,"Model Town, Patiala - PPCB",,,,,,,,,,,,,,,,,,,,,,,,,,,,,,,,,,,,,,,
20-Jan-2019,21:30,20-Jan-2019,21:45,Punjab,Patiala,"Model Town, Patiala - PPCB",,,,,,,,,,,,,,,,,,,,,,,,,,,,,,,,,,,,,,,
20-Jan-2019,21:45,20-Jan-2019,22:00,Punjab,Patiala,"Model Town, Patiala - PPCB",,,,,,,,,,,,,,,,,,,,,,,,,,,,,,,,,,,,,,,
20-Jan-2019,22:00,20-Jan-2019,22:15,Punjab,Patiala,"Model Town, Patiala - PPCB",,,,,,,,,,,,,,,,,,,,,,,,,,,,,,,,,,,,,,,
20-Jan-2019,22:15,20-Jan-2019,22:30,Punjab,Patiala,"Model Town, Patiala - PPCB",,,,,,,,,,,,,,,,,,,,,,,,,,,,,,,,,,,,,,,
20-Jan-2019,22:30,20-Jan-2019,22:45,Punjab,Patiala,"Model Town, Patiala - PPCB",,,,,,,,,,,,,,,,,,,,,,,,,,,,,,,,,,,,,,,
20-Jan-2019,22:45,20-Jan-2019,23:00,Punjab,Patiala,"Model Town, Patiala - PPCB",,,,,,,,,,,,,,,,,,,,,,,,,,,,,,,,,,,,,,,
20-Jan-2019,23:00,20-Jan-2019,23:15,Punjab,Patiala,"Model Town, Patiala - PPCB",,,,,,,,,,,,,,,,,,,,,,,,,,,,,,,,,,,,,,,
20-Jan-2019,23:15,20-Jan-2019,23:30,Punjab,Patiala,"Model Town, Patiala - PPCB",,,,,,,,,,,,,,,,,,,,,,,,,,,,,,,,,,,,,,,
20-Jan-2019,23:30,20-Jan-2019,23:45,Punjab,Patiala,"Model Town, Patiala - PPCB",,,,,,,,,,,,,,,,,,,,,,,,,,,,,,,,,,,,,,,
20-Jan-2019,23:45,21-Jan-2019,00:00,Punjab,Patiala,"Model Town, Patiala - PPCB",,,,,,,,,,,,,,,,,,,,,,,,,,,,,,,,,,,,,,,
21-Jan-2019,00:00,21-Jan-2019,00:15,Punjab,Patiala,"Model Town, Patiala - PPCB",0.09,223.11,,,,94.87,149.02,,,,100.8,44.1,24.8,50.4,52.9,1.54,,5.11,,2.53,,62.66,,,,,,26.03,,11.36,10.32,0.0,,,0.88,,,,
21-Jan-2019,00:15,21-Jan-2019,00:30,Punjab,Patiala,"Model Town, Patiala - PPCB",0.49,302.81,,,,95.05,143.14,,,,104.3,46.6,13.8,69.6,50.6,1.41,,5.1,,2.53,,62.64,,,,,,28.31,2.51,12.95,10.25,0.0,,,0.89,,,,
21-Jan-2019,00:30,21-Jan-2019,00:45,Punjab,Patiala,"Model Town, Patiala - PPCB",0.48,292.86,,,,94.36,142.95,,,,97.9,46.6,68.7,37.9,90.0,1.18,,5.1,,2.52,,62.65,,,,,,38.25,2.64,12.86,10.26,0.0,,,0.88,,,,
21-Jan-2019,00:45,21-Jan-2019,01:00,Punjab,Patiala,"Model Town, Patiala - PPCB",0.39,263.64,,,,94.9,141.46,,,,97.9,43.9,59.6,45.3,80.4,1.08,,5.1,,2.52,,62.61,,,,,,32.29,2.59,12.59,10.28,0.0,,,0.88,,,,
21-Jan-2019,01:00,21-Jan-2019,01:15,Punjab,Patiala,"Model Town, Patiala - PPCB",0.41,297.77,,,,95.01,143.49,,,,97.9,43.0,55.9,42.6,84.7,1.03,,5.1,,2.52,,62.6,,,,,,28.9,2.44,12.43,10.28,0.0,,,0.89,,,,
21-Jan-2019,01:15,21-Jan-2019,01:30,Punjab,Patiala,"Model Town, Patiala - PPCB",0.04,128.03,,,,95.0,141.83,,,,97.6,43.0,75.9,50.0,111.9,0.97,,5.1,,2.53,,62.67,,,,,,27.69,2.34,12.26,10.24,0.0,,,0.89,,,,
21-Jan-2019,01:30,21-Jan-2019,01:45,Punjab,Patiala,"Model Town, Patiala - PPCB",0.09,231.49,,,,95.02,145.15,,,,94.3,43.0,65.9,33.5,85.8,0.97,,5.1,,2.53,,62.72,,,,,,36.54,2.09,11.96,10.26,0.0,,,0.9,,,,
21-Jan-2019,01:45,21-Jan-2019,02:00,Punjab,Patiala,"Model Town, Patiala - PPCB",0.26,337.65,,,,95.03,148.44,,,,94.3,42.4,49.7,48.8,84.0,0.95,,5.1,,2.54,,62.73,,,,,,25.49,2.03,11.99,10.29,0.0,,,0.89,,,,
21-Jan-2019,02:00,21-Jan-2019,02:15,Punjab,Patiala,"Model Town, Patiala - PPCB",0.26,343.34,,,,94.46,146.81,,,,94.3,42.2,37.1,64.2,84.4,0.91,,5.1,,2.53,,62.65,,,,,,28.71,2.5,12.38,10.31,0.0,,,0.9,,,,
21-Jan-2019,02:15,21-Jan-2019,02:30,Punjab,Patiala,"Model Town, Patiala - PPCB",0.26,29.16,,,,93.73,144.95,,,,94.5,42.2,66.2,51.4,103.8,0.89,,5.14,,2.51,,62.64,,,,,,32.55,2.84,12.31,10.25,0.0,,,0.9,,,,
21-Jan-2019,02:30,21-Jan-2019,02:45,Punjab,Patiala,"Model Town, Patiala - PPCB",0.1,335.37,,,,93.29,147.01,,,,96.4,42.2,54.9,63.5,109.6,0.88,,5.12,,2.51,,62.69,,,,,,32.31,3.53,12.24,10.26,0.0,,,0.9,,,,
21-Jan-2019,02:45,21-Jan-2019,03:00,Punjab,Patiala,"Model Town, Patiala - PPCB",0.09,17.76,,,,93.83,150.78,,,,96.4,41.6,81.1,33.4,90.4,0.9,,5.1,,2.51,,62.69,,,,,,46.9,4.31,12.17,10.33,0.0,,,0.9,,,,
21-Jan-2019,03:00,21-Jan-2019,03:15,Punjab,Patiala,"Model Town, Patiala - PPCB",0.22,52.24,,,,93.73,150.28,,,,96.4,41.4,49.1,59.6,99.6,0.93,,5.11,,2.52,,62.67,,,,,,28.36,5.91,12.2,10.32,0.0,,,0.9,,,,
21-Jan-2019,03:15,21-Jan-2019,03:30,Punjab,Patiala,"Model Town, Patiala - PPCB",0.3,53.08,,,,92.84,149.91,,,,96.4,41.4,40.6,34.4,59.3,0.95,,5.14,,2.51,,62.72,,,,,,29.64,8.51,12.34,10.32,0.0,,,0.89,,,,
21-Jan-2019,03:30,21-Jan-2019,03:45,Punjab,Patiala,"Model Town, Patiala - PPCB",0.35,16.51,,,,91.94,150.84,,,,96.2,41.4,45.0,38.3,66.8,0.95,,5.12,,2.52,,62.72,,,,,,26.82,9.75,12.39,10.28,0.0,,,0.9,,,,
21-Jan-2019,03:45,21-Jan-2019,04:00,Punjab,Patiala,"Model Town, Patiala - PPCB",0.31,16.51,,,,88.74,151.58,,,,96.2,41.0,40.9,48.9,82.4,0.9,,5.17,,2.51,,62.66,,,,,,27.11,13.52,12.63,10.33,0.0,,,0.88,,,,
21-Jan-2019,04:00,21-Jan-2019,04:15,Punjab,Patiala,"Model Town, Patiala - PPCB",0.19,272.45,,,,86.72,149.87,,,,96.2,40.8,16.7,39.7,44.4,1.01,,5.34,,2.5,,62.66,,,,,,24.4,,12.76,10.33,0.0,,,0.88,,,,
21-Jan-2019,04:15,21-Jan-2019,04:30,Punjab,Patiala,"Model Town, Patiala - PPCB",0.08,265.1,,,,88.9,145.01,,,,95.8,40.8,42.7,21.0,50.7,1.08,,5.24,,2.5,,62.65,,,,,,29.44,13.31,12.46,10.3,0.0,,,0.89,,,,
21-Jan-2019,04:30,21-Jan-2019,04:45,Punjab,Patiala,"Model Town, Patiala - PPCB",0.14,33.56,,,,91.18,147.59,,,,92.5,40.8,38.0,26.0,56.1,1.06,,5.15,,2.51,,62.65,,,,,,31.55,10.97,12.13,10.29,0.0,,,0.89,,,,
21-Jan-2019,04:45,21-Jan-2019,05:00,Punjab,Patiala,"Model Town, Patiala - PPCB",0.7,262.87,,,,92.79,151.35,,,,92.5,38.1,26.3,39.1,59.9,1.13,,5.11,,2.52,,62.7,,,,,,24.33,9.18,11.85,10.31,0.0,,,0.89,,,,
21-Jan-2019,05:00,21-Jan-2019,05:15,Punjab,Patiala,"Model Town, Patiala - PPCB",0.51,302.7,,,,91.55,150.69,,,,92.5,37.0,13.1,33.7,41.9,1.17,,5.16,,2.52,,62.69,,,,,,27.02,8.7,11.84,10.27,0.0,,,0.89,,,,
21-Jan-2019,05:15,21-Jan-2019,05:30,Punjab,Patiala,"Model Town, Patiala - PPCB",0.34,307.64,,,,92.65,150.06,,,,93.0,37.0,10.8,24.3,26.3,1.15,,5.25,,2.52,,62.69,,,,,,27.43,7.7,11.65,10.26,0.0,,,0.89,,,,
21-Jan-2019,05:30,21-Jan-2019,05:45,Punjab,Patiala,"Model Town, Patiala - PPCB",0.44,315.8,,,,93.53,151.88,,,,97.1,37.0,28.0,23.2,44.0,1.04,,5.15,,2.52,,62.71,,,,,,31.52,6.52,11.53,10.3,0.0,,,0.89,,,,
21-Jan-2019,05:45,21-Jan-2019,06:00,Punjab,Patiala,"Model Town, Patiala - PPCB",0.42,321.87,,,,91.8,151.78,,,,97.1,37.3,14.8,20.9,24.6,0.92,,5.1,,2.52,,62.69,,,,,,26.36,6.06,11.66,10.32,0.0,,,0.89,,,,
21-Jan-2019,06:00,21-Jan-2019,06:15,Punjab,Patiala,"Model Town, Patiala - PPCB",0.82,259.95,,,,92.23,151.8,,,,97.1,37.5,29.6,19.9,44.8,0.93,,5.1,,2.52,,62.72,,,,,,30.2,5.84,11.52,10.39,0.0,,,0.89,,,,
21-Jan-2019,06:15,21-Jan-2019,06:30,Punjab,Patiala,"Model Town, Patiala - PPCB",0.37,326.94,,,,92.12,151.25,,,,97.2,37.5,56.4,33.0,85.6,0.88,,5.1,,2.51,,62.66,,,,,,24.12,6.51,11.51,10.33,0.0,,,0.89,,,,
21-Jan-2019,06:30,21-Jan-2019,06:45,Punjab,Patiala,"Model Town, Patiala - PPCB",0.39,281.64,,,,93.13,149.6,,,,97.2,37.5,20.2,33.0,50.9,0.89,,5.1,,2.51,,62.66,,,,,,22.37,7.32,11.51,10.32,0.0,,,0.9,,,,
21-Jan-2019,06:45,21-Jan-2019,07:00,Punjab,Patiala,"Model Town, Patiala - PPCB",0.18,109.78,,,,94.64,149.32,,,,97.2,37.7,18.9,23.4,31.5,0.94,,5.1,,2.52,,62.65,,,,,,29.1,7.39,11.34,10.29,0.0,,,0.89,,,,
21-Jan-2019,07:00,21-Jan-2019,07:15,Punjab,Patiala,"Model Town, Patiala - PPCB",0.34,2.56,,,,94.85,150.32,,,,97.2,37.7,30.9,35.1,58.8,0.96,,5.1,,2.52,,62.68,,,,,,28.03,7.11,11.33,10.35,0.0,,,0.89,,,,
21-Jan-2019,07:15,21-Jan-2019,07:30,Punjab,Patiala,"Model Town, Patiala - PPCB",0.36,277.1,,,,94.85,151.14,,,,98.1,37.7,47.4,31.9,72.7,0.99,,5.11,,2.52,,62.67,,,,,,30.35,8.15,11.35,10.29,0.0,,,0.88,,,,
21-Jan-2019,07:30,21-Jan-2019,07:45,Punjab,Patiala,"Model Town, Patiala - PPCB",0.28,312.28,,,,94.85,154.37,,,,106.2,37.7,36.4,16.5,45.3,1.02,,5.11,,2.51,,62.73,,,,,,30.73,9.67,11.37,10.31,0.0,,,0.9,,,,
21-Jan-2019,07:45,21-Jan-2019,08:00,Punjab,Patiala,"Model Town, Patiala - PPCB",0.23,292.03,,,,94.85,160.22,,,,106.2,39.3,28.0,40.5,65.8,1.06,,5.15,,2.51,,62.69,,,,,,24.81,11.41,11.37,10.36,0.0,,,0.89,,,,
21-Jan-2019,08:00,21-Jan-2019,08:15,Punjab,Patiala,"Model Town, Patiala - PPCB",0.23,342.82,,,,94.75,167.86,,,,106.2,39.9,40.9,26.7,63.0,1.06,,5.23,,2.51,,62.71,,,,,,34.37,,11.44,10.34,0.0,,,0.9,,,,
21-Jan-2019,08:15,21-Jan-2019,08:30,Punjab,Patiala,"Model Town, Patiala - PPCB",0.29,18.65,,,,93.16,176.68,,,,105.5,39.9,42.9,20.1,50.1,1.06,,5.33,,2.51,,62.72,,,,,,29.43,13.83,11.58,10.26,0.0,,,0.9,,,,
21-Jan-2019,08:30,21-Jan-2019,08:45,Punjab,Patiala,"Model Town, Patiala - PPCB",0.37,51.93,,,,90.48,185.34,,,,98.9,39.9,19.4,26.2,28.9,1.04,,5.33,,2.52,,62.68,,,,,,24.15,13.88,11.92,10.27,0.0,,,0.89,,,,
21-Jan-2019,08:45,21-Jan-2019,09:00,Punjab,Patiala,"Model Town, Patiala - PPCB",0.38,64.68,,,,87.83,189.7,,,,98.9,42.5,13.1,39.6,39.4,1.03,,5.37,,2.54,,62.66,,,,,,21.89,13.13,12.24,10.36,0.0,,,0.89,,,,
21-Jan-2019,09:00,21-Jan-2019,09:15,Punjab,Patiala,"Model Town, Patiala - PPCB",0.59,78.82,,,,86.4,204.69,,,,98.9,43.5,15.4,19.4,26.6,1.15,,5.49,,2.52,,62.7,,,,,,29.26,12.31,12.52,10.33,0.0,,,0.89,,,,
21-Jan-2019,09:15,21-Jan-2019,09:30,Punjab,Patiala,"Model Town, Patiala - PPCB",0.49,93.7,,,,84.78,221.56,,,,99.1,43.5,32.4,33.7,55.1,1.22,,5.67,,2.52,,62.72,,,,,,28.15,11.95,12.89,10.26,0.0,,,0.89,,,,
21-Jan-2019,09:30,21-Jan-2019,09:45,Punjab,Patiala,"Model Town, Patiala - PPCB",,,,,,,,,,,,,,,,,,,,,,,,,,,,,,,,,,,,,,,
21-Jan-2019,09:45,21-Jan-2019,10:00,Punjab,Patiala,"Model Town, Patiala - PPCB",,,,,,,,,,,,,,,,,,,,,,,,,,,,,,,,,,,,,,,
21-Jan-2019,10:00,21-Jan-2019,10:15,Punjab,Patiala,"Model Town, Patiala - PPCB",,,,,,,,,,,,,,,,,,,,,,,,,,,,,,,,,,,,,,,
21-Jan-2019,10:15,21-Jan-2019,10:30,Punjab,Patiala,"Model Town, Patiala - PPCB",,,,,,,,,,,,,,,,,,,,,,,,,,,,,,,,,,,,,,,
21-Jan-2019,10:30,21-Jan-2019,10:45,Punjab,Patiala,"Model Town, Patiala - PPCB",1.23,100.05,,,,77.69,260.84,,,,103.7,42.3,36.9,43.7,68.0,1.13,,11.43,,2.52,,62.68,,,,,,24.78,12.14,15.02,10.29,0.0,,,0.89,,,,
21-Jan-2019,10:45,21-Jan-2019,11:00,Punjab,Patiala,"Model Town, Patiala - PPCB",1.34,104.55,,,,77.22,267.71,,,,104.7,42.0,32.5,27.6,46.1,1.1,,14.39,,2.53,,62.64,,,,,,33.98,10.92,15.76,10.31,0.0,,,0.89,,,,
21-Jan-2019,11:00,21-Jan-2019,11:15,Punjab,Patiala,"Model Town, Patiala - PPCB",1.25,107.64,,,,76.79,263.84,,,,104.7,42.0,16.4,25.0,25.6,1.07,,15.93,,2.53,,62.64,,,,,,30.54,10.31,16.13,10.34,0.0,,,0.89,,,,
21-Jan-2019,11:15,21-Jan-2019,11:30,Punjab,Patiala,"Model Town, Patiala - PPCB",0.91,106.36,,,,73.77,375.42,,,,104.6,42.0,17.1,31.8,36.5,1.07,,17.28,,2.52,,62.61,,,,,,24.84,,17.1,10.35,0.0,,,0.89,,,,
21-Jan-2019,11:30,21-Jan-2019,11:45,Punjab,Patiala,"Model Town, Patiala - PPCB",0.54,255.85,,,,70.16,281.78,,,,98.4,42.0,33.8,29.8,54.8,1.03,,22.9,,2.59,,62.69,,,,,,18.5,9.73,18.06,10.36,0.0,,,0.88,,,,
21-Jan-2019,11:45,21-Jan-2019,12:00,Punjab,Patiala,"Model Town, Patiala - PPCB",0.41,255.43,,,,76.92,259.13,,,,98.4,42.2,54.0,25.8,56.0,1.04,,18.07,,2.6,,62.77,,,,,,29.34,8.11,16.68,10.36,0.0,,,0.87,,,,
21-Jan-2019,12:00,21-Jan-2019,12:15,Punjab,Patiala,"Model Town, Patiala - PPCB",0.34,74.5,,,,73.93,296.46,,,,98.4,42.4,39.6,30.5,63.6,0.96,,18.88,,2.53,,62.74,,,,,,27.67,,17.3,10.3,0.0,,,0.89,,,,
21-Jan-2019,12:15,21-Jan-2019,12:30,Punjab,Patiala,"Model Town, Patiala - PPCB",0.5,43.04,,,,71.7,298.6,,,,98.5,42.4,25.3,65.9,86.8,1.06,,12.09,,2.51,,62.65,,,,,,15.44,9.48,18.12,10.28,0.0,,,0.9,,,,
21-Jan-2019,12:30,21-Jan-2019,12:45,Punjab,Patiala,"Model Town, Patiala - PPCB",0.68,82.33,,,,69.47,338.3,,,,102.0,42.4,20.9,25.9,30.8,1.08,,13.52,,2.53,,62.68,,,,,,27.31,10.4,18.61,10.3,0.0,,,0.9,,,,
21-Jan-2019,12:45,21-Jan-2019,13:00,Punjab,Patiala,"Model Town, Patiala - PPCB",1.09,86.58,,,,68.25,303.48,,,,102.0,42.0,48.3,52.6,89.9,1.0,,20.87,,2.56,,62.74,,,,,,27.61,10.13,18.79,10.32,0.0,,,0.9,,,,
21-Jan-2019,13:00,21-Jan-2019,13:15,Punjab,Patiala,"Model Town, Patiala - PPCB",1.25,99.72,,,,68.46,267.81,,,,102.0,41.7,56.8,51.3,95.3,0.93,,23.51,,2.54,,62.72,,,,,,22.89,9.16,18.68,10.44,0.0,,,0.9,,,,
21-Jan-2019,13:15,21-Jan-2019,13:30,Punjab,Patiala,"Model Town, Patiala - PPCB",1.29,90.39,,,,68.89,277.95,,,,102.0,41.7,45.7,50.3,85.1,0.9,,25.56,,2.52,,62.66,,,,,,29.5,8.17,18.6,10.34,0.0,,,0.88,,,,
21-Jan-2019,13:30,21-Jan-2019,13:45,Punjab,Patiala,"Model Town, Patiala - PPCB",1.26,91.28,,,,68.11,270.4,,,,103.2,41.7,36.7,70.5,97.2,0.94,,26.78,,2.52,,62.65,,,,,,24.53,7.82,18.94,10.25,0.0,,,0.89,,,,
21-Jan-2019,13:45,21-Jan-2019,14:00,Punjab,Patiala,"Model Town, Patiala - PPCB",1.31,103.4,,,,67.35,271.2,,,,103.2,43.9,45.7,60.8,94.6,0.93,,28.01,,2.51,,62.63,,,,,,35.0,7.46,19.15,10.28,0.0,,,0.9,,,,
21-Jan-2019,14:00,21-Jan-2019,14:15,Punjab,Patiala,"Model Town, Patiala - PPCB",1.04,96.18,,,,66.29,273.33,,,,103.2,45.3,26.6,42.9,60.5,0.93,,28.68,,2.52,,62.65,,,,,,31.18,7.38,19.5,10.27,0.0,,,0.91,,,,
21-Jan-2019,14:15,21-Jan-2019,14:30,Punjab,Patiala,"Model Town, Patiala - PPCB",1.46,96.15,,,,64.72,245.21,,,,103.2,45.3,28.6,40.6,49.5,0.91,,32.11,,2.54,,62.68,,,,,,34.15,7.25,19.51,10.25,0.0,,,0.9,,,,
21-Jan-2019,14:30,21-Jan-2019,14:45,Punjab,Patiala,"Model Town, Patiala - PPCB",1.43,95.54,,,,63.93,236.68,,,,97.8,45.3,51.8,50.8,90.8,0.9,,33.77,,2.54,,62.7,,,,,,30.43,6.9,19.6,10.28,0.0,,,0.88,,,,
21-Jan-2019,14:45,21-Jan-2019,15:00,Punjab,Patiala,"Model Town, Patiala - PPCB",1.06,111.38,,,,62.96,226.05,,,,97.8,45.2,28.9,44.4,65.7,0.85,,35.3,,2.52,,62.69,,,,,,27.0,6.81,19.73,10.27,0.0,,,0.9,,,,
21-Jan-2019,15:00,21-Jan-2019,15:15,Punjab,Patiala,"Model Town, Patiala - PPCB",1.4,117.6,,,,62.15,212.58,,,,97.8,45.1,12.7,24.0,26.4,0.83,,36.37,,2.51,,62.66,,,,,,24.17,6.75,19.82,10.26,0.0,,,0.89,,,,
21-Jan-2019,15:15,21-Jan-2019,15:30,Punjab,Patiala,"Model Town, Patiala - PPCB",1.18,100.04,,,,62.52,195.93,,,,97.8,45.1,28.3,37.1,51.2,0.83,,36.45,,2.51,,62.67,,,,,,19.16,6.52,19.72,10.3,0.0,,,0.89,,,,
21-Jan-2019,15:30,21-Jan-2019,15:45,Punjab,Patiala,"Model Town, Patiala - PPCB",1.05,112.92,,,,62.56,218.02,,,,98.4,45.1,37.5,33.8,55.8,0.83,,35.57,,2.51,,62.73,,,,,,36.47,6.51,19.62,10.32,0.0,,,0.89,,,,
21-Jan-2019,15:45,21-Jan-2019,16:00,Punjab,Patiala,"Model Town, Patiala - PPCB",1.05,95.79,,,,63.06,179.86,,,,98.4,43.2,24.1,47.0,61.1,0.83,,35.17,,2.52,,62.72,,,,,,26.17,6.63,19.68,10.3,0.0,,,0.89,,,,
21-Jan-2019,16:00,21-Jan-2019,16:15,Punjab,Patiala,"Model Town, Patiala - PPCB",0.77,99.77,,,,65.14,170.58,,,,98.4,42.1,51.1,36.4,77.8,0.83,,33.29,,2.53,,62.68,,,,,,25.97,,19.37,10.33,0.0,,,0.89,,,,
21-Jan-2019,16:15,21-Jan-2019,16:30,Punjab,Patiala,"Model Town, Patiala - PPCB",0.48,86.6,,,,67.34,167.93,,,,98.4,42.1,29.5,27.7,46.6,0.9,,28.39,,2.52,,62.67,,,,,,31.98,6.24,19.14,10.37,0.0,,,0.88,,,,
21-Jan-2019,16:30,21-Jan-2019,16:45,Punjab,Patiala,"Model Town, Patiala - PPCB",0.25,297.56,,,,68.25,170.26,,,,102.1,42.1,23.3,29.4,42.9,1.0,,23.95,,2.53,,62.64,,,,,,27.42,6.08,19.09,10.34,0.0,,,0.89,,,,
21-Jan-2019,16:45,21-Jan-2019,17:00,Punjab,Patiala,"Model Town, Patiala - PPCB",1.27,252.31,,,,69.1,155.25,,,,102.1,42.2,25.6,32.3,50.7,1.07,,20.54,,2.52,,62.67,,,,,,25.64,5.95,18.95,10.31,0.0,,,0.89,,,,
21-Jan-2019,17:00,21-Jan-2019,17:15,Punjab,Patiala,"Model Town, Patiala - PPCB",0.2,336.55,,,,72.24,142.58,,,,102.1,42.4,27.1,34.5,58.5,1.36,,15.95,,2.5,,62.74,,,,,,32.92,5.81,18.54,10.26,0.0,,,0.88,,,,
21-Jan-2019,17:15,21-Jan-2019,17:30,Punjab,Patiala,"Model Town, Patiala - PPCB",0.17,217.49,,,,81.9,141.84,,,,102.1,42.4,26.2,41.1,59.1,1.34,,10.39,,2.51,,62.69,,,,,,26.02,5.22,17.65,10.25,0.0,,,0.89,,,,
21-Jan-2019,17:30,21-Jan-2019,17:45,Punjab,Patiala,"Model Town, Patiala - PPCB",0.51,117.8,,,,79.17,140.19,,,,101.9,42.4,8.5,43.0,37.1,1.24,,14.97,,2.51,,62.65,,,,,,23.55,4.92,17.52,10.29,0.0,,,0.9,,,,
21-Jan-2019,17:45,21-Jan-2019,18:00,Punjab,Patiala,"Model Town, Patiala - PPCB",1.35,108.38,,,,64.42,143.06,,,,101.9,80.2,12.8,24.5,28.4,0.87,,33.61,,2.52,,62.66,,,,,,27.48,5.42,18.48,10.29,0.0,,,0.89,,,,
21-Jan-2019,18:00,21-Jan-2019,18:15,Punjab,Patiala,"Model Town, Patiala - PPCB",1.16,103.08,,,,64.03,157.65,,,,,102.2,29.2,43.2,69.4,0.8,,35.72,,2.51,,62.66,,,,,,30.31,,18.41,10.29,0.0,,,0.91,,,,
21-Jan-2019,18:15,21-Jan-2019,18:30,Punjab,Patiala,"Model Town, Patiala - PPCB",1.28,109.18,,,,64.62,148.32,,,,,102.2,66.1,55.8,115.7,0.8,,34.33,,2.51,,62.68,,,,,,31.61,,18.15,10.29,0.0,,,0.91,,,,
21-Jan-2019,18:30,21-Jan-2019,18:45,Punjab,Patiala,"Model Town, Patiala - PPCB",1.31,101.54,,,,66.75,148.21,,,,,102.2,62.5,54.8,109.9,0.94,,31.1,,2.51,,62.68,,,,,,21.8,,17.92,10.31,0.0,,,0.89,,,,
21-Jan-2019,18:45,21-Jan-2019,19:00,Punjab,Patiala,"Model Town, Patiala - PPCB",1.27,109.43,,,,65.22,154.03,,,,101.3,56.9,38.8,58.0,90.3,0.81,,30.59,,2.52,,62.63,,,,,,21.43,4.62,17.69,10.28,0.0,,,0.89,,,,
21-Jan-2019,19:00,21-Jan-2019,19:15,Punjab,Patiala,"Model Town, Patiala - PPCB",1.15,130.25,,,,68.11,131.46,,,,101.3,30.6,34.4,57.2,69.9,0.69,,30.81,,2.51,,62.66,,,,,,24.56,3.92,17.3,10.29,0.0,,,0.9,,,,
21-Jan-2019,19:15,21-Jan-2019,19:30,Punjab,Patiala,"Model Town, Patiala - PPCB",1.01,145.72,,,,73.82,140.97,,,,101.3,30.6,1.8,52.9,21.1,0.67,,28.77,,2.52,,62.67,,,,,,29.61,3.35,16.48,10.3,0.0,,,0.89,,,,
21-Jan-2019,19:30,21-Jan-2019,19:45,Punjab,Patiala,"Model Town, Patiala - PPCB",1.04,120.45,,,,75.27,137.03,,,,100.8,30.6,67.6,43.5,89.1,0.64,,27.56,,2.52,,62.63,,,,,,31.42,3.6,16.23,10.26,0.0,,,0.89,,,,
21-Jan-2019,19:45,21-Jan-2019,20:00,Punjab,Patiala,"Model Town, Patiala - PPCB",1.06,152.03,,,,72.55,152.98,,,,100.8,26.2,32.2,53.1,63.5,0.63,,26.33,,2.52,,62.72,,,,,,29.32,3.56,16.24,10.29,0.0,,,0.9,,,,
21-Jan-2019,20:00,21-Jan-2019,20:15,Punjab,Patiala,"Model Town, Patiala - PPCB",1.25,161.91,,,,69.77,163.61,,,,100.8,23.6,39.4,51.0,69.1,0.47,,28.2,,2.51,,62.74,,,,,,31.23,,16.32,10.37,0.0,,,0.89,,,,
21-Jan-2019,20:15,21-Jan-2019,20:30,Punjab,Patiala,"Model Town, Patiala - PPCB",1.44,153.51,,,,68.93,160.77,,,,100.7,23.6,52.0,67.4,96.7,0.47,,29.15,,2.51,,62.67,,,,,,36.65,3.33,16.32,10.42,0.0,,,0.89,,,,
21-Jan-2019,20:30,21-Jan-2019,20:45,Punjab,Patiala,"Model Town, Patiala - PPCB",1.28,149.55,,,,69.44,135.76,,,,96.0,23.6,9.1,40.5,26.2,0.39,,30.68,,2.52,,62.62,,,,,,26.62,2.98,16.17,10.35,0.0,,,0.9,,,,
21-Jan-2019,20:45,21-Jan-2019,21:00,Punjab,Patiala,"Model Town, Patiala - PPCB",1.85,161.65,,,,73.24,131.04,,,,96.0,18.4,22.3,63.9,68.6,0.37,,31.12,,2.52,,62.66,,,,,,24.11,2.79,15.65,10.35,0.0,,,0.9,,,,
21-Jan-2019,21:00,21-Jan-2019,21:15,Punjab,Patiala,"Model Town, Patiala - PPCB",1.84,161.66,,,,87.56,148.04,,,,96.0,15.3,41.8,41.5,71.2,0.37,,30.37,,2.52,,62.7,,,,,,32.46,2.62,14.41,10.39,7.5,,,0.9,,,,
21-Jan-2019,21:15,21-Jan-2019,21:30,Punjab,Patiala,"Model Town, Patiala - PPCB",1.44,128.74,,,,95.1,157.86,,,,96.0,15.3,64.7,44.5,86.9,0.36,,29.91,,2.52,,62.65,,,,,,39.62,2.31,13.4,10.33,1.0,,,0.89,,,,
21-Jan-2019,21:30,21-Jan-2019,21:45,Punjab,Patiala,"Model Town, Patiala - PPCB",0.72,92.71,,,,95.06,152.64,,,,94.7,15.3,64.0,30.5,77.9,0.37,,28.89,,2.54,,62.6,,,,,,40.75,2.02,13.6,10.31,0.0,,,0.88,,,,
21-Jan-2019,21:45,21-Jan-2019,22:00,Punjab,Patiala,"Model Town, Patiala - PPCB",0.67,74.84,,,,94.78,144.22,,,,94.7,16.9,45.3,49.6,80.8,0.35,,27.85,,2.53,,62.64,,,,,,32.23,1.86,13.64,10.29,0.0,,,0.88,,,,
21-Jan-2019,22:00,21-Jan-2019,22:15,Punjab,Patiala,"Model Town, Patiala - PPCB",0.74,66.49,,,,92.63,149.67,,,,94.7,17.9,58.4,39.1,83.3,0.29,,31.26,,2.52,,62.65,,,,,,31.0,1.9,13.73,10.29,0.0,,,0.89,,,,
21-Jan-2019,22:15,21-Jan-2019,22:30,Punjab,Patiala,"Model Town, Patiala - PPCB",0.45,72.74,,,,92.94,151.92,,,,94.7,17.9,66.1,73.6,133.1,0.28,,30.67,,2.52,,62.63,,,,,,35.38,1.78,13.65,10.27,0.0,,,0.89,,,,
21-Jan-2019,22:30,21-Jan-2019,22:45,Punjab,Patiala,"Model Town, Patiala - PPCB",0.18,77.71,,,,90.01,142.75,,,,97.8,17.9,36.6,52.6,77.2,0.24,,32.29,,2.52,,62.62,,,,,,30.05,1.73,13.72,10.27,0.5,,,0.88,,,,
21-Jan-2019,22:45,21-Jan-2019,23:00,Punjab,Patiala,"Model Town, Patiala - PPCB",0.49,74.92,,,,91.51,137.91,,,,97.8,14.6,30.3,48.7,66.2,0.23,,30.88,,2.54,,62.67,,,,,,27.75,1.64,13.51,10.31,0.0,,,0.9,,,,
21-Jan-2019,23:00,21-Jan-2019,23:15,Punjab,Patiala,"Model Town, Patiala - PPCB",0.3,82.24,,,,92.08,147.13,,,,97.8,12.7,37.6,48.1,79.5,0.23,,30.79,,2.53,,62.68,,,,,,28.45,1.56,13.44,10.3,0.0,,,0.9,,,,
21-Jan-2019,23:15,21-Jan-2019,23:30,Punjab,Patiala,"Model Town, Patiala - PPCB",0.53,133.71,,,,89.52,145.58,,,,97.7,12.7,24.0,45.5,52.4,0.27,,29.85,,2.52,,62.66,,,,,,33.63,1.55,13.5,10.29,0.0,,,0.88,,,,
21-Jan-2019,23:30,21-Jan-2019,23:45,Punjab,Patiala,"Model Town, Patiala - PPCB",0.36,144.95,,,,88.24,142.19,,,,93.7,12.7,36.8,64.2,90.6,0.26,,29.4,,2.52,,62.67,,,,,,32.18,1.5,13.57,10.29,0.0,,,0.9,,,,
21-Jan-2019,23:45,22-Jan-2019,00:00,Punjab,Patiala,"Model Town, Patiala - PPCB",0.22,125.62,,,,89.77,136.74,,,,93.7,10.3,17.9,42.4,51.4,0.26,,28.61,,2.52,,62.66,,,,,,28.85,1.55,13.36,10.27,0.0,,,0.89,,,,
22-Jan-2019,00:00,22-Jan-2019,00:15,Punjab,Patiala,"Model Town, Patiala - PPCB",0.15,66.03,,,,93.02,137.2,,,,93.7,8.9,51.3,61.7,106.2,0.29,,26.05,,2.52,,62.67,,,,,,27.25,,13.05,10.27,0.0,,,0.88,,,,
22-Jan-2019,00:15,22-Jan-2019,00:30,Punjab,Patiala,"Model Town, Patiala - PPCB",0.06,106.03,,,,94.84,137.85,,,,93.7,8.9,41.0,59.2,91.7,0.35,,21.55,,2.53,,62.63,,,,,,29.99,1.38,12.78,10.29,0.0,,,0.89,,,,
22-Jan-2019,00:30,22-Jan-2019,00:45,Punjab,Patiala,"Model Town, Patiala - PPCB",0.28,93.58,,,,94.85,137.66,,,,91.2,8.9,61.0,64.0,119.7,0.34,,20.94,,2.53,,62.69,,,,,,25.62,1.42,12.52,10.32,0.0,,,0.89,,,,
22-Jan-2019,00:45,22-Jan-2019,01:00,Punjab,Patiala,"Model Town, Patiala - PPCB",0.34,109.61,,,,94.85,143.44,,,,91.2,7.7,28.0,46.1,60.3,0.33,,22.29,,2.52,,62.7,,,,,,27.45,1.63,12.53,10.33,0.0,,,0.89,,,,
22-Jan-2019,01:00,22-Jan-2019,01:15,Punjab,Patiala,"Model Town, Patiala - PPCB",0.49,122.03,,,,94.3,142.56,,,,91.2,7.0,16.4,36.0,44.3,0.31,,24.01,,0.03,,0.7,,,,,,32.43,1.68,12.58,0.12,0.0,,,0.01,,,,
22-Jan-2019,01:15,22-Jan-2019,01:30,Punjab,Patiala,"Model Town, Patiala - PPCB",0.87,113.75,,,,91.03,139.83,,,,91.0,7.0,42.9,32.1,61.4,0.28,,25.57,,1.04,,25.78,,,,,,31.02,1.62,12.82,4.24,0.0,,,0.36,,,,
22-Jan-2019,01:30,22-Jan-2019,01:45,Punjab,Patiala,"Model Town, Patiala - PPCB",0.93,118.89,,,,88.92,152.77,,,,89.0,7.0,26.8,34.2,40.0,0.27,,28.67,,2.52,,62.7,,,,,,35.1,2.0,12.96,10.31,0.0,,,0.89,,,,
22-Jan-2019,01:45,22-Jan-2019,02:00,Punjab,Patiala,"Model Town, Patiala - PPCB",0.94,108.13,,,,87.25,157.47,,,,89.0,8.0,37.0,58.7,75.9,0.27,,30.02,,2.52,,62.61,,,,,,29.31,1.86,13.17,10.44,0.0,,,0.91,,,,
22-Jan-2019,02:00,22-Jan-2019,02:15,Punjab,Patiala,"Model Town, Patiala - PPCB",1.08,126.99,,,,86.4,156.7,,,,89.0,8.4,41.3,40.1,71.5,0.28,,30.01,,2.53,,62.67,,,,,,29.0,1.81,13.25,10.27,0.0,,,0.92,,,,
22-Jan-2019,02:15,22-Jan-2019,02:30,Punjab,Patiala,"Model Town, Patiala - PPCB",1.09,131.92,,,,86.2,156.44,,,,89.2,8.4,28.3,27.6,42.3,0.3,,28.98,,2.52,,62.66,,,,,,29.42,1.82,13.22,10.25,0.0,,,0.88,,,,
22-Jan-2019,02:30,22-Jan-2019,02:45,Punjab,Patiala,"Model Town, Patiala - PPCB",0.84,136.61,,,,86.45,151.9,,,,90.8,8.4,12.9,35.1,40.6,0.32,,28.03,,2.5,,62.66,,,,,,33.92,1.79,13.13,10.29,0.0,,,0.88,,,,
22-Jan-2019,02:45,22-Jan-2019,03:00,Punjab,Patiala,"Model Town, Patiala - PPCB",0.92,137.0,,,,86.75,148.9,,,,90.8,7.9,42.7,30.0,62.2,0.33,,27.44,,2.52,,62.61,,,,,,24.6,2.46,13.05,10.23,0.0,,,0.87,,,,
22-Jan-2019,03:00,22-Jan-2019,03:15,Punjab,Patiala,"Model Town, Patiala - PPCB",0.99,145.16,,,,86.45,154.07,,,,90.8,7.8,37.9,50.3,84.0,0.32,,26.94,,2.51,,62.72,,,,,,31.71,2.45,13.06,10.36,0.0,,,0.89,,,,
22-Jan-2019,03:15,22-Jan-2019,03:30,Punjab,Patiala,"Model Town, Patiala - PPCB",1.1,146.07,,,,87.14,158.18,,,,90.6,7.8,7.4,38.3,31.4,0.32,,26.51,,2.51,,62.72,,,,,,30.05,2.16,12.98,10.41,0.0,,,0.88,,,,
22-Jan-2019,03:30,22-Jan-2019,03:45,Punjab,Patiala,"Model Town, Patiala - PPCB",0.87,137.47,,,,87.85,158.55,,,,88.9,7.8,6.1,35.7,33.6,0.33,,25.47,,2.52,,62.66,,,,,,21.45,2.21,12.92,10.24,0.0,,,0.9,,,,
22-Jan-2019,03:45,22-Jan-2019,04:00,Punjab,Patiala,"Model Town, Patiala - PPCB",1.04,131.42,,,,87.85,151.11,,,,88.9,7.2,24.9,31.7,52.5,0.33,,24.78,,2.53,,62.73,,,,,,23.94,2.22,12.88,10.25,0.0,,,0.88,,,,
22-Jan-2019,04:00,22-Jan-2019,04:15,Punjab,Patiala,"Model Town, Patiala - PPCB",1.26,150.55,,,,87.75,159.59,,,,88.9,6.9,24.0,41.8,57.5,0.33,,24.45,,2.51,,62.68,,,,,,31.17,,12.86,10.24,0.0,,,0.9,,,,
22-Jan-2019,04:15,22-Jan-2019,04:30,Punjab,Patiala,"Model Town, Patiala - PPCB",1.19,167.29,,,,89.35,161.95,,,,88.8,6.9,41.2,39.6,72.3,0.32,,24.51,,2.53,,62.8,,,,,,29.29,2.27,12.82,10.32,0.0,,,0.88,,,,
22-Jan-2019,04:30,22-Jan-2019,04:45,Punjab,Patiala,"Model Town, Patiala - PPCB",1.25,140.47,,,,90.91,146.67,,,,87.5,6.9,41.0,45.4,81.1,0.26,,25.37,,2.52,,62.61,,,,,,30.51,1.96,12.72,10.35,0.0,,,0.87,,,,
22-Jan-2019,04:45,22-Jan-2019,05:00,Punjab,Patiala,"Model Town, Patiala - PPCB",1.72,138.3,,,,93.24,141.67,,,,87.5,6.2,36.0,32.1,55.5,0.23,,28.15,,2.51,,62.7,,,,,,29.93,1.8,12.57,10.28,1.0,,,0.9,,,,
22-Jan-2019,05:00,22-Jan-2019,05:15,Punjab,Patiala,"Model Town, Patiala - PPCB",1.94,127.09,,,,91.29,141.65,,,,87.5,5.9,29.7,47.5,68.5,0.21,,30.62,,2.54,,62.59,,,,,,24.6,1.8,12.77,10.26,0.0,,,0.9,,,,
22-Jan-2019,05:15,22-Jan-2019,05:30,Punjab,Patiala,"Model Town, Patiala - PPCB",1.84,100.15,,,,92.44,149.59,,,,87.4,5.9,30.7,54.5,72.6,0.22,,30.34,,2.52,,62.62,,,,,,17.7,1.73,12.63,10.28,0.5,,,0.9,,,,
22-Jan-2019,05:30,22-Jan-2019,05:45,Punjab,Patiala,"Model Town, Patiala - PPCB",1.89,102.1,,,,92.92,150.07,,,,86.6,5.9,39.2,53.7,81.9,0.22,,29.54,,2.51,,62.6,,,,,,26.09,1.71,12.58,10.32,0.0,,,0.89,,,,
22-Jan-2019,05:45,22-Jan-2019,06:00,Punjab,Patiala,"Model Town, Patiala - PPCB",1.86,107.42,,,,94.4,149.78,,,,86.6,7.3,16.9,49.7,42.6,0.22,,29.77,,2.53,,62.7,,,,,,25.09,1.54,12.49,10.27,0.5,,,0.89,,,,
22-Jan-2019,06:00,22-Jan-2019,06:15,Punjab,Patiala,"Model Town, Patiala - PPCB",1.46,150.86,,,,95.09,152.65,,,,86.6,7.9,28.2,40.7,48.3,0.22,,28.89,,2.52,,62.7,,,,,,31.99,1.45,12.28,10.48,0.0,,,0.89,,,,
22-Jan-2019,06:15,22-Jan-2019,06:30,Punjab,Patiala,"Model Town, Patiala - PPCB",1.63,125.03,,,,95.09,156.74,,,,86.8,7.9,47.2,34.8,69.3,0.22,,28.58,,2.52,,62.65,,,,,,29.43,1.36,12.31,10.33,0.0,,,0.89,,,,
22-Jan-2019,06:30,22-Jan-2019,06:45,Punjab,Patiala,"Model Town, Patiala - PPCB",1.59,125.1,,,,95.05,154.07,,,,89.0,7.9,45.4,33.0,71.8,0.22,,29.64,,2.51,,62.7,,,,,,25.47,1.37,12.42,10.36,1.0,,,0.89,,,,
22-Jan-2019,06:45,22-Jan-2019,07:00,Punjab,Patiala,"Model Town, Patiala - PPCB",1.53,113.63,,,,95.1,154.35,,,,89.0,7.3,12.3,52.3,50.7,0.23,,31.24,,2.52,,62.59,,,,,,21.88,1.36,12.31,10.37,1.0,,,0.89,,,,
22-Jan-2019,07:00,22-Jan-2019,07:15,Punjab,Patiala,"Model Town, Patiala - PPCB",1.16,111.15,,,,95.12,157.24,,,,89.0,7.1,70.5,58.9,122.7,0.24,,30.99,,2.52,,62.76,,,,,,31.56,1.34,12.25,10.44,0.5,,,0.87,,,,
22-Jan-2019,07:15,22-Jan-2019,07:30,Punjab,Patiala,"Model Town, Patiala - PPCB",1.51,106.92,,,,95.1,161.06,,,,88.7,7.1,41.8,41.6,70.9,0.26,,29.1,,2.53,,62.67,,,,,,32.19,1.25,12.16,10.27,3.0,,,0.9,,,,
22-Jan-2019,07:30,22-Jan-2019,07:45,Punjab,Patiala,"Model Town, Patiala - PPCB",1.28,117.09,,,,95.1,161.93,,,,86.7,7.1,23.2,34.6,48.3,0.26,,27.32,,2.51,,62.62,,,,,,32.64,1.23,12.03,10.29,3.5,,,0.89,,,,
22-Jan-2019,07:45,22-Jan-2019,08:00,Punjab,Patiala,"Model Town, Patiala - PPCB",1.01,108.61,,,,95.13,160.55,,,,86.7,5.7,49.0,73.6,112.7,0.27,,26.17,,2.51,,62.64,,,,,,24.77,1.23,11.96,10.31,0.0,,,0.9,,,,
22-Jan-2019,08:00,22-Jan-2019,08:15,Punjab,Patiala,"Model Town, Patiala - PPCB",,,,,,,,,,,,,,,,,,,,,,,,,,,,,,,,,,,,,,,
22-Jan-2019,08:15,22-Jan-2019,08:30,Punjab,Patiala,"Model Town, Patiala - PPCB",1.47,117.57,,,,95.13,157.93,,,,86.4,5.1,98.6,52.5,139.8,0.25,,27.43,,2.53,,62.66,,,,,,28.96,,11.94,10.34,0.5,,,0.89,,,,
22-Jan-2019,08:30,22-Jan-2019,08:45,Punjab,Patiala,"Model Town, Patiala - PPCB",1.57,116.33,,,,95.12,160.59,,,,85.7,5.1,21.1,40.1,46.7,0.28,,27.87,,2.56,,62.67,,,,,,27.86,1.12,11.87,10.41,0.5,,,0.88,,,,
22-Jan-2019,08:45,22-Jan-2019,09:00,Punjab,Patiala,"Model Town, Patiala - PPCB",1.51,103.72,,,,95.13,163.67,,,,85.7,3.9,65.6,53.9,112.8,0.28,,28.43,,2.52,,62.65,,,,,,25.1,1.11,11.73,10.26,0.5,,,0.9,,,,
22-Jan-2019,09:00,22-Jan-2019,09:15,Punjab,Patiala,"Model Town, Patiala - PPCB",1.34,114.19,,,,94.95,165.98,,,,85.7,3.6,38.5,54.5,85.0,0.28,,30.13,,2.53,,62.69,,,,,,28.4,1.02,11.53,10.28,1.0,,,0.89,,,,
22-Jan-2019,09:15,22-Jan-2019,09:30,Punjab,Patiala,"Model Town, Patiala - PPCB",1.26,111.13,,,,94.93,178.25,,,,85.5,3.6,23.4,54.7,72.7,0.31,,31.02,,2.52,,62.58,,,,,,27.83,0.99,11.39,10.26,1.5,,,0.89,,,,
22-Jan-2019,09:30,22-Jan-2019,09:45,Punjab,Patiala,"Model Town, Patiala - PPCB",1.09,105.52,,,,94.94,193.65,,,,67.4,3.6,27.3,44.4,59.9,0.33,,28.48,,2.52,,62.62,,,,,,27.35,0.96,11.33,10.24,1.5,,,0.89,,,,
22-Jan-2019,09:45,22-Jan-2019,10:00,Punjab,Patiala,"Model Town, Patiala - PPCB",1.17,97.84,,,,95.0,173.62,,,,24.7,4.3,0.3,47.3,12.4,0.37,,25.34,,2.51,,62.63,,,,,,20.58,1.1,11.37,10.34,2.5,,,0.89,,,,
22-Jan-2019,10:00,22-Jan-2019,10:15,Punjab,Patiala,"Model Town, Patiala - PPCB",1.2,114.86,,,,95.03,189.3,,,,24.7,4.4,12.9,50.9,28.1,0.4,,25.31,,2.51,,62.68,,,,,,28.12,1.28,11.37,10.28,1.0,,,0.9,,,,
22-Jan-2019,10:15,22-Jan-2019,10:30,Punjab,Patiala,"Model Town, Patiala - PPCB",0.86,127.3,,,,95.05,166.67,,,,25.7,4.4,0.0,20.1,2.1,0.42,,24.28,,2.54,,62.65,,,,,,22.35,1.41,11.46,10.32,0.5,,,0.9,,,,
22-Jan-2019,10:30,22-Jan-2019,10:45,Punjab,Patiala,"Model Town, Patiala - PPCB",0.82,102.28,,,,95.08,185.5,,,,29.1,4.4,0.9,24.7,13.8,0.47,,23.37,,2.52,,62.65,,,,,,26.24,1.46,11.61,10.38,0.0,,,0.88,,,,
22-Jan-2019,10:45,22-Jan-2019,11:00,Punjab,Patiala,"Model Town, Patiala - PPCB",0.92,107.5,,,,95.07,226.27,,,,29.1,4.9,2.5,19.7,18.4,0.52,,22.34,,2.51,,62.75,,,,,,28.38,1.51,11.97,10.35,0.0,,,0.89,,,,
22-Jan-2019,11:00,22-Jan-2019,11:15,Punjab,Patiala,"Model Town, Patiala - PPCB",0.49,171.7,,,,95.05,181.53,,,,29.1,5.1,5.0,20.6,24.8,0.53,,20.55,,2.52,,62.72,,,,,,25.26,1.55,12.29,10.3,0.0,,,0.9,,,,
22-Jan-2019,11:15,22-Jan-2019,11:30,Punjab,Patiala,"Model Town, Patiala - PPCB",0.4,230.77,,,,95.06,163.58,,,,29.0,5.1,7.9,24.5,29.3,0.55,,19.5,,2.51,,62.65,,,,,,27.08,1.63,12.28,10.3,0.0,,,0.88,,,,
22-Jan-2019,11:30,22-Jan-2019,11:45,Punjab,Patiala,"Model Town, Patiala - PPCB",0.27,235.47,,,,95.08,161.51,,,,28.9,5.1,2.3,25.6,18.5,0.55,,18.2,,2.52,,62.65,,,,,,25.3,1.53,12.13,10.34,0.0,,,0.88,,,,
22-Jan-2019,11:45,22-Jan-2019,12:00,Punjab,Patiala,"Model Town, Patiala - PPCB",0.07,152.84,,,,95.1,164.92,,,,28.9,4.9,8.0,22.6,30.0,0.59,,16.79,,2.53,,62.63,,,,,,28.14,1.61,12.09,10.22,0.0,,,0.91,,,,
22-Jan-2019,12:00,22-Jan-2019,12:15,Punjab,Patiala,"Model Town, Patiala - PPCB",0.45,193.49,,,,95.1,156.03,,,,28.9,4.9,8.0,23.8,31.8,0.38,,14.53,,2.54,,62.7,,,,,,27.43,,12.21,10.23,0.0,,,0.89,,,,
22-Jan-2019,12:15,22-Jan-2019,12:30,Punjab,Patiala,"Model Town, Patiala - PPCB",0.9,169.51,,,,95.1,163.85,,,,28.6,4.9,10.0,23.6,33.6,0.44,,19.1,,2.5,,62.8,,,,,,28.47,1.46,12.25,10.26,0.0,,,0.91,,,,
22-Jan-2019,12:30,22-Jan-2019,12:45,Punjab,Patiala,"Model Town, Patiala - PPCB",0.66,181.53,,,,95.1,171.79,,,,27.7,4.9,9.6,21.1,30.7,0.6,,18.41,,2.53,,62.67,,,,,,27.64,1.51,12.28,10.31,0.0,,,0.89,,,,
22-Jan-2019,12:45,22-Jan-2019,13:00,Punjab,Patiala,"Model Town, Patiala - PPCB",0.43,195.36,,,,95.1,168.82,,,,27.7,3.7,4.6,23.1,27.5,0.57,,16.82,,2.53,,62.79,,,,,,27.71,1.47,12.33,10.36,0.0,,,0.89,,,,
22-Jan-2019,13:00,22-Jan-2019,13:15,Punjab,Patiala,"Model Town, Patiala - PPCB",0.58,139.09,,,,95.1,191.76,,,,27.7,3.5,3.6,23.5,27.1,0.37,,17.05,,2.52,,62.65,,,,,,28.22,1.49,12.33,10.43,0.0,,,0.9,,,,
22-Jan-2019,13:15,22-Jan-2019,13:30,Punjab,Patiala,"Model Town, Patiala - PPCB",0.79,93.66,,,,95.06,200.38,,,,25.7,3.5,4.7,22.5,27.1,,,18.09,,2.52,,62.77,,,,,,28.05,,12.53,10.28,0.0,,,0.9,,,,
22-Jan-2019,13:30,22-Jan-2019,13:45,Punjab,Patiala,"Model Town, Patiala - PPCB",0.69,126.94,,,,95.05,197.65,,,,25.7,3.5,11.9,21.1,33.0,0.4,,17.03,,2.52,,62.76,,,,,,28.44,1.51,12.68,10.26,0.0,,,0.88,,,,
22-Jan-2019,13:45,22-Jan-2019,14:00,Punjab,Patiala,"Model Town, Patiala - PPCB",0.95,112.51,,,,95.05,236.46,,,,25.7,5.0,9.3,20.8,30.2,0.42,,17.42,,2.52,,62.58,,,,,,27.9,1.42,12.85,10.3,0.0,,,0.88,,,,
22-Jan-2019,14:00,22-Jan-2019,14:15,Punjab,Patiala,"Model Town, Patiala - PPCB",0.92,100.6,,,,95.11,279.97,,,,25.7,5.7,5.2,22.3,27.5,0.44,,17.21,,2.54,,62.68,,,,,,27.78,1.34,13.2,10.28,0.0,,,0.88,,,,
22-Jan-2019,14:15,22-Jan-2019,14:30,Punjab,Patiala,"Model Town, Patiala - PPCB",0.91,106.7,,,,95.29,245.91,,,,25.6,5.7,7.4,28.3,35.7,0.45,,18.29,,2.51,,62.67,,,,,,27.91,1.57,13.47,10.25,0.0,,,0.92,,,,
22-Jan-2019,14:30,22-Jan-2019,14:45,Punjab,Patiala,"Model Town, Patiala - PPCB",1.04,96.59,,,,95.24,267.72,,,,24.9,5.7,9.4,23.5,32.9,0.43,,19.37,,2.52,,62.67,,,,,,30.32,1.48,13.5,10.28,0.0,,,0.89,,,,
22-Jan-2019,14:45,22-Jan-2019,15:00,Punjab,Patiala,"Model Town, Patiala - PPCB",1.12,98.33,,,,95.23,243.44,,,,24.9,5.5,14.3,23.6,37.9,0.42,,16.19,,2.5,,62.64,,,,,,29.97,1.69,13.54,10.28,0.0,,,0.88,,,,
22-Jan-2019,15:00,22-Jan-2019,15:15,Punjab,Patiala,"Model Town, Patiala - PPCB",1.18,98.43,,,,95.22,252.18,,,,24.9,5.5,12.5,30.0,42.5,0.41,,16.35,,2.52,,62.65,,,,,,28.35,1.82,13.41,10.26,0.0,,,0.89,,,,
22-Jan-2019,15:15,22-Jan-2019,15:30,Punjab,Patiala,"Model Town, Patiala - PPCB",1.25,99.31,,,,95.19,253.29,,,,24.8,5.5,6.9,27.4,34.3,0.41,,16.37,,2.52,,62.67,,,,,,28.44,1.92,13.42,10.36,0.0,,,0.89,,,,
22-Jan-2019,15:30,22-Jan-2019,15:45,Punjab,Patiala,"Model Town, Patiala - PPCB",1.01,86.09,,,,95.2,276.87,,,,24.2,5.5,9.3,24.5,33.8,0.41,,15.43,,2.52,,62.63,,,,,,31.07,1.78,13.37,10.23,0.0,,,0.89,,,,
22-Jan-2019,15:45,22-Jan-2019,16:00,Punjab,Patiala,"Model Town, Patiala - PPCB",0.91,101.39,,,,95.18,250.8,,,,24.2,4.4,9.5,25.8,35.3,0.4,,17.38,,2.52,,62.68,,,,,,28.27,1.76,13.36,10.31,0.0,,,0.91,,,,
22-Jan-2019,16:00,22-Jan-2019,16:15,Punjab,Patiala,"Model Town, Patiala - PPCB",1.24,108.94,,,,94.86,245.59,,,,24.2,3.9,9.3,24.0,32.2,0.39,,16.61,,2.54,,62.67,,,,,,30.2,,13.4,10.3,0.0,,,0.9,,,,
22-Jan-2019,16:15,22-Jan-2019,16:30,Punjab,Patiala,"Model Town, Patiala - PPCB",1.16,100.56,,,,95.03,201.81,,,,24.4,3.9,13.4,25.2,38.5,0.42,,17.9,,2.51,,62.62,,,,,,28.1,1.72,13.29,10.29,0.0,,,0.91,,,,
22-Jan-2019,16:30,22-Jan-2019,16:45,Punjab,Patiala,"Model Town, Patiala - PPCB",1.15,90.7,,,,95.17,198.31,,,,26.9,3.9,17.4,22.6,39.6,0.44,,17.21,,2.53,,62.61,,,,,,29.18,1.77,13.2,10.3,0.0,,,0.91,,,,
22-Jan-2019,16:45,22-Jan-2019,17:00,Punjab,Patiala,"Model Town, Patiala - PPCB",1.22,94.43,,,,95.18,188.52,,,,26.9,4.6,19.6,22.1,40.9,0.42,,17.64,,2.51,,62.74,,,,,,26.53,1.64,13.0,10.25,0.0,,,0.9,,,,
22-Jan-2019,17:00,22-Jan-2019,17:15,Punjab,Patiala,"Model Town, Patiala - PPCB",1.38,95.6,,,,93.64,177.2,,,,26.9,4.9,6.3,30.2,35.0,0.39,,19.63,,2.52,,62.7,,,,,,26.61,1.47,12.92,10.4,0.0,,,0.89,,,,
22-Jan-2019,17:15,22-Jan-2019,17:30,Punjab,Patiala,"Model Town, Patiala - PPCB",1.67,93.01,,,,90.65,154.71,,,,26.7,4.9,13.7,20.3,30.4,0.31,,22.64,,2.51,,62.64,,,,,,31.18,1.39,12.67,10.29,0.0,,,0.89,,,,
22-Jan-2019,17:30,22-Jan-2019,17:45,Punjab,Patiala,"Model Town, Patiala - PPCB",1.23,86.62,,,,91.86,127.95,,,,49.1,4.9,18.6,34.8,50.2,0.32,,23.86,,2.51,,62.76,,,,,,24.08,1.29,12.36,10.23,0.0,,,0.89,,,,
22-Jan-2019,17:45,22-Jan-2019,18:00,Punjab,Patiala,"Model Town, Patiala - PPCB",1.24,89.87,,,,91.69,125.43,,,,55.4,5.4,9.4,24.6,31.8,0.31,,25.23,,2.5,,62.7,,,,,,27.5,1.02,12.09,10.33,0.0,,,0.9,,,,
22-Jan-2019,18:00,22-Jan-2019,18:15,Punjab,Patiala,"Model Town, Patiala - PPCB",1.04,89.97,,,,91.77,122.34,,,,55.4,5.6,14.4,23.3,37.2,0.32,,25.57,,2.51,,62.65,,,,,,28.77,1.05,11.84,10.24,0.0,,,0.9,,,,
22-Jan-2019,18:15,22-Jan-2019,18:30,Punjab,Patiala,"Model Town, Patiala - PPCB",0.93,90.12,,,,92.37,123.26,,,,55.8,5.6,9.5,16.6,25.0,0.35,,24.53,,2.51,,62.7,,,,,,30.52,0.92,11.64,10.37,0.0,,,0.88,,,,
22-Jan-2019,18:30,22-Jan-2019,18:45,Punjab,Patiala,"Model Town, Patiala - PPCB",0.87,86.48,,,,92.26,122.66,,,,59.1,5.6,13.7,34.0,45.9,0.34,,24.14,,2.51,,62.58,,,,,,26.75,0.92,11.53,10.24,0.0,,,0.91,,,,
22-Jan-2019,18:45,22-Jan-2019,19:00,Punjab,Patiala,"Model Town, Patiala - PPCB",0.77,91.95,,,,92.33,121.87,,,,59.1,5.5,38.1,30.1,65.9,0.36,,23.78,,2.52,,62.64,,,,,,29.44,0.85,11.38,10.38,0.0,,,0.89,,,,
22-Jan-2019,19:00,22-Jan-2019,19:15,Punjab,Patiala,"Model Town, Patiala - PPCB",0.63,92.81,,,,92.71,122.65,,,,59.1,5.5,14.6,31.5,43.1,0.36,,22.71,,2.51,,62.64,,,,,,28.76,0.82,11.18,10.31,0.0,,,0.89,,,,
22-Jan-2019,19:15,22-Jan-2019,19:30,Punjab,Patiala,"Model Town, Patiala - PPCB",0.61,91.49,,,,92.97,124.63,,,,58.8,5.5,28.1,24.0,45.9,0.43,,20.72,,2.53,,62.69,,,,,,32.88,0.89,11.07,10.23,0.0,,,0.87,,,,
22-Jan-2019,19:30,22-Jan-2019,19:45,Punjab,Patiala,"Model Town, Patiala - PPCB",0.72,90.73,,,,91.91,125.53,,,,56.8,5.5,16.8,41.7,42.3,0.47,,19.32,,2.51,,62.69,,,,,,28.13,0.73,11.03,10.26,0.0,,,0.9,,,,
22-Jan-2019,19:45,22-Jan-2019,20:00,Punjab,Patiala,"Model Town, Patiala - PPCB",0.73,94.72,,,,92.11,124.82,,,,56.8,5.5,12.4,43.9,39.6,0.49,,18.79,,2.5,,62.64,,,,,,31.95,0.84,10.9,10.38,0.0,,,0.91,,,,
22-Jan-2019,20:00,22-Jan-2019,20:15,Punjab,Patiala,"Model Town, Patiala - PPCB",0.64,99.82,,,,91.86,123.82,,,,56.8,5.6,40.1,49.2,81.0,0.59,,16.94,,2.51,,62.78,,,,,,27.52,,10.84,10.34,0.0,,,0.89,,,,
22-Jan-2019,20:15,22-Jan-2019,20:30,Punjab,Patiala,"Model Town, Patiala - PPCB",0.76,110.1,,,,90.52,127.61,,,,56.6,5.6,51.3,33.7,61.7,0.63,,17.2,,2.53,,62.66,,,,,,41.7,0.92,10.83,10.28,0.0,,,0.91,,,,
22-Jan-2019,20:30,22-Jan-2019,20:45,Punjab,Patiala,"Model Town, Patiala - PPCB",0.52,118.71,,,,88.22,126.69,,,,55.1,5.6,48.1,47.0,87.3,0.54,,20.26,,2.52,,62.7,,,,,,32.79,0.9,10.85,10.27,0.0,,,0.9,,,,
22-Jan-2019,20:45,22-Jan-2019,21:00,Punjab,Patiala,"Model Town, Patiala - PPCB",0.56,111.28,,,,86.43,126.41,,,,55.1,4.6,21.3,36.4,44.6,0.54,,20.79,,2.52,,62.66,,,,,,25.33,0.85,10.88,10.3,0.0,,,0.89,,,,
22-Jan-2019,21:00,22-Jan-2019,21:15,Punjab,Patiala,"Model Town, Patiala - PPCB",0.57,97.73,,,,85.98,126.3,,,,55.1,4.2,11.7,61.0,58.0,0.55,,20.36,,2.54,,62.69,,,,,,24.75,0.86,10.87,10.29,0.0,,,0.9,,,,
22-Jan-2019,21:15,22-Jan-2019,21:30,Punjab,Patiala,"Model Town, Patiala - PPCB",0.51,108.76,,,,86.66,126.72,,,,55.5,4.2,31.3,38.1,57.3,0.57,,19.7,,2.52,,62.67,,,,,,35.53,0.8,10.75,10.31,0.0,,,0.89,,,,
22-Jan-2019,21:30,22-Jan-2019,21:45,Punjab,Patiala,"Model Town, Patiala - PPCB",0.49,93.21,,,,87.02,127.14,,,,58.4,4.2,50.2,37.4,77.4,0.58,,19.2,,2.51,,62.7,,,,,,34.96,0.99,10.68,10.25,0.0,,,0.89,,,,
22-Jan-2019,21:45,22-Jan-2019,22:00,Punjab,Patiala,"Model Town, Patiala - PPCB",0.28,86.1,,,,87.84,122.14,,,,58.4,6.3,13.9,33.1,30.7,0.56,,18.74,,2.52,,62.62,,,,,,29.59,0.69,10.5,10.28,0.0,,,0.88,,,,
22-Jan-2019,22:00,22-Jan-2019,22:15,Punjab,Patiala,"Model Town, Patiala - PPCB",0.27,77.92,,,,88.78,127.08,,,,58.4,7.2,7.2,40.9,30.0,0.55,,18.52,,2.51,,62.66,,,,,,29.24,0.74,10.32,10.22,0.0,,,0.89,,,,
22-Jan-2019,22:15,22-Jan-2019,22:30,Punjab,Patiala,"Model Town, Patiala - PPCB",0.35,81.25,,,,88.62,128.06,,,,58.8,7.2,29.2,49.5,62.8,0.5,,18.67,,2.51,,62.67,,,,,,26.18,0.68,10.22,10.33,0.0,,,0.89,,,,
22-Jan-2019,22:30,22-Jan-2019,22:45,Punjab,Patiala,"Model Town, Patiala - PPCB",0.26,53.26,,,,88.94,127.92,,,,62.2,7.2,26.0,41.1,51.1,0.47,,19.5,,2.52,,62.67,,,,,,30.82,0.66,10.11,10.39,0.0,,,0.89,,,,
22-Jan-2019,22:45,22-Jan-2019,23:00,Punjab,Patiala,"Model Town, Patiala - PPCB",0.15,296.88,,,,90.86,124.42,,,,62.2,6.4,32.4,58.5,78.8,0.47,,15.18,,2.5,,62.65,,,,,,21.23,0.61,9.93,10.3,0.0,,,0.89,,,,
22-Jan-2019,23:00,22-Jan-2019,23:15,Punjab,Patiala,"Model Town, Patiala - PPCB",0.26,266.29,,,,93.99,124.86,,,,62.2,6.1,43.9,35.0,62.4,0.46,,9.92,,2.51,,62.66,,,,,,30.88,0.54,9.65,10.24,0.0,,,0.92,,,,
22-Jan-2019,23:15,22-Jan-2019,23:30,Punjab,Patiala,"Model Town, Patiala - PPCB",0.03,124.09,,,,94.89,123.6,,,,62.2,6.1,33.0,31.3,47.1,0.46,,8.14,,2.54,,62.69,,,,,,31.58,0.58,9.21,10.39,0.0,,,0.89,,,,
22-Jan-2019,23:30,22-Jan-2019,23:45,Punjab,Patiala,"Model Town, Patiala - PPCB",0.3,104.66,,,,94.93,131.0,,,,63.0,6.1,23.2,35.3,30.5,0.47,,7.95,,2.52,,62.61,,,,,,28.3,0.44,8.79,10.31,0.0,,,0.89,,,,
22-Jan-2019,23:45,23-Jan-2019,00:00,Punjab,Patiala,"Model Town, Patiala - PPCB",0.09,73.17,,,,94.95,133.77,,,,63.0,5.8,17.2,28.1,25.5,0.5,,7.03,,2.53,,62.65,,,,,,33.8,0.44,8.66,10.27,0.0,,,0.92,,,,
23-Jan-2019,00:00,23-Jan-2019,00:15,Punjab,Patiala,"Model Town, Patiala - PPCB",0.28,1.3,,,,95.12,138.61,,,,63.0,5.7,18.4,45.6,43.4,0.43,,8.3,,2.54,,62.71,,,,,,21.3,,8.8,10.26,0.0,,,0.87,,,,
23-Jan-2019,00:15,23-Jan-2019,00:30,Punjab,Patiala,"Model Town, Patiala - PPCB",0.07,264.92,,,,95.18,134.39,,,,62.8,5.7,33.3,29.4,52.6,0.41,,10.64,,2.53,,62.69,,,,,,30.9,0.51,8.7,10.36,0.0,,,0.88,,,,
23-Jan-2019,00:30,23-Jan-2019,00:45,Punjab,Patiala,"Model Town, Patiala - PPCB",0.12,44.48,,,,95.1,134.67,,,,60.5,5.7,6.8,39.5,19.9,0.43,,11.1,,2.51,,62.65,,,,,,26.95,0.51,8.57,10.24,0.0,,,0.87,,,,
23-Jan-2019,00:45,23-Jan-2019,01:00,Punjab,Patiala,"Model Town, Patiala - PPCB",0.38,254.37,,,,95.2,139.68,,,,60.5,6.0,4.7,49.3,34.3,0.43,,10.02,,2.52,,62.63,,,,,,19.91,0.44,8.39,10.34,0.0,,,0.88,,,,
23-Jan-2019,01:00,23-Jan-2019,01:15,Punjab,Patiala,"Model Town, Patiala - PPCB",0.29,254.11,,,,95.21,137.2,,,,60.5,6.1,9.9,46.0,46.9,0.44,,9.09,,2.5,,62.68,,,,,,23.75,0.51,8.29,10.34,0.0,,,0.91,,,,
23-Jan-2019,01:15,23-Jan-2019,01:30,Punjab,Patiala,"Model Town, Patiala - PPCB",0.12,219.6,,,,95.14,141.04,,,,60.3,6.1,16.0,41.4,37.1,0.44,,8.76,,2.53,,62.68,,,,,,26.52,0.58,8.18,10.28,0.0,,,0.89,,,,
23-Jan-2019,01:30,23-Jan-2019,01:45,Punjab,Patiala,"Model Town, Patiala - PPCB",0.24,250.98,,,,95.18,135.35,,,,57.8,6.1,6.0,29.1,24.5,0.45,,7.84,,2.53,,62.73,,,,,,30.7,0.53,8.0,10.29,0.0,,,0.89,,,,
23-Jan-2019,01:45,23-Jan-2019,02:00,Punjab,Patiala,"Model Town, Patiala - PPCB",0.4,270.77,,,,95.24,141.9,,,,57.8,8.1,35.7,21.1,52.5,0.45,,7.43,,2.53,,62.63,,,,,,28.68,0.46,7.98,10.27,0.0,,,0.89,,,,
23-Jan-2019,02:00,23-Jan-2019,02:15,Punjab,Patiala,"Model Town, Patiala - PPCB",0.18,198.57,,,,95.14,132.82,,,,57.8,8.9,30.3,31.7,56.3,0.42,,7.33,,2.51,,62.73,,,,,,21.62,0.53,7.84,10.29,0.0,,,0.87,,,,
23-Jan-2019,02:15,23-Jan-2019,02:30,Punjab,Patiala,"Model Town, Patiala - PPCB",0.14,168.75,,,,95.24,139.41,,,,57.6,8.9,4.1,32.1,26.4,0.42,,7.39,,2.51,,62.65,,,,,,25.17,0.48,7.56,10.29,0.0,,,0.9,,,,
23-Jan-2019,02:30,23-Jan-2019,02:45,Punjab,Patiala,"Model Town, Patiala - PPCB",0.25,269.37,,,,95.23,140.97,,,,56.1,8.9,8.0,23.6,21.1,0.42,,6.9,,2.52,,62.62,,,,,,29.36,0.55,7.6,10.27,0.0,,,0.88,,,,
23-Jan-2019,02:45,23-Jan-2019,03:00,Punjab,Patiala,"Model Town, Patiala - PPCB",0.19,245.95,,,,95.24,140.47,,,,56.1,7.7,11.8,21.2,21.6,0.4,,7.23,,2.52,,62.63,,,,,,31.82,0.48,7.48,10.39,0.0,,,0.89,,,,
23-Jan-2019,03:00,23-Jan-2019,03:15,Punjab,Patiala,"Model Town, Patiala - PPCB",0.37,282.09,,,,95.25,143.4,,,,56.1,7.1,22.5,40.6,58.2,0.4,,8.14,,2.5,,62.73,,,,,,24.31,0.61,7.83,10.25,0.0,,,0.87,,,,
23-Jan-2019,03:15,23-Jan-2019,03:30,Punjab,Patiala,"Model Town, Patiala - PPCB",0.1,179.7,,,,95.26,137.32,,,,56.0,7.1,20.9,22.8,37.2,0.39,,7.98,,2.53,,62.71,,,,,,30.43,0.54,7.64,10.38,0.0,,,0.9,,,,
23-Jan-2019,03:30,23-Jan-2019,03:45,Punjab,Patiala,"Model Town, Patiala - PPCB",0.39,265.57,,,,95.24,144.85,,,,55.4,7.1,12.2,29.9,30.2,0.41,,7.36,,2.53,,62.65,,,,,,25.34,0.63,7.52,10.27,0.0,,,0.89,,,,
23-Jan-2019,03:45,23-Jan-2019,04:00,Punjab,Patiala,"Model Town, Patiala - PPCB",0.42,281.18,,,,95.15,146.17,,,,55.4,6.7,24.7,25.7,47.9,0.42,,7.38,,2.52,,62.66,,,,,,29.32,0.58,7.87,10.34,0.0,,,0.87,,,,
23-Jan-2019,04:00,23-Jan-2019,04:15,Punjab,Patiala,"Model Town, Patiala - PPCB",0.52,273.07,,,,95.18,142.91,,,,55.4,6.5,20.2,39.1,55.2,0.4,,7.27,,2.53,,62.71,,,,,,27.83,,7.87,10.38,0.0,,,0.88,,,,
23-Jan-2019,04:15,23-Jan-2019,04:30,Punjab,Patiala,"Model Town, Patiala - PPCB",0.31,280.75,,,,95.18,140.97,,,,55.3,6.5,17.4,30.7,39.7,0.42,,7.31,,2.51,,62.62,,,,,,25.89,0.84,7.83,10.3,0.0,,,0.88,,,,
23-Jan-2019,04:30,23-Jan-2019,04:45,Punjab,Patiala,"Model Town, Patiala - PPCB",0.51,260.16,,,,95.15,140.76,,,,54.5,6.5,8.6,42.2,45.2,0.44,,7.4,,2.52,,62.67,,,,,,27.26,0.79,7.64,10.24,0.0,,,0.88,,,,
23-Jan-2019,04:45,23-Jan-2019,05:00,Punjab,Patiala,"Model Town, Patiala - PPCB",0.55,255.83,,,,95.08,140.47,,,,54.5,6.2,22.6,23.7,41.4,0.43,,7.17,,2.52,,62.6,,,,,,30.57,0.89,7.42,10.25,0.0,,,0.89,,,,
23-Jan-2019,05:00,23-Jan-2019,05:15,Punjab,Patiala,"Model Town, Patiala - PPCB",0.45,272.08,,,,95.02,141.85,,,,54.5,6.1,21.1,23.4,40.8,0.44,,7.04,,2.53,,62.71,,,,,,34.2,0.84,7.46,10.28,0.0,,,0.89,,,,
23-Jan-2019,05:15,23-Jan-2019,05:30,Punjab,Patiala,"Model Town, Patiala - PPCB",0.55,269.61,,,,95.02,144.36,,,,54.4,6.1,17.2,27.1,38.3,0.43,,7.63,,2.5,,62.68,,,,,,30.55,0.76,7.43,10.36,0.0,,,0.91,,,,
23-Jan-2019,05:30,23-Jan-2019,05:45,Punjab,Patiala,"Model Town, Patiala - PPCB",0.47,271.71,,,,95.02,142.17,,,,54.3,6.1,18.6,32.4,44.3,0.48,,7.89,,2.56,,62.61,,,,,,29.78,1.15,7.39,10.31,0.0,,,0.91,,,,
23-Jan-2019,05:45,23-Jan-2019,06:00,Punjab,Patiala,"Model Town, Patiala - PPCB",0.31,290.42,,,,95.02,140.94,,,,54.3,7.9,15.1,29.9,38.2,0.5,,7.66,,2.52,,62.62,,,,,,31.6,1.77,7.33,10.31,0.0,,,0.88,,,,
23-Jan-2019,06:00,23-Jan-2019,06:15,Punjab,Patiala,"Model Town, Patiala - PPCB",0.28,311.27,,,,95.02,144.06,,,,54.3,8.7,35.4,30.8,58.9,0.49,,7.8,,2.51,,62.69,,,,,,26.29,1.98,7.2,10.35,0.0,,,0.89,,,,
23-Jan-2019,06:15,23-Jan-2019,06:30,Punjab,Patiala,"Model Town, Patiala - PPCB",0.57,267.21,,,,95.02,143.33,,,,54.7,8.7,15.9,28.1,35.9,0.51,,7.98,,2.51,,62.61,,,,,,27.2,1.75,6.98,10.26,0.0,,,0.89,,,,
23-Jan-2019,06:30,23-Jan-2019,06:45,Punjab,Patiala,"Model Town, Patiala - PPCB",0.49,265.11,,,,95.03,142.36,,,,58.5,8.7,18.1,28.8,44.7,0.56,,7.11,,2.5,,62.72,,,,,,27.87,1.82,6.75,10.54,0.0,,,0.87,,,,
23-Jan-2019,06:45,23-Jan-2019,07:00,Punjab,Patiala,"Model Town, Patiala - PPCB",0.55,255.98,,,,95.04,144.61,,,,58.5,13.9,19.4,17.4,29.7,0.58,,6.3,,2.51,,62.62,,,,,,26.53,2.07,6.6,10.3,0.0,,,0.9,,,,
23-Jan-2019,07:00,23-Jan-2019,07:15,Punjab,Patiala,"Model Town, Patiala - PPCB",,,,,,,,,,,,,,,,,,,,,,,,,,,,,,,,,,,,,,,
23-Jan-2019,07:15,23-Jan-2019,07:30,Punjab,Patiala,"Model Town, Patiala - PPCB",0.67,250.25,,,,95.04,149.49,,,,58.5,16.0,8.2,20.3,16.0,0.68,,5.92,,2.53,,62.66,,,,,,24.94,1.88,6.36,10.32,0.0,,,0.9,,,,
23-Jan-2019,07:30,23-Jan-2019,07:45,Punjab,Patiala,"Model Town, Patiala - PPCB",0.45,257.29,,,,95.04,167.6,,,,58.7,16.0,16.3,37.9,46.9,0.7,,5.49,,2.51,,62.71,,,,,,26.87,1.84,6.2,10.31,0.0,,,0.92,,,,
23-Jan-2019,07:45,23-Jan-2019,08:00,Punjab,Patiala,"Model Town, Patiala - PPCB",0.12,44.59,,,,95.04,200.37,,,,58.7,17.0,24.1,36.7,55.0,0.69,,5.63,,2.5,,62.69,,,,,,25.13,1.77,6.61,10.44,0.0,,,0.88,,,,
23-Jan-2019,08:00,23-Jan-2019,08:15,Punjab,Patiala,"Model Town, Patiala - PPCB",0.39,266.19,,,,95.04,252.14,,,,58.7,17.5,5.5,33.1,30.3,0.81,,5.99,,2.54,,62.6,,,,,,25.2,,7.28,10.28,0.0,,,0.89,,,,
23-Jan-2019,08:15,23-Jan-2019,08:30,Punjab,Patiala,"Model Town, Patiala - PPCB",0.62,252.56,,,,95.04,304.98,,,,58.6,17.5,26.5,27.8,50.9,0.8,,6.28,,2.53,,62.67,,,,,,31.51,2.52,7.88,10.29,0.0,,,0.9,,,,
23-Jan-2019,08:30,23-Jan-2019,08:45,Punjab,Patiala,"Model Town, Patiala - PPCB",0.15,332.86,,,,95.01,333.78,,,,57.5,17.5,19.6,27.8,45.9,0.73,,7.51,,2.51,,62.61,,,,,,24.57,3.54,8.93,10.25,0.0,,,0.89,,,,
23-Jan-2019,08:45,23-Jan-2019,09:00,Punjab,Patiala,"Model Town, Patiala - PPCB",0.23,328.74,,,,94.17,241.93,,,,57.5,19.8,12.2,32.6,34.7,0.72,,7.82,,2.51,,62.68,,,,,,25.62,6.98,10.27,10.37,0.0,,,0.89,,,,
23-Jan-2019,09:00,23-Jan-2019,09:15,Punjab,Patiala,"Model Town, Patiala - PPCB",0.25,288.1,,,,86.6,405.85,,,,57.5,20.8,20.5,24.8,41.6,0.72,,8.26,,2.51,,62.58,,,,,,29.66,10.6,11.57,10.3,0.0,,,0.88,,,,
23-Jan-2019,09:15,23-Jan-2019,09:30,Punjab,Patiala,"Model Town, Patiala - PPCB",0.63,260.44,,,,85.55,375.81,,,,57.9,20.8,30.7,31.4,61.3,0.64,,11.93,,2.52,,62.75,,,,,,27.79,11.66,11.65,10.27,0.0,,,0.88,,,,
23-Jan-2019,09:30,23-Jan-2019,09:45,Punjab,Patiala,"Model Town, Patiala - PPCB",0.78,261.33,,,,85.98,460.34,,,,61.6,20.8,12.2,28.8,33.1,1.36,,14.09,,2.52,,62.78,,,,,,25.22,11.94,11.74,10.32,0.0,,,0.89,,,,
23-Jan-2019,09:45,23-Jan-2019,10:00,Punjab,Patiala,"Model Town, Patiala - PPCB",0.69,255.1,,,,81.66,466.98,,,,61.6,24.3,4.3,29.3,24.9,0.71,,11.36,,2.51,,62.71,,,,,,25.67,14.11,12.92,10.29,0.0,,,0.89,,,,
23-Jan-2019,10:00,23-Jan-2019,10:15,Punjab,Patiala,"Model Town, Patiala - PPCB",0.87,257.45,,,,81.31,626.14,,,,61.6,25.7,8.2,21.2,28.1,0.65,,12.43,,2.55,,62.69,,,,,,27.25,12.66,13.42,10.29,0.0,,,0.88,,,,
23-Jan-2019,10:15,23-Jan-2019,10:30,Punjab,Patiala,"Model Town, Patiala - PPCB",0.85,257.04,,,,80.17,336.07,,,,62.3,25.7,5.9,25.8,29.8,0.59,,14.32,,2.54,,62.58,,,,,,27.34,10.53,14.0,10.27,0.0,,,0.89,,,,
23-Jan-2019,10:30,23-Jan-2019,10:45,Punjab,Patiala,"Model Town, Patiala - PPCB",0.84,255.83,,,,77.27,395.3,,,,69.1,25.7,4.8,25.0,29.6,0.53,,16.51,,2.51,,62.64,,,,,,26.87,9.63,14.76,10.33,0.0,,,0.89,,,,
23-Jan-2019,10:45,23-Jan-2019,11:00,Punjab,Patiala,"Model Town, Patiala - PPCB",0.74,259.45,,,,75.76,551.2,,,,69.1,23.8,11.9,20.4,32.3,0.47,,20.46,,2.52,,62.65,,,,,,29.31,8.52,14.99,10.27,0.0,,,0.91,,,,
23-Jan-2019,11:00,23-Jan-2019,11:15,Punjab,Patiala,"Model Town, Patiala - PPCB",0.68,266.23,,,,73.51,618.74,,,,69.1,23.0,8.6,17.6,26.2,0.45,,26.84,,2.5,,62.64,,,,,,29.68,7.64,15.7,10.22,0.0,,,0.89,,,,
23-Jan-2019,11:15,23-Jan-2019,11:30,Punjab,Patiala,"Model Town, Patiala - PPCB",0.95,254.55,,,,73.13,452.48,,,,68.7,23.0,18.9,23.3,42.2,0.42,,28.28,,2.54,,62.74,,,,,,28.88,7.19,15.93,10.27,0.0,,,0.9,,,,
23-Jan-2019,11:30,23-Jan-2019,11:45,Punjab,Patiala,"Model Town, Patiala - PPCB",0.81,261.19,,,,71.47,629.84,,,,64.4,23.0,6.6,26.4,30.9,0.42,,29.22,,2.53,,62.7,,,,,,29.47,6.99,16.35,10.28,0.0,,,0.9,,,,
23-Jan-2019,11:45,23-Jan-2019,12:00,Punjab,Patiala,"Model Town, Patiala - PPCB",0.9,258.37,,,,68.04,683.81,,,,64.4,21.8,12.4,27.1,39.0,0.36,,29.57,,2.51,,62.58,,,,,,25.42,6.93,16.9,10.33,0.0,,,0.9,,,,
23-Jan-2019,12:00,23-Jan-2019,12:15,Punjab,Patiala,"Model Town, Patiala - PPCB",0.24,225.17,,,,63.81,685.01,,,,64.4,21.3,13.6,34.3,45.9,0.3,,29.04,,2.51,,62.63,,,,,,25.58,,17.45,10.25,0.0,,,0.88,,,,
23-Jan-2019,12:15,23-Jan-2019,12:30,Punjab,Patiala,"Model Town, Patiala - PPCB",0.62,257.64,,,,59.9,355.49,,,,64.1,21.3,15.1,18.8,31.3,0.3,,25.25,,2.51,,62.77,,,,,,30.13,5.87,17.94,10.35,0.0,,,0.89,,,,
23-Jan-2019,12:30,23-Jan-2019,12:45,Punjab,Patiala,"Model Town, Patiala - PPCB",0.35,273.22,,,,55.6,424.37,,,,61.2,21.3,19.8,23.8,38.4,0.28,,32.69,,2.52,,62.65,,,,,,26.69,4.75,18.56,10.31,0.0,,,0.89,,,,
23-Jan-2019,12:45,23-Jan-2019,13:00,Punjab,Patiala,"Model Town, Patiala - PPCB",0.89,256.85,,,,57.95,307.09,,,,61.2,17.4,13.8,28.0,25.4,0.29,,32.41,,2.51,,62.68,,,,,,27.83,4.32,18.04,10.34,0.0,,,0.89,,,,
23-Jan-2019,13:00,23-Jan-2019,13:15,Punjab,Patiala,"Model Town, Patiala - PPCB",0.93,255.26,,,,58.64,209.47,,,,61.2,15.8,37.6,31.0,59.1,0.25,,33.01,,2.52,,62.72,,,,,,28.98,3.92,17.64,10.27,0.0,,,0.93,,,,
23-Jan-2019,13:15,23-Jan-2019,13:30,Punjab,Patiala,"Model Town, Patiala - PPCB",0.83,257.36,,,,55.39,211.49,,,,61.1,15.8,26.6,34.4,37.1,0.22,,32.42,,2.53,,62.74,,,,,,29.48,3.39,17.56,10.32,0.0,,,0.89,,,,
23-Jan-2019,13:30,23-Jan-2019,13:45,Punjab,Patiala,"Model Town, Patiala - PPCB",0.49,283.51,,,,50.43,207.1,,,,60.3,15.8,13.8,48.8,50.4,0.22,,31.2,,2.52,,62.69,,,,,,26.28,2.97,17.79,10.27,0.0,,,0.9,,,,
23-Jan-2019,13:45,23-Jan-2019,14:00,Punjab,Patiala,"Model Town, Patiala - PPCB",0.83,245.03,,,,46.55,211.07,,,,60.3,15.6,30.1,37.3,52.3,0.17,,32.18,,2.51,,62.62,,,,,,28.86,2.32,18.05,10.33,0.0,,,0.89,,,,
23-Jan-2019,14:00,23-Jan-2019,14:15,Punjab,Patiala,"Model Town, Patiala - PPCB",0.51,245.21,,,,50.46,211.52,,,,60.3,15.5,65.0,42.3,96.1,0.19,,33.64,,2.51,,62.67,,,,,,34.08,2.29,17.98,10.36,0.0,,,0.89,,,,
23-Jan-2019,14:15,23-Jan-2019,14:30,Punjab,Patiala,"Model Town, Patiala - PPCB",0.93,256.89,,,,50.82,214.44,,,,60.3,15.5,61.4,45.1,79.4,0.19,,33.58,,2.54,,62.65,,,,,,41.78,2.03,17.96,10.33,0.0,,,0.88,,,,
23-Jan-2019,14:30,23-Jan-2019,14:45,Punjab,Patiala,"Model Town, Patiala - PPCB",0.93,257.37,,,,48.34,211.38,,,,60.3,15.5,32.7,44.2,53.9,0.17,,36.01,,2.53,,62.66,,,,,,15.74,1.88,17.89,10.29,0.0,,,0.87,,,,
23-Jan-2019,14:45,23-Jan-2019,15:00,Punjab,Patiala,"Model Town, Patiala - PPCB",1.2,255.42,,,,48.83,210.82,,,,60.3,12.8,22.8,34.0,41.3,0.17,,36.63,,2.51,,62.68,,,,,,28.5,1.94,17.72,10.33,0.0,,,0.9,,,,
23-Jan-2019,15:00,23-Jan-2019,15:15,Punjab,Patiala,"Model Town, Patiala - PPCB",1.01,252.81,,,,47.81,202.72,,,,60.3,11.7,46.3,42.7,75.7,0.17,,36.41,,2.52,,62.62,,,,,,32.51,1.69,17.81,10.31,0.0,,,0.9,,,,
23-Jan-2019,15:15,23-Jan-2019,15:30,Punjab,Patiala,"Model Town, Patiala - PPCB",1.31,253.01,,,,52.59,199.75,,,,60.4,11.7,107.3,44.4,129.6,0.19,,36.49,,2.52,,62.63,,,,,,41.46,1.94,17.53,10.24,0.0,,,0.93,,,,
23-Jan-2019,15:30,23-Jan-2019,15:45,Punjab,Patiala,"Model Town, Patiala - PPCB",1.34,253.23,,,,54.14,194.63,,,,61.3,11.7,72.4,39.6,98.1,0.21,,36.14,,2.53,,62.61,,,,,,33.37,2.21,17.42,10.29,0.0,,,0.91,,,,
23-Jan-2019,15:45,23-Jan-2019,16:00,Punjab,Patiala,"Model Town, Patiala - PPCB",1.05,256.18,,,,56.35,192.96,,,,61.3,12.3,34.6,49.2,71.6,0.19,,29.33,,2.51,,62.68,,,,,,23.35,2.35,17.25,10.41,0.0,,,0.89,,,,
23-Jan-2019,16:00,23-Jan-2019,16:15,Punjab,Patiala,"Model Town, Patiala - PPCB",0.48,268.88,,,,56.63,179.14,,,,61.3,12.5,19.7,50.9,61.5,0.27,,31.05,,2.52,,62.64,,,,,,30.64,,17.33,10.31,0.0,,,0.9,,,,
23-Jan-2019,16:15,23-Jan-2019,16:30,Punjab,Patiala,"Model Town, Patiala - PPCB",1.01,255.66,,,,56.85,175.55,,,,61.6,12.5,76.4,39.7,93.4,0.29,,31.61,,2.52,,62.67,,,,,,31.52,2.5,17.04,10.27,0.0,,,0.9,,,,
23-Jan-2019,16:30,23-Jan-2019,16:45,Punjab,Patiala,"Model Town, Patiala - PPCB",0.91,256.25,,,,57.75,168.92,,,,63.9,12.5,59.0,62.5,112.4,0.33,,25.37,,2.54,,62.64,,,,,,35.03,2.62,16.91,10.26,0.0,,,0.91,,,,
23-Jan-2019,16:45,23-Jan-2019,17:00,Punjab,Patiala,"Model Town, Patiala - PPCB",0.93,255.48,,,,58.96,177.23,,,,63.9,12.0,39.8,63.0,95.2,0.3,,30.66,,2.53,,62.61,,,,,,25.47,2.19,16.59,10.27,0.0,,,0.89,,,,
23-Jan-2019,17:00,23-Jan-2019,17:15,Punjab,Patiala,"Model Town, Patiala - PPCB",0.74,255.32,,,,61.39,146.89,,,,63.9,11.8,47.6,35.9,77.0,0.45,,27.7,,2.53,,62.64,,,,,,35.45,2.09,16.26,10.44,0.0,,,0.9,,,,
23-Jan-2019,17:15,23-Jan-2019,17:30,Punjab,Patiala,"Model Town, Patiala - PPCB",0.46,254.36,,,,65.05,132.79,,,,63.5,11.8,35.5,26.2,54.4,0.45,,22.04,,2.52,,62.69,,,,,,30.33,2.09,15.87,10.3,0.0,,,0.89,,,,
23-Jan-2019,17:30,23-Jan-2019,17:45,Punjab,Patiala,"Model Town, Patiala - PPCB",0.3,250.72,,,,69.64,116.52,,,,60.7,11.8,46.6,43.7,80.6,0.44,,19.68,,2.51,,62.7,,,,,,29.8,2.2,15.29,10.32,0.0,,,0.9,,,,
23-Jan-2019,17:45,23-Jan-2019,18:00,Punjab,Patiala,"Model Town, Patiala - PPCB",0.04,218.37,,,,74.98,112.1,,,,60.7,14.4,48.3,37.0,83.9,0.67,,10.35,,2.51,,62.72,,,,,,30.92,2.07,14.59,10.29,0.0,,,0.88,,,,
23-Jan-2019,18:00,23-Jan-2019,18:15,Punjab,Patiala,"Model Town, Patiala - PPCB",0.11,278.8,,,,79.68,118.2,,,,60.7,15.4,20.1,36.3,51.0,0.8,,7.67,,2.52,,62.64,,,,,,28.47,2.25,13.89,10.23,0.0,,,0.88,,,,
23-Jan-2019,18:15,23-Jan-2019,18:30,Punjab,Patiala,"Model Town, Patiala - PPCB",0.22,256.6,,,,83.66,121.73,,,,60.7,15.4,16.1,29.6,38.8,1.06,,5.78,,2.5,,62.62,,,,,,24.33,2.31,13.38,10.26,0.0,,,0.89,,,,
23-Jan-2019,18:30,23-Jan-2019,18:45,Punjab,Patiala,"Model Town, Patiala - PPCB",0.07,221.71,,,,86.78,120.82,,,,60.3,15.4,7.7,17.0,18.1,1.19,,5.65,,2.5,,62.64,,,,,,31.09,2.29,12.96,10.3,0.0,,,0.88,,,,
23-Jan-2019,18:45,23-Jan-2019,19:00,Punjab,Patiala,"Model Town, Patiala - PPCB",0.12,212.21,,,,88.6,121.63,,,,60.3,15.6,7.3,39.2,40.1,1.25,,5.57,,2.52,,62.72,,,,,,25.52,2.23,12.62,10.27,0.0,,,0.9,,,,
23-Jan-2019,19:00,23-Jan-2019,19:15,Punjab,Patiala,"Model Town, Patiala - PPCB",0.19,256.8,,,,90.37,122.86,,,,60.3,15.7,22.5,39.5,58.4,1.37,,5.59,,2.51,,62.62,,,,,,28.75,2.12,12.35,10.35,0.0,,,0.9,,,,
23-Jan-2019,19:15,23-Jan-2019,19:30,Punjab,Patiala,"Model Town, Patiala - PPCB",0.16,237.99,,,,92.05,124.73,,,,60.6,15.7,38.4,26.9,58.6,1.19,,5.46,,2.54,,62.73,,,,,,29.19,2.05,12.08,10.4,0.0,,,0.88,,,,
23-Jan-2019,19:30,23-Jan-2019,19:45,Punjab,Patiala,"Model Town, Patiala - PPCB",0.05,137.57,,,,94.13,129.8,,,,62.6,15.7,32.6,30.9,61.1,1.22,,5.4,,2.52,,62.63,,,,,,28.47,1.82,11.75,10.27,0.0,,,0.88,,,,
23-Jan-2019,19:45,23-Jan-2019,20:00,Punjab,Patiala,"Model Town, Patiala - PPCB",0.23,246.51,,,,94.8,129.24,,,,62.6,18.3,38.4,20.7,51.7,1.41,,5.48,,2.53,,62.64,,,,,,30.32,1.89,11.71,10.25,0.0,,,0.88,,,,
23-Jan-2019,20:00,23-Jan-2019,20:15,Punjab,Patiala,"Model Town, Patiala - PPCB",0.16,119.82,,,,94.97,131.33,,,,62.6,19.3,34.1,34.9,63.7,1.36,,5.55,,2.52,,62.58,,,,,,21.5,,11.47,10.3,0.0,,,0.87,,,,
23-Jan-2019,20:15,23-Jan-2019,20:30,Punjab,Patiala,"Model Town, Patiala - PPCB",0.12,209.31,,,,95.0,132.5,,,,62.3,19.3,24.8,44.4,59.3,1.48,,5.47,,2.52,,62.66,,,,,,27.63,1.56,11.28,10.31,0.0,,,0.89,,,,
23-Jan-2019,20:30,23-Jan-2019,20:45,Punjab,Patiala,"Model Town, Patiala - PPCB",0.29,248.82,,,,95.16,133.2,,,,59.9,19.3,10.7,27.7,19.6,1.82,,5.39,,2.52,,62.65,,,,,,33.63,1.78,11.24,10.28,0.0,,,0.89,,,,
23-Jan-2019,20:45,23-Jan-2019,21:00,Punjab,Patiala,"Model Town, Patiala - PPCB",0.28,253.92,,,,95.09,132.58,,,,59.9,21.7,6.1,43.3,22.3,1.74,,5.25,,2.52,,62.65,,,,,,30.52,1.68,11.06,10.3,0.0,,,0.88,,,,
23-Jan-2019,21:00,23-Jan-2019,21:15,Punjab,Patiala,"Model Town, Patiala - PPCB",0.2,239.73,,,,95.04,133.57,,,,59.9,22.6,19.5,36.8,34.0,1.57,,5.15,,2.51,,62.63,,,,,,24.39,1.6,10.86,10.23,0.0,,,0.89,,,,
23-Jan-2019,21:15,23-Jan-2019,21:30,Punjab,Patiala,"Model Town, Patiala - PPCB",0.19,234.74,,,,95.05,136.23,,,,59.8,22.6,36.7,60.2,79.9,1.45,,5.1,,2.52,,62.58,,,,,,32.52,1.4,10.7,10.44,0.0,,,0.89,,,,
23-Jan-2019,21:30,23-Jan-2019,21:45,Punjab,Patiala,"Model Town, Patiala - PPCB",0.25,252.65,,,,95.05,137.37,,,,59.5,22.6,27.6,62.2,76.7,1.48,,5.1,,2.51,,62.79,,,,,,30.37,1.39,10.57,10.34,0.0,,,0.87,,,,
23-Jan-2019,21:45,23-Jan-2019,22:00,Punjab,Patiala,"Model Town, Patiala - PPCB",0.2,239.09,,,,95.05,135.3,,,,59.5,24.7,53.8,40.8,67.7,1.54,,5.15,,2.53,,62.63,,,,,,31.44,1.52,10.44,10.32,0.0,,,0.91,,,,
23-Jan-2019,22:00,23-Jan-2019,22:15,Punjab,Patiala,"Model Town, Patiala - PPCB",0.24,251.72,,,,95.04,136.85,,,,59.5,25.6,31.0,62.3,76.6,1.45,,5.18,,2.52,,62.6,,,,,,26.55,1.4,10.37,10.27,0.0,,,0.89,,,,
23-Jan-2019,22:15,23-Jan-2019,22:30,Punjab,Patiala,"Model Town, Patiala - PPCB",0.21,259.09,,,,95.04,138.32,,,,59.4,25.6,50.1,37.1,77.6,1.11,,5.18,,2.53,,62.65,,,,,,33.93,0.98,10.23,10.32,0.0,,,0.89,,,,
23-Jan-2019,22:30,23-Jan-2019,22:45,Punjab,Patiala,"Model Town, Patiala - PPCB",0.2,228.03,,,,95.04,135.86,,,,58.2,25.6,27.0,58.0,57.5,1.11,,5.14,,2.5,,62.72,,,,,,27.57,0.92,10.08,10.29,0.0,,,0.87,,,,
23-Jan-2019,22:45,23-Jan-2019,23:00,Punjab,Patiala,"Model Town, Patiala - PPCB",0.2,233.2,,,,95.05,137.6,,,,58.2,25.3,34.2,57.9,78.5,1.06,,5.14,,2.51,,62.68,,,,,,27.08,0.93,9.97,10.26,0.0,,,0.88,,,,
23-Jan-2019,23:00,23-Jan-2019,23:15,Punjab,Patiala,"Model Town, Patiala - PPCB",0.25,235.99,,,,95.05,137.59,,,,58.2,25.2,45.0,51.9,76.7,1.02,,5.3,,2.51,,62.65,,,,,,29.49,0.77,9.88,10.34,0.0,,,0.88,,,,
23-Jan-2019,23:15,23-Jan-2019,23:30,Punjab,Patiala,"Model Town, Patiala - PPCB",0.22,237.03,,,,95.06,138.95,,,,59.2,25.2,43.0,56.6,92.4,0.96,,5.54,,2.54,,62.66,,,,,,39.24,0.59,9.78,10.35,0.0,,,0.87,,,,
23-Jan-2019,23:30,23-Jan-2019,23:45,Punjab,Patiala,"Model Town, Patiala - PPCB",0.19,217.32,,,,95.09,136.41,,,,68.3,25.2,40.0,48.7,73.2,0.9,,5.51,,2.53,,62.6,,,,,,36.65,0.71,9.71,10.26,0.0,,,0.9,,,,
23-Jan-2019,23:45,24-Jan-2019,00:00,Punjab,Patiala,"Model Town, Patiala - PPCB",0.24,247.6,,,,95.08,138.52,,,,68.3,22.5,23.6,56.4,61.7,0.76,,6.04,,2.52,,62.6,,,,,,29.89,0.58,9.67,10.38,0.0,,,0.88,,,,
24-Jan-2019,00:00,24-Jan-2019,00:15,Punjab,Patiala,"Model Town, Patiala - PPCB",0.23,198.02,,,,95.08,137.46,,,,68.3,21.4,54.4,61.8,100.8,0.6,,5.97,,2.51,,62.62,,,,,,29.14,,9.55,10.29,0.0,,,0.88,,,,
24-Jan-2019,00:15,24-Jan-2019,00:30,Punjab,Patiala,"Model Town, Patiala - PPCB",0.27,237.39,,,,95.08,138.53,,,,67.8,21.4,49.7,44.6,77.4,0.55,,6.32,,2.51,,62.65,,,,,,34.44,0.67,9.44,10.26,0.0,,,0.92,,,,
24-Jan-2019,00:30,24-Jan-2019,00:45,Punjab,Patiala,"Model Town, Patiala - PPCB",0.25,225.75,,,,95.01,136.69,,,,63.3,21.4,31.6,51.1,55.0,0.54,,6.07,,2.5,,62.71,,,,,,34.36,0.8,9.42,10.32,0.0,,,0.88,,,,
24-Jan-2019,00:45,24-Jan-2019,01:00,Punjab,Patiala,"Model Town, Patiala - PPCB",0.27,235.05,,,,94.93,136.83,,,,63.3,19.6,34.1,32.3,46.6,0.55,,6.02,,2.51,,62.62,,,,,,39.63,0.76,9.35,10.28,0.0,,,0.89,,,,
24-Jan-2019,01:00,24-Jan-2019,01:15,Punjab,Patiala,"Model Town, Patiala - PPCB",0.25,233.36,,,,94.93,134.34,,,,63.3,18.8,45.7,56.0,90.8,0.57,,6.26,,2.51,,62.63,,,,,,30.3,0.84,9.37,10.27,0.0,,,0.89,,,,
24-Jan-2019,01:15,24-Jan-2019,01:30,Punjab,Patiala,"Model Town, Patiala - PPCB",0.12,167.28,,,,94.93,137.71,,,,63.0,18.8,68.9,51.3,100.4,0.57,,6.46,,2.52,,62.58,,,,,,29.26,1.05,9.19,10.32,0.0,,,0.88,,,,
24-Jan-2019,01:30,24-Jan-2019,01:45,Punjab,Patiala,"Model Town, Patiala - PPCB",0.21,251.98,,,,94.93,140.62,,,,59.8,18.8,35.4,77.1,97.3,0.58,,6.89,,2.55,,62.65,,,,,,22.35,1.23,9.16,10.27,0.0,,,0.89,,,,
24-Jan-2019,01:45,24-Jan-2019,02:00,Punjab,Patiala,"Model Town, Patiala - PPCB",0.34,249.98,,,,94.93,140.17,,,,59.8,21.6,44.1,54.5,69.1,0.6,,6.64,,2.53,,62.77,,,,,,37.46,1.49,9.07,10.45,0.0,,,0.91,,,,
24-Jan-2019,02:00,24-Jan-2019,02:15,Punjab,Patiala,"Model Town, Patiala - PPCB",0.4,253.71,,,,94.93,139.5,,,,59.8,22.7,32.1,50.3,60.4,0.62,,6.76,,2.51,,62.72,,,,,,29.4,1.77,9.1,10.27,0.0,,,0.89,,,,
24-Jan-2019,02:15,24-Jan-2019,02:30,Punjab,Patiala,"Model Town, Patiala - PPCB",0.35,251.1,,,,94.93,136.54,,,,60.7,22.7,30.3,52.7,68.3,0.63,,6.98,,2.53,,62.63,,,,,,31.75,2.1,9.01,10.44,0.0,,,0.89,,,,
24-Jan-2019,02:30,24-Jan-2019,02:45,Punjab,Patiala,"Model Town, Patiala - PPCB",0.28,247.64,,,,94.93,139.17,,,,69.5,22.7,32.6,52.6,55.7,0.62,,6.95,,2.51,,62.66,,,,,,28.14,2.15,8.87,10.31,0.0,,,0.89,,,,
24-Jan-2019,02:45,24-Jan-2019,03:00,Punjab,Patiala,"Model Town, Patiala - PPCB",0.29,264.27,,,,94.94,138.4,,,,69.5,22.0,35.4,60.7,64.5,0.6,,7.45,,2.5,,62.69,,,,,,45.31,2.34,8.88,10.29,0.0,,,0.9,,,,
24-Jan-2019,03:00,24-Jan-2019,03:15,Punjab,Patiala,"Model Town, Patiala - PPCB",0.4,253.38,,,,94.96,140.49,,,,69.5,21.7,35.7,41.0,51.2,0.61,,6.86,,2.51,,62.6,,,,,,29.5,2.46,8.7,10.32,0.0,,,0.88,,,,
24-Jan-2019,03:15,24-Jan-2019,03:30,Punjab,Patiala,"Model Town, Patiala - PPCB",0.21,233.05,,,,94.97,137.11,,,,69.3,21.7,45.0,30.1,57.8,0.6,,6.66,,2.5,,62.77,,,,,,28.84,2.59,8.56,10.28,0.0,,,0.89,,,,
24-Jan-2019,03:30,24-Jan-2019,03:45,Punjab,Patiala,"Model Town, Patiala - PPCB",0.13,193.56,,,,94.99,138.36,,,,67.2,21.7,41.1,73.6,94.6,0.59,,6.16,,2.51,,62.64,,,,,,37.83,2.61,8.39,10.39,0.0,,,0.89,,,,
24-Jan-2019,03:45,24-Jan-2019,04:00,Punjab,Patiala,"Model Town, Patiala - PPCB",0.2,257.94,,,,94.99,140.81,,,,67.2,21.7,22.9,51.1,56.1,0.59,,6.05,,2.53,,62.64,,,,,,21.02,2.98,8.35,10.37,0.0,,,0.91,,,,
24-Jan-2019,04:00,24-Jan-2019,04:15,Punjab,Patiala,"Model Town, Patiala - PPCB",0.32,253.09,,,,94.99,141.22,,,,67.2,21.8,31.8,76.6,96.1,0.59,,5.77,,2.5,,62.62,,,,,,21.58,,8.32,10.3,0.0,,,0.87,,,,
24-Jan-2019,04:15,24-Jan-2019,04:30,Punjab,Patiala,"Model Town, Patiala - PPCB",0.25,237.47,,,,94.99,141.09,,,,66.9,21.8,27.2,56.5,53.5,0.6,,5.62,,2.5,,62.67,,,,,,27.63,3.6,8.3,10.33,0.0,,,0.92,,,,
24-Jan-2019,04:30,24-Jan-2019,04:45,Punjab,Patiala,"Model Town, Patiala - PPCB",0.08,139.36,,,,94.99,139.88,,,,63.6,21.8,19.1,56.5,58.1,0.59,,6.14,,2.5,,62.65,,,,,,21.61,4.21,8.28,10.29,0.0,,,0.94,,,,
24-Jan-2019,04:45,24-Jan-2019,05:00,Punjab,Patiala,"Model Town, Patiala - PPCB",0.32,255.53,,,,94.99,144.1,,,,63.6,23.0,22.1,46.4,42.3,0.61,,5.89,,2.51,,62.69,,,,,,22.48,4.59,8.3,10.35,0.0,,,0.88,,,,
24-Jan-2019,05:00,24-Jan-2019,05:15,Punjab,Patiala,"Model Town, Patiala - PPCB",0.14,238.74,,,,94.99,139.72,,,,63.6,23.4,19.8,53.4,56.2,0.58,,5.72,,2.52,,62.58,,,,,,30.94,4.57,8.24,10.33,0.0,,,0.9,,,,
24-Jan-2019,05:15,24-Jan-2019,05:30,Punjab,Patiala,"Model Town, Patiala - PPCB",0.32,278.05,,,,94.99,145.9,,,,63.7,23.4,26.9,41.9,62.7,0.55,,5.74,,2.52,,62.66,,,,,,26.49,4.22,8.29,10.34,0.0,,,0.89,,,,
24-Jan-2019,05:30,24-Jan-2019,05:45,Punjab,Patiala,"Model Town, Patiala - PPCB",0.23,299.33,,,,94.99,143.34,,,,64.7,23.4,29.1,35.5,50.8,0.54,,5.58,,2.52,,62.6,,,,,,26.53,3.95,8.38,10.23,0.0,,,0.87,,,,
24-Jan-2019,05:45,24-Jan-2019,06:00,Punjab,Patiala,"Model Town, Patiala - PPCB",0.16,354.49,,,,95.14,143.6,,,,64.7,26.2,20.5,58.7,67.5,0.55,,6.2,,2.52,,62.69,,,,,,23.49,3.54,8.49,10.27,0.0,,,0.88,,,,
24-Jan-2019,06:00,24-Jan-2019,06:15,Punjab,Patiala,"Model Town, Patiala - PPCB",,,,,,,,,,,,,,,,,,,,,,,,,,,,,,,,,,,,,,,
24-Jan-2019,06:15,24-Jan-2019,06:30,Punjab,Patiala,"Model Town, Patiala - PPCB",,,,,,,,,,,,,,,,,,,,,,,,,,,,,,,,,,,,,,,
24-Jan-2019,06:30,24-Jan-2019,06:45,Punjab,Patiala,"Model Town, Patiala - PPCB",,,,,,,,,,,,,,,,,,,,,,,,,,,,,,,,,,,,,,,
24-Jan-2019,06:45,24-Jan-2019,07:00,Punjab,Patiala,"Model Town, Patiala - PPCB",,,,,,,,,,,,,,,,,,,,,,,,,,,,,,,,,,,,,,,
24-Jan-2019,07:00,24-Jan-2019,07:15,Punjab,Patiala,"Model Town, Patiala - PPCB",,,,,,,,,,,,,,,,,,,,,,,,,,,,,,,,,,,,,,,
24-Jan-2019,07:15,24-Jan-2019,07:30,Punjab,Patiala,"Model Town, Patiala - PPCB",,,,,,,,,,,,,,,,,,,,,,,,,,,,,,,,,,,,,,,
24-Jan-2019,07:30,24-Jan-2019,07:45,Punjab,Patiala,"Model Town, Patiala - PPCB",,,,,,,,,,,,,,,,,,,,,,,,,,,,,,,,,,,,,,,
24-Jan-2019,07:45,24-Jan-2019,08:00,Punjab,Patiala,"Model Town, Patiala - PPCB",,,,,,,,,,,,,,,,,,,,,,,,,,,,,,,,,,,,,,,
24-Jan-2019,08:00,24-Jan-2019,08:15,Punjab,Patiala,"Model Town, Patiala - PPCB",,,,,,,,,,,,,,,,,,,,,,,,,,,,,,,,,,,,,,,
24-Jan-2019,08:15,24-Jan-2019,08:30,Punjab,Patiala,"Model Town, Patiala - PPCB",,,,,,,,,,,,,,,,,,,,,,,,,,,,,,,,,,,,,,,
24-Jan-2019,08:30,24-Jan-2019,08:45,Punjab,Patiala,"Model Town, Patiala - PPCB",,,,,,,,,,,,,,,,,,,,,,,,,,,,,,,,,,,,,,,
24-Jan-2019,08:45,24-Jan-2019,09:00,Punjab,Patiala,"Model Town, Patiala - PPCB",,,,,,,,,,,,,,,,,,,,,,,,,,,,,,,,,,,,,,,
24-Jan-2019,09:00,24-Jan-2019,09:15,Punjab,Patiala,"Model Town, Patiala - PPCB",,,,,,,,,,,,,,,,,,,,,,,,,,,,,,,,,,,,,,,
24-Jan-2019,09:15,24-Jan-2019,09:30,Punjab,Patiala,"Model Town, Patiala - PPCB",,,,,,,,,,,,,,,,,,,,,,,,,,,,,,,,,,,,,,,
24-Jan-2019,09:30,24-Jan-2019,09:45,Punjab,Patiala,"Model Town, Patiala - PPCB",,,,,,,,,,,,,,,,,,,,,,,,,,,,,,,,,,,,,,,
24-Jan-2019,09:45,24-Jan-2019,10:00,Punjab,Patiala,"Model Town, Patiala - PPCB",,,,,,,,,,,,,,,,,,,,,,,,,,,,,,,,,,,,,,,
24-Jan-2019,10:00,24-Jan-2019,10:15,Punjab,Patiala,"Model Town, Patiala - PPCB",0.29,283.17,,,,92.66,242.34,,,,63.7,27.3,8.6,27.2,25.6,,,7.64,,2.53,,62.7,,,,,,29.3,,9.66,10.26,0.0,,,0.89,,,,
24-Jan-2019,10:15,24-Jan-2019,10:30,Punjab,Patiala,"Model Town, Patiala - PPCB",0.41,265.76,,,,81.8,324.69,,,,61.4,27.3,10.1,35.9,44.5,0.74,,9.57,,2.51,,62.73,,,,,,26.42,7.57,13.4,10.28,0.0,,,0.9,,,,
24-Jan-2019,10:30,24-Jan-2019,10:45,Punjab,Patiala,"Model Town, Patiala - PPCB",0.44,279.12,,,,75.52,346.83,,,,61.4,27.3,7.4,19.3,23.1,0.68,,11.05,,2.51,,62.73,,,,,,27.76,6.96,14.58,10.28,0.0,,,0.9,,,,
24-Jan-2019,10:45,24-Jan-2019,11:00,Punjab,Patiala,"Model Town, Patiala - PPCB",0.75,269.79,,,,74.07,496.24,,,,61.4,27.3,6.4,23.6,29.3,0.6,,14.05,,2.51,,62.73,,,,,,27.31,5.81,14.8,10.28,0.0,,,0.9,,,,
24-Jan-2019,11:00,24-Jan-2019,11:15,Punjab,Patiala,"Model Town, Patiala - PPCB",0.55,262.58,,,,70.05,609.74,,,,61.4,27.3,1.7,25.2,23.9,0.51,,18.38,,2.51,,62.73,,,,,,26.83,5.17,15.8,10.28,0.0,,,0.9,,,,
24-Jan-2019,11:15,24-Jan-2019,11:30,Punjab,Patiala,"Model Town, Patiala - PPCB",0.87,267.49,,,,67.45,432.26,,,,61.4,27.3,4.6,28.4,32.9,0.45,,19.32,,2.51,,62.73,,,,,,26.35,4.6,16.0,10.28,0.0,,,0.9,,,,
24-Jan-2019,11:30,24-Jan-2019,11:45,Punjab,Patiala,"Model Town, Patiala - PPCB",1.13,262.54,,,,63.87,706.84,,,,61.4,27.3,7.4,25.9,32.4,0.43,,20.12,,2.51,,62.73,,,,,,27.02,4.64,16.31,10.28,0.0,,,0.9,,,,
24-Jan-2019,11:45,24-Jan-2019,12:00,Punjab,Patiala,"Model Town, Patiala - PPCB",0.92,260.94,,,,60.51,648.87,,,,61.4,27.3,14.0,23.3,37.3,0.43,,20.67,,2.51,,62.71,,,,,,28.95,5.36,16.69,10.27,0.0,,,0.89,,,,
24-Jan-2019,12:00,24-Jan-2019,12:15,Punjab,Patiala,"Model Town, Patiala - PPCB",1.05,265.19,,,,58.65,677.37,,,,61.4,27.3,4.3,26.7,29.7,0.38,,21.64,,2.52,,62.68,,,,,,25.69,5.56,16.94,10.27,0.0,,,0.87,,,,
24-Jan-2019,12:15,24-Jan-2019,12:30,Punjab,Patiala,"Model Town, Patiala - PPCB",0.8,268.16,,,,59.02,310.85,,,,61.4,23.8,5.4,24.4,29.7,0.39,,21.71,,2.52,,62.71,,,,,,27.85,8.09,17.14,10.3,0.0,,,0.87,,,,
24-Jan-2019,12:30,24-Jan-2019,12:45,Punjab,Patiala,"Model Town, Patiala - PPCB",0.68,281.92,,,,59.28,447.39,,,,61.4,23.8,8.6,22.0,30.1,0.4,,22.5,,2.52,,62.66,,,,,,27.58,8.71,17.34,10.3,0.0,,,0.88,,,,
24-Jan-2019,12:45,24-Jan-2019,13:00,Punjab,Patiala,"Model Town, Patiala - PPCB",1.06,260.51,,,,61.33,244.02,,,,60.3,23.8,7.7,19.4,27.2,0.41,,26.24,,2.52,,62.68,,,,,,27.97,6.13,17.03,10.25,0.0,,,0.88,,,,
24-Jan-2019,13:00,24-Jan-2019,13:15,Punjab,Patiala,"Model Town, Patiala - PPCB",1.22,260.16,,,,62.01,233.09,,,,58.3,23.8,15.3,25.8,41.1,0.46,,30.96,,2.5,,62.62,,,,,,30.64,4.85,17.07,10.25,0.0,,,0.89,,,,
24-Jan-2019,13:15,24-Jan-2019,13:30,Punjab,Patiala,"Model Town, Patiala - PPCB",1.12,259.69,,,,59.53,228.88,,,,58.3,23.2,18.2,32.8,51.1,0.32,,32.24,,2.51,,62.65,,,,,,29.33,3.56,17.02,10.26,0.0,,,0.89,,,,
24-Jan-2019,13:30,24-Jan-2019,13:45,Punjab,Patiala,"Model Town, Patiala - PPCB",0.87,265.07,,,,58.23,237.84,,,,58.3,23.2,22.3,27.4,46.2,0.31,,24.79,,2.51,,62.64,,,,,,28.33,,17.08,10.32,0.0,,,0.89,,,,
24-Jan-2019,13:45,24-Jan-2019,14:00,Punjab,Patiala,"Model Town, Patiala - PPCB",1.03,260.4,,,,59.34,232.14,,,,57.7,23.2,23.9,37.4,55.3,0.27,,26.23,,2.51,,62.68,,,,,,23.49,3.26,17.02,10.25,0.0,,,0.89,,,,
24-Jan-2019,14:00,24-Jan-2019,14:15,Punjab,Patiala,"Model Town, Patiala - PPCB",1.17,259.51,,,,56.47,233.69,,,,56.7,23.2,14.4,36.4,46.7,0.26,,27.21,,2.51,,62.63,,,,,,30.32,2.98,17.12,10.27,0.0,,,0.9,,,,
24-Jan-2019,14:15,24-Jan-2019,14:30,Punjab,Patiala,"Model Town, Patiala - PPCB",0.97,268.53,,,,57.1,224.93,,,,56.7,17.5,21.5,27.4,41.1,0.26,,27.6,,2.52,,62.66,,,,,,27.27,2.82,17.07,10.31,0.0,,,0.89,,,,
24-Jan-2019,14:30,24-Jan-2019,14:45,Punjab,Patiala,"Model Town, Patiala - PPCB",1.24,259.32,,,,56.65,224.22,,,,56.7,17.5,23.5,30.3,47.0,0.26,,28.21,,2.51,,62.64,,,,,,27.19,2.58,16.91,10.32,0.0,,,0.88,,,,
24-Jan-2019,14:45,24-Jan-2019,15:00,Punjab,Patiala,"Model Town, Patiala - PPCB",1.28,256.49,,,,55.07,219.79,,,,56.1,17.5,44.0,29.1,71.1,0.25,,28.58,,2.51,,62.63,,,,,,33.12,2.51,16.7,10.31,0.0,,,0.88,,,,
24-Jan-2019,15:00,24-Jan-2019,15:15,Punjab,Patiala,"Model Town, Patiala - PPCB",1.28,257.42,,,,55.37,216.92,,,,55.1,17.5,26.0,29.6,53.3,0.26,,28.99,,2.51,,62.73,,,,,,29.11,2.53,16.88,10.34,0.0,,,0.91,,,,
24-Jan-2019,15:15,24-Jan-2019,15:30,Punjab,Patiala,"Model Town, Patiala - PPCB",1.52,257.03,,,,56.79,213.91,,,,55.1,19.7,15.1,32.0,45.4,0.26,,29.94,,2.52,,62.75,,,,,,22.34,2.56,16.69,10.33,0.0,,,0.91,,,,
24-Jan-2019,15:30,24-Jan-2019,15:45,Punjab,Patiala,"Model Town, Patiala - PPCB",1.09,259.12,,,,57.78,194.46,,,,55.1,19.7,2.7,37.9,28.6,0.29,,30.09,,2.51,,62.66,,,,,,23.46,3.7,16.52,10.29,0.0,,,0.89,,,,
24-Jan-2019,15:45,24-Jan-2019,16:00,Punjab,Patiala,"Model Town, Patiala - PPCB",0.5,281.04,,,,57.91,202.34,,,,55.1,19.7,16.1,30.3,44.3,0.31,,27.98,,2.52,,62.65,,,,,,26.97,4.82,16.63,10.31,0.0,,,0.89,,,,
24-Jan-2019,16:00,24-Jan-2019,16:15,Punjab,Patiala,"Model Town, Patiala - PPCB",0.89,257.57,,,,60.11,193.33,,,,54.9,19.7,18.9,32.8,47.1,0.35,,27.45,,2.52,,62.68,,,,,,27.32,5.69,16.58,10.28,0.0,,,0.91,,,,
24-Jan-2019,16:15,24-Jan-2019,16:30,Punjab,Patiala,"Model Town, Patiala - PPCB",1.1,257.02,,,,62.39,176.2,,,,54.9,18.2,20.4,44.0,59.7,0.37,,28.13,,2.52,,62.68,,,,,,21.5,4.74,16.13,10.39,0.0,,,0.88,,,,
24-Jan-2019,16:30,24-Jan-2019,16:45,Punjab,Patiala,"Model Town, Patiala - PPCB",1.25,251.41,,,,66.65,163.24,,,,54.9,18.2,21.6,23.5,32.9,0.36,,27.39,,2.52,,62.66,,,,,,26.59,3.95,15.61,10.29,0.0,,,0.89,,,,
24-Jan-2019,16:45,24-Jan-2019,17:00,Punjab,Patiala,"Model Town, Patiala - PPCB",1.03,254.41,,,,69.12,160.23,,,,55.4,18.2,10.5,44.2,36.7,0.32,,25.43,,2.51,,62.65,,,,,,23.69,3.44,15.18,10.3,0.0,,,0.9,,,,
24-Jan-2019,17:00,24-Jan-2019,17:15,Punjab,Patiala,"Model Town, Patiala - PPCB",1.12,251.96,,,,71.0,152.96,,,,56.3,18.2,15.8,26.6,35.4,0.33,,22.49,,2.52,,62.64,,,,,,28.31,3.04,14.78,10.31,0.0,,,0.91,,,,
24-Jan-2019,17:15,24-Jan-2019,17:30,Punjab,Patiala,"Model Town, Patiala - PPCB",1.23,252.19,,,,72.56,149.29,,,,56.3,16.0,23.3,45.9,65.5,0.34,,20.35,,2.5,,62.7,,,,,,29.65,2.78,14.36,10.31,0.0,,,0.88,,,,
24-Jan-2019,17:30,24-Jan-2019,17:45,Punjab,Patiala,"Model Town, Patiala - PPCB",0.97,251.51,,,,73.04,135.52,,,,56.3,16.0,43.5,35.3,69.8,0.31,,23.2,,2.51,,62.68,,,,,,33.78,,14.02,10.31,0.0,,,0.89,,,,
24-Jan-2019,17:45,24-Jan-2019,18:00,Punjab,Patiala,"Model Town, Patiala - PPCB",1.02,255.63,,,,73.3,135.94,,,,58.8,16.0,35.2,38.4,65.5,0.3,,24.28,,2.52,,62.71,,,,,,33.91,2.14,13.76,10.27,0.0,,,0.89,,,,
24-Jan-2019,18:00,24-Jan-2019,18:15,Punjab,Patiala,"Model Town, Patiala - PPCB",1.02,251.99,,,,74.85,133.9,,,,62.9,16.0,48.5,41.7,73.5,0.32,,22.86,,2.52,,62.65,,,,,,29.35,2.12,13.45,10.24,0.0,,,0.92,,,,
24-Jan-2019,18:15,24-Jan-2019,18:30,Punjab,Patiala,"Model Town, Patiala - PPCB",1.1,250.43,,,,76.26,135.15,,,,62.9,13.6,34.2,28.2,45.2,0.36,,20.62,,2.53,,62.66,,,,,,23.57,2.12,13.12,10.3,0.0,,,0.92,,,,
24-Jan-2019,18:30,24-Jan-2019,18:45,Punjab,Patiala,"Model Town, Patiala - PPCB",0.87,251.69,,,,78.52,131.74,,,,62.9,13.6,73.7,61.1,125.9,0.42,,16.99,,2.51,,62.75,,,,,,28.24,2.16,12.73,10.37,0.0,,,0.88,,,,
24-Jan-2019,18:45,24-Jan-2019,19:00,Punjab,Patiala,"Model Town, Patiala - PPCB",1.33,251.59,,,,79.14,138.41,,,,61.8,13.6,22.7,55.3,54.5,0.46,,16.51,,2.52,,62.68,,,,,,27.47,2.21,12.53,10.34,0.0,,,0.89,,,,
24-Jan-2019,19:00,24-Jan-2019,19:15,Punjab,Patiala,"Model Town, Patiala - PPCB",1.43,251.96,,,,77.72,142.87,,,,60.1,13.6,45.5,62.2,98.6,0.41,,19.91,,2.51,,62.75,,,,,,33.78,2.03,12.47,10.3,0.0,,,0.89,,,,
24-Jan-2019,19:15,24-Jan-2019,19:30,Punjab,Patiala,"Model Town, Patiala - PPCB",1.14,255.4,,,,75.92,139.57,,,,60.1,15.2,78.3,46.5,112.6,0.35,,21.99,,2.52,,62.79,,,,,,30.22,1.97,12.38,10.38,0.0,,,0.88,,,,
24-Jan-2019,19:30,24-Jan-2019,19:45,Punjab,Patiala,"Model Town, Patiala - PPCB",0.69,260.64,,,,76.68,132.14,,,,60.1,15.2,24.0,71.2,88.7,0.33,,23.16,,2.52,,62.76,,,,,,34.05,1.94,12.17,10.31,0.0,,,0.88,,,,
24-Jan-2019,19:45,24-Jan-2019,20:00,Punjab,Patiala,"Model Town, Patiala - PPCB",0.58,263.59,,,,79.68,124.92,,,,59.3,15.2,61.5,51.9,90.9,0.55,,17.73,,2.54,,62.71,,,,,,33.54,1.78,11.82,10.3,0.0,,,0.9,,,,
24-Jan-2019,20:00,24-Jan-2019,20:15,Punjab,Patiala,"Model Town, Patiala - PPCB",0.77,251.93,,,,80.56,131.32,,,,58.2,15.2,24.3,47.4,54.2,0.5,,17.91,,2.52,,62.69,,,,,,17.16,1.92,11.52,10.32,0.0,,,0.89,,,,
24-Jan-2019,20:15,24-Jan-2019,20:30,Punjab,Patiala,"Model Town, Patiala - PPCB",0.64,247.19,,,,80.55,127.74,,,,58.2,14.6,29.5,46.4,65.6,0.47,,19.68,,2.52,,62.7,,,,,,31.62,2.0,11.37,10.34,0.0,,,0.88,,,,
24-Jan-2019,20:30,24-Jan-2019,20:45,Punjab,Patiala,"Model Town, Patiala - PPCB",0.72,255.35,,,,79.83,129.4,,,,58.2,14.6,20.5,65.2,63.1,0.43,,19.65,,2.5,,62.64,,,,,,25.4,2.0,11.33,10.24,0.0,,,0.88,,,,
24-Jan-2019,20:45,24-Jan-2019,21:00,Punjab,Patiala,"Model Town, Patiala - PPCB",0.76,256.6,,,,80.24,130.12,,,,58.1,14.6,38.8,52.2,79.8,0.37,,20.11,,2.51,,62.67,,,,,,38.62,2.13,11.18,10.31,0.0,,,0.88,,,,
24-Jan-2019,21:00,24-Jan-2019,21:15,Punjab,Patiala,"Model Town, Patiala - PPCB",0.73,254.58,,,,80.76,134.72,,,,57.9,14.6,22.6,42.8,45.7,0.35,,20.75,,2.51,,62.7,,,,,,35.57,2.26,11.05,10.34,0.0,,,0.89,,,,
24-Jan-2019,21:15,24-Jan-2019,21:30,Punjab,Patiala,"Model Town, Patiala - PPCB",1.02,248.83,,,,82.46,147.47,,,,57.9,14.4,25.8,30.5,32.5,0.39,,17.27,,2.51,,62.68,,,,,,39.06,2.29,10.76,10.3,0.0,,,0.88,,,,
24-Jan-2019,21:30,24-Jan-2019,21:45,Punjab,Patiala,"Model Town, Patiala - PPCB",0.6,255.1,,,,82.12,148.24,,,,57.9,14.4,25.2,43.5,54.0,0.43,,18.36,,2.51,,62.67,,,,,,28.06,,10.75,10.28,0.0,,,0.88,,,,
24-Jan-2019,21:45,24-Jan-2019,22:00,Punjab,Patiala,"Model Town, Patiala - PPCB",0.94,252.79,,,,81.19,151.95,,,,57.9,14.4,31.3,49.1,68.6,0.43,,19.45,,2.5,,62.62,,,,,,27.85,3.1,10.77,10.3,0.0,,,0.88,,,,
24-Jan-2019,22:00,24-Jan-2019,22:15,Punjab,Patiala,"Model Town, Patiala - PPCB",0.88,254.96,,,,80.71,149.77,,,,58.0,14.4,81.5,49.8,125.1,0.38,,20.58,,2.51,,62.59,,,,,,28.18,3.28,10.81,10.27,0.0,,,0.9,,,,
24-Jan-2019,22:15,24-Jan-2019,22:30,Punjab,Patiala,"Model Town, Patiala - PPCB",1.08,253.52,,,,80.32,149.52,,,,58.0,14.7,33.0,41.0,54.9,0.37,,21.75,,2.51,,62.61,,,,,,32.82,3.62,10.81,10.26,0.0,,,0.89,,,,
24-Jan-2019,22:30,24-Jan-2019,22:45,Punjab,Patiala,"Model Town, Patiala - PPCB",1.3,251.6,,,,82.07,150.36,,,,58.0,14.7,63.6,49.6,100.0,0.38,,21.21,,2.52,,62.59,,,,,,27.47,3.39,10.53,10.33,0.0,,,0.88,,,,
24-Jan-2019,22:45,24-Jan-2019,23:00,Punjab,Patiala,"Model Town, Patiala - PPCB",1.19,253.94,,,,82.33,152.46,,,,59.4,14.7,51.4,32.4,61.6,0.36,,21.61,,2.53,,62.63,,,,,,34.8,3.37,10.46,10.28,0.0,,,0.89,,,,
24-Jan-2019,23:00,24-Jan-2019,23:15,Punjab,Patiala,"Model Town, Patiala - PPCB",1.28,252.52,,,,83.48,156.09,,,,61.6,14.7,53.0,44.9,78.7,0.39,,21.55,,2.51,,62.63,,,,,,29.83,3.42,10.35,10.31,0.0,,,0.9,,,,
24-Jan-2019,23:15,24-Jan-2019,23:30,Punjab,Patiala,"Model Town, Patiala - PPCB",1.39,252.27,,,,84.11,154.41,,,,61.6,14.8,24.0,61.2,69.6,0.41,,21.05,,2.52,,62.63,,,,,,24.66,3.45,10.33,10.28,0.0,,,0.88,,,,
24-Jan-2019,23:30,24-Jan-2019,23:45,Punjab,Patiala,"Model Town, Patiala - PPCB",1.03,249.82,,,,84.2,155.28,,,,61.6,14.8,34.4,35.2,52.6,0.42,,20.4,,2.53,,62.77,,,,,,26.24,3.55,10.39,10.34,0.0,,,0.89,,,,
24-Jan-2019,23:45,25-Jan-2019,00:00,Punjab,Patiala,"Model Town, Patiala - PPCB",1.24,250.65,,,,84.15,156.5,,,,63.6,14.8,57.8,43.2,81.5,0.43,,20.01,,2.51,,62.7,,,,,,31.6,3.83,10.43,10.4,0.0,,,0.89,,,,
25-Jan-2019,00:00,25-Jan-2019,00:15,Punjab,Patiala,"Model Town, Patiala - PPCB",1.81,254.32,,,,84.9,156.83,,,,66.8,14.8,40.4,36.7,58.9,0.43,,20.52,,2.52,,62.61,,,,,,30.4,3.59,10.39,10.31,0.0,,,0.89,,,,
25-Jan-2019,00:15,25-Jan-2019,00:30,Punjab,Patiala,"Model Town, Patiala - PPCB",1.02,258.38,,,,85.92,149.73,,,,66.8,15.8,22.4,45.9,55.1,0.42,,20.47,,2.53,,62.64,,,,,,34.2,3.41,10.35,10.32,0.0,,,0.89,,,,
25-Jan-2019,00:30,25-Jan-2019,00:45,Punjab,Patiala,"Model Town, Patiala - PPCB",0.8,262.86,,,,86.87,144.45,,,,66.8,15.8,25.2,41.5,42.5,0.42,,19.86,,2.51,,62.68,,,,,,34.7,3.24,10.3,10.31,0.0,,,0.9,,,,
25-Jan-2019,00:45,25-Jan-2019,01:00,Punjab,Patiala,"Model Town, Patiala - PPCB",0.22,271.45,,,,88.27,143.4,,,,65.0,15.8,35.8,43.5,70.2,0.41,,19.51,,2.51,,62.64,,,,,,25.3,2.99,10.14,10.29,0.0,,,0.89,,,,
25-Jan-2019,01:00,25-Jan-2019,01:15,Punjab,Patiala,"Model Town, Patiala - PPCB",0.83,260.49,,,,87.93,149.37,,,,63.3,14.8,23.0,73.0,78.2,0.4,,19.32,,0.03,,0.7,,,,,,19.39,2.74,10.05,0.12,0.0,,,0.01,,,,
25-Jan-2019,01:15,25-Jan-2019,01:30,Punjab,Patiala,"Model Town, Patiala - PPCB",0.9,251.48,,,,86.62,154.2,,,,66.4,14.3,43.3,42.1,61.9,0.39,,20.0,,1.04,,25.79,,,,,,37.16,2.83,10.08,4.3,0.0,,,0.37,,,,
25-Jan-2019,01:30,25-Jan-2019,01:45,Punjab,Patiala,"Model Town, Patiala - PPCB",0.64,253.81,,,,85.91,152.93,,,,92.0,14.3,50.0,65.4,93.2,0.39,,21.23,,2.53,,62.74,,,,,,24.19,3.0,10.17,10.45,0.0,,,0.9,,,,
25-Jan-2019,01:45,25-Jan-2019,02:00,Punjab,Patiala,"Model Town, Patiala - PPCB",0.77,248.25,,,,86.25,152.33,,,,92.0,16.1,51.9,51.3,84.5,0.39,,21.09,,2.55,,62.7,,,,,,32.2,3.13,10.1,10.25,0.0,,,0.88,,,,
25-Jan-2019,02:00,25-Jan-2019,02:15,Punjab,Patiala,"Model Town, Patiala - PPCB",0.92,251.08,,,,87.65,152.15,,,,92.0,16.9,24.9,43.8,49.0,0.38,,21.09,,2.52,,62.63,,,,,,37.12,3.06,9.92,10.28,0.0,,,0.88,,,,
25-Jan-2019,02:15,25-Jan-2019,02:30,Punjab,Patiala,"Model Town, Patiala - PPCB",0.59,251.17,,,,87.75,148.82,,,,90.9,16.9,42.0,40.3,52.0,0.39,,20.41,,2.52,,62.68,,,,,,25.03,3.01,9.95,10.27,0.0,,,0.89,,,,
25-Jan-2019,02:30,25-Jan-2019,02:45,Punjab,Patiala,"Model Town, Patiala - PPCB",1.12,253.64,,,,87.84,150.94,,,,81.1,16.9,26.3,44.4,60.7,0.4,,20.39,,2.52,,62.73,,,,,,32.17,2.88,9.89,10.31,0.0,,,0.88,,,,
25-Jan-2019,02:45,25-Jan-2019,03:00,Punjab,Patiala,"Model Town, Patiala - PPCB",0.96,258.59,,,,87.09,150.45,,,,81.1,15.1,56.3,34.4,77.6,0.41,,20.64,,2.51,,62.7,,,,,,36.42,3.63,9.97,10.29,0.0,,,0.9,,,,
25-Jan-2019,03:00,25-Jan-2019,03:15,Punjab,Patiala,"Model Town, Patiala - PPCB",0.8,256.84,,,,87.74,147.98,,,,81.1,14.4,31.8,71.0,92.5,0.41,,19.93,,2.52,,62.6,,,,,,36.47,4.35,9.95,10.28,0.0,,,0.9,,,,
25-Jan-2019,03:15,25-Jan-2019,03:30,Punjab,Patiala,"Model Town, Patiala - PPCB",0.85,249.6,,,,88.61,148.11,,,,80.7,14.4,41.0,58.2,86.2,0.42,,19.22,,2.51,,62.77,,,,,,21.58,5.2,9.77,10.29,0.0,,,0.88,,,,
25-Jan-2019,03:30,25-Jan-2019,03:45,Punjab,Patiala,"Model Town, Patiala - PPCB",1.0,253.24,,,,89.75,151.05,,,,77.3,14.4,12.3,59.0,61.5,0.43,,18.52,,2.54,,62.75,,,,,,26.4,5.49,9.61,10.28,0.0,,,0.87,,,,
25-Jan-2019,03:45,25-Jan-2019,04:00,Punjab,Patiala,"Model Town, Patiala - PPCB",0.18,198.51,,,,89.06,146.99,,,,77.3,13.4,32.9,53.3,63.2,0.44,,18.01,,2.51,,62.88,,,,,,27.71,6.82,9.73,10.27,0.0,,,0.89,,,,
25-Jan-2019,04:00,25-Jan-2019,04:15,Punjab,Patiala,"Model Town, Patiala - PPCB",0.06,212.13,,,,90.64,147.3,,,,77.3,13.0,37.1,61.3,87.4,0.43,,16.85,,2.52,,62.6,,,,,,33.3,,9.58,10.26,0.0,,,0.88,,,,
25-Jan-2019,04:15,25-Jan-2019,04:30,Punjab,Patiala,"Model Town, Patiala - PPCB",0.09,247.04,,,,91.72,149.82,,,,76.6,13.0,58.9,34.7,72.2,0.44,,15.6,,2.51,,62.69,,,,,,36.49,5.85,9.53,10.32,0.0,,,0.9,,,,
25-Jan-2019,04:30,25-Jan-2019,04:45,Punjab,Patiala,"Model Town, Patiala - PPCB",0.46,248.67,,,,92.12,149.51,,,,70.1,13.0,29.4,54.9,71.8,0.45,,14.61,,2.51,,62.63,,,,,,29.22,5.62,9.53,10.29,0.0,,,0.88,,,,
25-Jan-2019,04:45,25-Jan-2019,05:00,Punjab,Patiala,"Model Town, Patiala - PPCB",0.67,255.68,,,,91.27,151.64,,,,70.1,14.5,23.7,40.9,49.3,0.48,,14.48,,2.5,,62.63,,,,,,25.64,6.51,9.53,10.23,0.0,,,0.9,,,,
25-Jan-2019,05:00,25-Jan-2019,05:15,Punjab,Patiala,"Model Town, Patiala - PPCB",0.83,257.04,,,,76.16,250.06,,,,65.1,16.0,20.4,34.6,45.2,0.53,,18.35,,2.52,,62.71,,,,,,33.3,20.06,12.07,10.24,0.0,,,0.89,,,,
25-Jan-2019,05:15,25-Jan-2019,05:30,Punjab,Patiala,"Model Town, Patiala - PPCB",,,,,,,,,,,,,,,,,,,,,,,,,,,,,,,,,,,,,,,
25-Jan-2019,05:30,25-Jan-2019,05:45,Punjab,Patiala,"Model Town, Patiala - PPCB",,,,,,,,,,,,,,,,,,,,,,,,,,,,,,,,,,,,,,,
25-Jan-2019,05:45,25-Jan-2019,06:00,Punjab,Patiala,"Model Town, Patiala - PPCB",,,,,,,,,,,,,,,,,,,,,,,,,,,,,,,,,,,,,,,
25-Jan-2019,06:00,25-Jan-2019,06:15,Punjab,Patiala,"Model Town, Patiala - PPCB",,,,,,,,,,,,,,,,,,,,,,,,,,,,,,,,,,,,,,,
25-Jan-2019,06:15,25-Jan-2019,06:30,Punjab,Patiala,"Model Town, Patiala - PPCB",,,,,,,,,,,,,,,,,,,,,,,,,,,,,,,,,,,,,,,
25-Jan-2019,06:30,25-Jan-2019,06:45,Punjab,Patiala,"Model Town, Patiala - PPCB",,,,,,,,,,,,,,,,,,,,,,,,,,,,,,,,,,,,,,,
25-Jan-2019,06:45,25-Jan-2019,07:00,Punjab,Patiala,"Model Town, Patiala - PPCB",,,,,,,,,,,,,,,,,,,,,,,,,,,,,,,,,,,,,,,
25-Jan-2019,07:00,25-Jan-2019,07:15,Punjab,Patiala,"Model Town, Patiala - PPCB",,,,,,,,,,,,,,,,,,,,,,,,,,,,,,,,,,,,,,,
25-Jan-2019,07:15,25-Jan-2019,07:30,Punjab,Patiala,"Model Town, Patiala - PPCB",,,,,,,,,,,,,,,,,,,,,,,,,,,,,,,,,,,,,,,
25-Jan-2019,07:30,25-Jan-2019,07:45,Punjab,Patiala,"Model Town, Patiala - PPCB",,,,,,,,,,,,,,,,,,,,,,,,,,,,,,,,,,,,,,,
25-Jan-2019,07:45,25-Jan-2019,08:00,Punjab,Patiala,"Model Town, Patiala - PPCB",,,,,,,,,,,,,,,,,,,,,,,,,,,,,,,,,,,,,,,
25-Jan-2019,08:00,25-Jan-2019,08:15,Punjab,Patiala,"Model Town, Patiala - PPCB",,,,,,,,,,,,,,,,,,,,,,,,,,,,,,,,,,,,,,,
25-Jan-2019,08:15,25-Jan-2019,08:30,Punjab,Patiala,"Model Town, Patiala - PPCB",,,,,,,,,,,,,,,,,,,,,,,,,,,,,,,,,,,,,,,
25-Jan-2019,08:30,25-Jan-2019,08:45,Punjab,Patiala,"Model Town, Patiala - PPCB",,,,,,,,,,,,,,,,,,,,,,,,,,,,,,,,,,,,,,,
25-Jan-2019,08:45,25-Jan-2019,09:00,Punjab,Patiala,"Model Town, Patiala - PPCB",,,,,,,,,,,,,,,,,,,,,,,,,,,,,,,,,,,,,,,
25-Jan-2019,09:00,25-Jan-2019,09:15,Punjab,Patiala,"Model Town, Patiala - PPCB",,,,,,,,,,,,,,,,,,,,,,,,,,,,,,,,,,,,,,,
25-Jan-2019,09:15,25-Jan-2019,09:30,Punjab,Patiala,"Model Town, Patiala - PPCB",,,,,,,,,,,,,,,,,,,,,,,,,,,,,,,,,,,,,,,
25-Jan-2019,09:30,25-Jan-2019,09:45,Punjab,Patiala,"Model Town, Patiala - PPCB",,,,,,,,,,,,,,,,,,,,,,,,,,,,,,,,,,,,,,,
25-Jan-2019,09:45,25-Jan-2019,10:00,Punjab,Patiala,"Model Town, Patiala - PPCB",,,,,,,,,,,,,,,,,,,,,,,,,,,,,,,,,,,,,,,
25-Jan-2019,10:00,25-Jan-2019,10:15,Punjab,Patiala,"Model Town, Patiala - PPCB",,,,,,,,,,,,,,,,,,,,,,,,,,,,,,,,,,,,,,,
25-Jan-2019,10:15,25-Jan-2019,10:30,Punjab,Patiala,"Model Town, Patiala - PPCB",,,,,,,,,,,,,,,,,,,,,,,,,,,,,,,,,,,,,,,
25-Jan-2019,10:30,25-Jan-2019,10:45,Punjab,Patiala,"Model Town, Patiala - PPCB",,,,,,,,,,,,,,,,,,,,,,,,,,,,,,,,,,,,,,,
25-Jan-2019,10:45,25-Jan-2019,11:00,Punjab,Patiala,"Model Town, Patiala - PPCB",0.92,256.84,,,,65.98,425.44,,,,61.4,16.7,5.2,23.0,16.9,0.52,,21.86,,2.53,,62.7,,,,,,27.07,24.08,13.79,10.25,0.0,,,0.9,,,,
25-Jan-2019,11:00,25-Jan-2019,11:15,Punjab,Patiala,"Model Town, Patiala - PPCB",1.16,253.73,,,,64.96,534.8,,,,61.4,16.7,8.4,25.0,24.4,0.49,,23.22,,2.53,,62.7,,,,,,25.17,20.32,13.86,10.25,0.0,,,0.9,,,,
25-Jan-2019,11:15,25-Jan-2019,11:30,Punjab,Patiala,"Model Town, Patiala - PPCB",0.75,256.74,,,,61.0,521.04,,,,61.4,16.7,4.0,21.5,19.9,0.45,,25.0,,2.53,,62.7,,,,,,25.86,15.26,14.62,10.25,0.0,,,0.9,,,,
25-Jan-2019,11:30,25-Jan-2019,11:45,Punjab,Patiala,"Model Town, Patiala - PPCB",0.54,263.34,,,,61.12,544.51,,,,61.4,16.7,10.2,21.7,31.9,0.46,,25.55,,2.53,,62.7,,,,,,30.39,12.01,15.21,10.25,0.0,,,0.9,,,,
25-Jan-2019,11:45,25-Jan-2019,12:00,Punjab,Patiala,"Model Town, Patiala - PPCB",0.16,22.69,,,,57.79,638.06,,,,61.4,16.7,10.1,22.4,32.4,0.45,,25.15,,2.53,,62.7,,,,,,27.06,8.97,15.87,10.25,0.0,,,0.9,,,,
25-Jan-2019,12:00,25-Jan-2019,12:15,Punjab,Patiala,"Model Town, Patiala - PPCB",0.39,54.76,,,,54.33,636.07,,,,61.4,16.7,9.9,22.0,31.9,0.45,,26.99,,2.52,,62.6,,,,,,30.84,7.64,16.83,10.3,0.0,,,0.9,,,,
25-Jan-2019,12:15,25-Jan-2019,12:30,Punjab,Patiala,"Model Town, Patiala - PPCB",0.42,291.2,,,,53.23,475.43,,,,61.4,16.9,12.5,17.9,30.5,0.43,,29.53,,2.52,,62.6,,,,,,31.15,7.3,16.67,10.26,0.0,,,0.9,,,,
25-Jan-2019,12:30,25-Jan-2019,12:45,Punjab,Patiala,"Model Town, Patiala - PPCB",0.31,315.39,,,,54.45,334.45,,,,61.4,17.0,10.7,23.9,34.6,0.44,,30.1,,2.52,,62.63,,,,,,29.23,7.74,16.98,10.35,0.0,,,0.89,,,,
25-Jan-2019,12:45,25-Jan-2019,13:00,Punjab,Patiala,"Model Town, Patiala - PPCB",0.41,35.81,,,,55.6,294.82,,,,61.4,17.0,4.9,21.3,25.0,0.49,,29.04,,2.53,,62.74,,,,,,25.58,10.43,16.71,10.28,0.0,,,0.88,,,,
25-Jan-2019,13:00,25-Jan-2019,13:15,Punjab,Patiala,"Model Town, Patiala - PPCB",0.34,294.4,,,,57.99,275.21,,,,58.5,17.0,4.1,29.3,31.9,0.51,,27.32,,2.52,,62.68,,,,,,24.89,10.46,15.74,10.23,0.0,,,0.9,,,,
25-Jan-2019,13:15,25-Jan-2019,13:30,Punjab,Patiala,"Model Town, Patiala - PPCB",0.16,41.89,,,,57.74,264.27,,,,58.3,16.3,16.5,28.7,45.2,0.48,,28.99,,2.51,,62.67,,,,,,26.63,9.06,15.84,10.33,0.0,,,0.89,,,,
25-Jan-2019,13:30,25-Jan-2019,13:45,Punjab,Patiala,"Model Town, Patiala - PPCB",0.33,74.46,,,,56.51,238.65,,,,58.3,15.6,13.4,30.1,43.6,0.37,,29.57,,2.52,,62.65,,,,,,28.07,,16.35,10.35,0.0,,,0.91,,,,
25-Jan-2019,13:45,25-Jan-2019,14:00,Punjab,Patiala,"Model Town, Patiala - PPCB",0.44,42.46,,,,54.77,250.59,,,,58.3,15.6,6.7,20.8,26.5,0.36,,30.52,,2.51,,62.75,,,,,,28.05,6.82,16.11,10.28,0.0,,,0.9,,,,
25-Jan-2019,14:00,25-Jan-2019,14:15,Punjab,Patiala,"Model Town, Patiala - PPCB",0.42,55.91,,,,54.73,224.26,,,,56.3,15.6,6.9,31.6,35.0,0.34,,30.62,,2.51,,62.62,,,,,,24.34,6.94,16.02,10.28,0.0,,,0.88,,,,
25-Jan-2019,14:15,25-Jan-2019,14:30,Punjab,Patiala,"Model Town, Patiala - PPCB",0.6,266.89,,,,55.94,248.74,,,,56.1,16.3,6.0,22.0,25.2,0.36,,29.95,,2.53,,62.62,,,,,,28.9,6.63,15.74,10.27,0.0,,,0.9,,,,
25-Jan-2019,14:30,25-Jan-2019,14:45,Punjab,Patiala,"Model Town, Patiala - PPCB",1.24,257.51,,,,51.28,234.72,,,,56.1,17.0,15.7,24.5,38.5,0.33,,32.78,,2.51,,62.62,,,,,,30.27,6.39,15.83,10.31,0.0,,,0.89,,,,
25-Jan-2019,14:45,25-Jan-2019,15:00,Punjab,Patiala,"Model Town, Patiala - PPCB",1.17,259.03,,,,51.87,225.24,,,,56.1,17.0,18.7,26.5,45.2,0.31,,32.26,,2.53,,62.65,,,,,,27.16,5.78,15.73,10.31,0.0,,,0.89,,,,
25-Jan-2019,15:00,25-Jan-2019,15:15,Punjab,Patiala,"Model Town, Patiala - PPCB",1.12,255.48,,,,48.84,210.94,,,,57.0,17.0,7.4,27.7,29.0,0.29,,33.96,,2.52,,62.67,,,,,,25.85,5.46,15.62,10.24,0.0,,,0.9,,,,
25-Jan-2019,15:15,25-Jan-2019,15:30,Punjab,Patiala,"Model Town, Patiala - PPCB",0.62,272.96,,,,51.16,206.48,,,,57.1,19.7,13.5,15.1,28.5,0.35,,21.56,,2.51,,62.66,,,,,,28.34,6.01,15.96,10.33,0.0,,,0.89,,,,
25-Jan-2019,15:30,25-Jan-2019,15:45,Punjab,Patiala,"Model Town, Patiala - PPCB",0.84,256.98,,,,52.66,195.4,,,,57.1,22.2,7.8,19.2,22.4,0.34,,25.62,,2.5,,62.71,,,,,,26.82,5.79,15.85,10.25,0.0,,,0.9,,,,
25-Jan-2019,15:45,25-Jan-2019,16:00,Punjab,Patiala,"Model Town, Patiala - PPCB",0.78,260.72,,,,51.26,190.27,,,,57.1,22.2,8.8,20.7,28.7,0.31,,31.91,,2.51,,62.72,,,,,,29.92,5.59,15.6,10.25,0.0,,,0.89,,,,
25-Jan-2019,16:00,25-Jan-2019,16:15,Punjab,Patiala,"Model Town, Patiala - PPCB",1.23,258.21,,,,52.21,185.22,,,,61.7,22.2,13.0,17.3,28.9,0.35,,18.36,,2.52,,62.71,,,,,,30.64,6.41,15.7,10.31,0.0,,,0.92,,,,
25-Jan-2019,16:15,25-Jan-2019,16:30,Punjab,Patiala,"Model Town, Patiala - PPCB",1.15,252.5,,,,52.02,174.91,,,,62.1,21.8,10.4,23.8,32.9,0.34,,30.96,,2.52,,62.66,,,,,,29.11,7.23,15.35,10.35,0.0,,,0.89,,,,
25-Jan-2019,16:30,25-Jan-2019,16:45,Punjab,Patiala,"Model Town, Patiala - PPCB",1.13,253.26,,,,52.08,171.34,,,,62.1,21.5,11.8,31.1,39.8,0.34,,32.66,,2.52,,62.63,,,,,,25.76,7.22,15.31,10.29,0.0,,,0.92,,,,
25-Jan-2019,16:45,25-Jan-2019,17:00,Punjab,Patiala,"Model Town, Patiala - PPCB",1.36,254.43,,,,59.31,175.13,,,,62.1,21.5,11.6,25.7,35.6,0.41,,30.81,,2.53,,62.7,,,,,,27.95,8.43,14.89,10.3,0.0,,,0.88,,,,
25-Jan-2019,17:00,25-Jan-2019,17:15,Punjab,Patiala,"Model Town, Patiala - PPCB",0.95,253.02,,,,62.39,159.61,,,,62.0,21.5,4.3,25.4,29.7,0.47,,27.88,,2.52,,62.68,,,,,,28.23,9.54,14.58,10.3,0.0,,,0.88,,,,
25-Jan-2019,17:15,25-Jan-2019,17:30,Punjab,Patiala,"Model Town, Patiala - PPCB",0.97,254.75,,,,62.45,148.58,,,,62.0,20.8,1.3,26.2,25.4,0.41,,25.25,,2.51,,62.74,,,,,,27.9,6.95,14.3,10.38,0.0,,,0.89,,,,
25-Jan-2019,17:30,25-Jan-2019,17:45,Punjab,Patiala,"Model Town, Patiala - PPCB",0.97,255.75,,,,63.5,138.22,,,,62.0,20.1,12.4,20.4,32.7,0.34,,26.28,,2.51,,62.68,,,,,,30.62,,13.73,10.29,0.0,,,0.89,,,,
25-Jan-2019,17:45,25-Jan-2019,18:00,Punjab,Patiala,"Model Town, Patiala - PPCB",0.7,255.08,,,,66.93,127.15,,,,62.0,20.1,11.2,27.7,38.8,0.38,,23.11,,2.52,,62.63,,,,,,30.2,3.52,13.24,10.27,0.0,,,0.88,,,,
25-Jan-2019,18:00,25-Jan-2019,18:15,Punjab,Patiala,"Model Town, Patiala - PPCB",0.65,249.1,,,,70.3,124.41,,,,65.0,20.1,12.3,29.0,40.4,0.42,,19.47,,2.51,,62.75,,,,,,29.95,3.22,12.84,10.28,0.0,,,0.89,,,,
25-Jan-2019,18:15,25-Jan-2019,18:30,Punjab,Patiala,"Model Town, Patiala - PPCB",0.54,243.93,,,,73.48,121.82,,,,65.3,17.5,32.3,27.9,58.8,0.51,,14.63,,2.51,,62.73,,,,,,29.3,3.06,12.36,10.27,0.0,,,0.89,,,,
25-Jan-2019,18:30,25-Jan-2019,18:45,Punjab,Patiala,"Model Town, Patiala - PPCB",0.45,242.89,,,,76.04,122.02,,,,65.3,15.1,29.8,29.8,57.0,0.56,,12.49,,2.51,,62.66,,,,,,26.88,2.82,11.97,10.34,0.0,,,0.89,,,,
25-Jan-2019,18:45,25-Jan-2019,19:00,Punjab,Patiala,"Model Town, Patiala - PPCB",0.35,229.3,,,,77.61,124.51,,,,65.3,15.1,17.3,28.0,38.8,0.53,,13.47,,2.53,,62.74,,,,,,23.4,2.66,11.51,10.33,0.0,,,0.88,,,,
25-Jan-2019,19:00,25-Jan-2019,19:15,Punjab,Patiala,"Model Town, Patiala - PPCB",0.46,239.3,,,,76.49,124.59,,,,62.2,15.1,40.4,44.0,79.3,0.6,,11.65,,2.55,,62.72,,,,,,31.96,2.49,11.36,10.37,0.0,,,0.89,,,,
25-Jan-2019,19:15,25-Jan-2019,19:30,Punjab,Patiala,"Model Town, Patiala - PPCB",0.13,221.41,,,,77.56,125.37,,,,61.9,16.7,29.6,39.7,54.5,0.65,,12.42,,2.53,,62.74,,,,,,28.85,2.52,11.05,10.32,0.0,,,0.9,,,,
25-Jan-2019,19:30,25-Jan-2019,19:45,Punjab,Patiala,"Model Town, Patiala - PPCB",0.09,157.55,,,,81.02,125.07,,,,61.9,18.2,35.3,49.8,77.8,0.74,,7.72,,2.51,,62.74,,,,,,28.66,2.44,10.55,10.33,0.0,,,0.89,,,,
25-Jan-2019,19:45,25-Jan-2019,20:00,Punjab,Patiala,"Model Town, Patiala - PPCB",0.07,151.61,,,,84.44,127.22,,,,61.9,18.2,38.8,57.6,85.1,0.75,,6.37,,2.51,,62.84,,,,,,27.56,2.32,10.03,10.29,0.0,,,0.9,,,,
25-Jan-2019,20:00,25-Jan-2019,20:15,Punjab,Patiala,"Model Town, Patiala - PPCB",0.12,262.42,,,,84.21,127.99,,,,71.8,18.2,39.2,42.9,71.8,0.71,,7.72,,2.5,,62.69,,,,,,34.2,2.31,9.8,10.29,0.0,,,0.9,,,,
25-Jan-2019,20:15,25-Jan-2019,20:30,Punjab,Patiala,"Model Town, Patiala - PPCB",0.04,195.52,,,,83.94,130.91,,,,72.7,17.8,23.3,63.5,59.4,0.82,,6.16,,2.5,,62.67,,,,,,24.62,2.34,9.64,10.31,0.0,,,0.88,,,,
25-Jan-2019,20:30,25-Jan-2019,20:45,Punjab,Patiala,"Model Town, Patiala - PPCB",0.08,191.58,,,,82.79,130.69,,,,72.7,17.5,26.2,59.3,73.9,0.85,,5.49,,2.52,,62.62,,,,,,21.88,2.39,9.57,10.26,0.0,,,0.89,,,,
25-Jan-2019,20:45,25-Jan-2019,21:00,Punjab,Patiala,"Model Town, Patiala - PPCB",0.06,110.66,,,,83.57,127.76,,,,72.7,17.5,23.4,48.9,61.9,0.83,,5.48,,2.52,,62.67,,,,,,25.8,2.32,9.34,10.34,0.0,,,0.91,,,,
25-Jan-2019,21:00,25-Jan-2019,21:15,Punjab,Patiala,"Model Town, Patiala - PPCB",0.16,196.56,,,,84.01,129.01,,,,69.8,17.5,49.7,47.0,85.7,0.8,,5.52,,2.51,,62.77,,,,,,38.54,2.08,9.15,10.33,0.0,,,0.88,,,,
25-Jan-2019,21:15,25-Jan-2019,21:30,Punjab,Patiala,"Model Town, Patiala - PPCB",0.16,112.12,,,,84.35,131.89,,,,69.5,17.8,35.2,44.8,58.2,0.71,,8.25,,2.52,,62.82,,,,,,32.35,2.01,9.0,10.28,0.0,,,0.89,,,,
25-Jan-2019,21:30,25-Jan-2019,21:45,Punjab,Patiala,"Model Town, Patiala - PPCB",0.17,203.03,,,,85.17,129.3,,,,69.5,18.0,38.0,56.5,86.0,0.79,,9.89,,2.51,,62.67,,,,,,28.27,,8.95,10.35,0.0,,,0.88,,,,
25-Jan-2019,21:45,25-Jan-2019,22:00,Punjab,Patiala,"Model Town, Patiala - PPCB",0.12,115.77,,,,86.22,133.06,,,,69.5,18.0,48.0,35.0,74.0,0.81,,11.54,,2.52,,62.61,,,,,,34.71,1.87,8.7,10.4,0.0,,,0.89,,,,
25-Jan-2019,22:00,25-Jan-2019,22:15,Punjab,Patiala,"Model Town, Patiala - PPCB",0.16,135.42,,,,87.23,131.67,,,,65.0,18.0,37.1,47.9,73.8,0.79,,11.12,,2.52,,62.64,,,,,,28.36,1.82,8.54,10.41,0.0,,,0.89,,,,
25-Jan-2019,22:15,25-Jan-2019,22:30,Punjab,Patiala,"Model Town, Patiala - PPCB",0.16,178.76,,,,88.89,132.74,,,,64.6,17.9,6.0,42.4,38.2,0.76,,11.58,,2.53,,62.65,,,,,,31.23,1.73,8.3,10.33,0.0,,,0.89,,,,
25-Jan-2019,22:30,25-Jan-2019,22:45,Punjab,Patiala,"Model Town, Patiala - PPCB",0.12,166.95,,,,91.79,132.69,,,,64.6,17.8,16.4,41.9,44.3,0.8,,8.29,,2.52,,62.73,,,,,,28.65,1.59,8.12,10.37,0.0,,,0.91,,,,
25-Jan-2019,22:45,25-Jan-2019,23:00,Punjab,Patiala,"Model Town, Patiala - PPCB",0.1,109.27,,,,92.85,135.73,,,,64.6,17.8,18.0,36.8,47.3,0.86,,6.56,,2.51,,62.67,,,,,,24.15,1.65,7.92,10.35,0.0,,,0.88,,,,
25-Jan-2019,23:00,25-Jan-2019,23:15,Punjab,Patiala,"Model Town, Patiala - PPCB",0.17,102.17,,,,92.33,137.33,,,,61.6,17.8,21.2,37.5,41.4,0.9,,5.54,,2.52,,62.6,,,,,,25.76,1.67,7.81,10.37,0.0,,,0.89,,,,
25-Jan-2019,23:15,25-Jan-2019,23:30,Punjab,Patiala,"Model Town, Patiala - PPCB",0.2,185.77,,,,93.3,135.83,,,,61.3,19.2,11.8,42.6,36.3,0.98,,5.26,,2.52,,62.63,,,,,,20.88,1.56,7.73,10.31,0.0,,,0.88,,,,
25-Jan-2019,23:30,25-Jan-2019,23:45,Punjab,Patiala,"Model Town, Patiala - PPCB",0.19,250.79,,,,94.69,138.84,,,,61.3,20.5,30.8,37.1,60.4,0.91,,5.18,,2.51,,62.61,,,,,,29.77,1.46,7.6,10.28,0.0,,,0.89,,,,
25-Jan-2019,23:45,26-Jan-2019,00:00,Punjab,Patiala,"Model Town, Patiala - PPCB",0.31,246.93,,,,92.99,136.52,,,,61.3,20.5,16.7,30.8,39.7,0.94,,5.11,,2.54,,62.65,,,,,,25.5,1.45,7.61,10.3,0.0,,,0.88,,,,
26-Jan-2019,00:00,26-Jan-2019,00:15,Punjab,Patiala,"Model Town, Patiala - PPCB",0.19,207.33,,,,91.72,134.05,,,,61.1,20.5,16.4,39.8,45.8,0.89,,5.33,,2.53,,62.71,,,,,,29.16,1.36,7.59,10.29,0.0,,,0.89,,,,
26-Jan-2019,00:15,26-Jan-2019,00:30,Punjab,Patiala,"Model Town, Patiala - PPCB",0.31,242.08,,,,90.3,131.91,,,,61.0,20.5,17.9,33.1,43.0,0.71,,5.81,,2.51,,62.63,,,,,,27.07,1.38,7.67,10.32,0.0,,,0.88,,,,
26-Jan-2019,00:30,26-Jan-2019,00:45,Punjab,Patiala,"Model Town, Patiala - PPCB",0.19,222.55,,,,90.22,133.46,,,,61.0,20.6,17.5,29.9,35.4,0.6,,8.52,,2.52,,62.66,,,,,,31.19,1.33,7.59,10.29,0.0,,,0.88,,,,
26-Jan-2019,00:45,26-Jan-2019,01:00,Punjab,Patiala,"Model Town, Patiala - PPCB",0.21,211.5,,,,91.53,133.8,,,,61.0,20.6,23.0,24.1,41.7,0.56,,10.35,,2.51,,62.69,,,,,,25.25,1.35,7.34,10.29,0.0,,,0.88,,,,
26-Jan-2019,01:00,26-Jan-2019,01:15,Punjab,Patiala,"Model Town, Patiala - PPCB",0.28,246.54,,,,91.62,133.94,,,,60.2,19.5,6.1,37.1,35.7,0.57,,8.65,,0.03,,0.7,,,,,,25.22,1.36,7.32,0.12,0.0,,,0.01,,,,
26-Jan-2019,01:15,26-Jan-2019,01:30,Punjab,Patiala,"Model Town, Patiala - PPCB",0.21,207.99,,,,92.08,134.4,,,,60.3,19.0,19.0,23.5,33.3,0.58,,7.78,,1.04,,25.75,,,,,,27.15,1.33,7.17,4.22,0.0,,,0.36,,,,
26-Jan-2019,01:30,26-Jan-2019,01:45,Punjab,Patiala,"Model Town, Patiala - PPCB",0.17,194.09,,,,93.86,136.37,,,,62.6,19.0,6.6,27.0,28.5,0.56,,8.04,,2.52,,62.64,,,,,,27.81,1.3,7.0,10.27,0.0,,,0.88,,,,
26-Jan-2019,01:45,26-Jan-2019,02:00,Punjab,Patiala,"Model Town, Patiala - PPCB",0.26,224.63,,,,94.06,137.12,,,,62.6,20.9,20.9,25.8,38.5,0.55,,8.67,,2.53,,62.67,,,,,,35.39,1.44,6.92,10.3,0.0,,,0.88,,,,
26-Jan-2019,02:00,26-Jan-2019,02:15,Punjab,Patiala,"Model Town, Patiala - PPCB",0.24,229.68,,,,92.45,135.58,,,,62.6,21.7,31.3,33.6,61.2,0.58,,8.59,,2.51,,62.71,,,,,,29.13,1.6,6.87,10.25,0.0,,,0.89,,,,
26-Jan-2019,02:15,26-Jan-2019,02:30,Punjab,Patiala,"Model Town, Patiala - PPCB",0.22,199.98,,,,94.34,137.49,,,,62.4,21.7,20.7,39.7,57.3,0.58,,8.01,,2.51,,62.65,,,,,,29.97,1.52,6.67,10.27,0.0,,,0.89,,,,
26-Jan-2019,02:30,26-Jan-2019,02:45,Punjab,Patiala,"Model Town, Patiala - PPCB",0.2,237.4,,,,92.95,135.74,,,,60.7,21.7,13.3,33.2,35.5,0.62,,8.3,,2.53,,62.6,,,,,,27.96,2.26,6.82,10.27,0.0,,,0.88,,,,
26-Jan-2019,02:45,26-Jan-2019,03:00,Punjab,Patiala,"Model Town, Patiala - PPCB",0.24,209.22,,,,92.17,135.14,,,,60.7,20.6,16.2,40.5,48.2,0.64,,8.67,,2.51,,62.64,,,,,,21.52,3.11,6.81,10.29,0.0,,,0.89,,,,
26-Jan-2019,03:00,26-Jan-2019,03:15,Punjab,Patiala,"Model Town, Patiala - PPCB",0.43,243.86,,,,92.56,138.07,,,,60.7,20.2,17.3,26.6,37.5,0.67,,7.99,,2.51,,62.64,,,,,,32.55,3.81,6.68,10.29,0.0,,,0.87,,,,
26-Jan-2019,03:15,26-Jan-2019,03:30,Punjab,Patiala,"Model Town, Patiala - PPCB",0.67,246.85,,,,91.01,136.12,,,,61.5,20.2,5.9,21.0,20.6,0.66,,7.83,,2.52,,62.62,,,,,,25.94,5.2,6.77,10.28,0.0,,,0.9,,,,
26-Jan-2019,03:30,26-Jan-2019,03:45,Punjab,Patiala,"Model Town, Patiala - PPCB",0.62,248.25,,,,88.8,133.86,,,,68.6,20.2,11.1,22.2,23.6,0.64,,9.05,,2.51,,62.67,,,,,,31.21,6.63,6.92,10.31,0.0,,,0.89,,,,
26-Jan-2019,03:45,26-Jan-2019,04:00,Punjab,Patiala,"Model Town, Patiala - PPCB",0.58,244.61,,,,85.72,133.64,,,,68.6,20.5,9.1,21.0,23.8,0.64,,10.66,,2.51,,62.7,,,,,,29.01,10.03,7.19,10.23,0.0,,,0.9,,,,
26-Jan-2019,04:00,26-Jan-2019,04:15,Punjab,Patiala,"Model Town, Patiala - PPCB",,,,,,,,,,,,,,,,,,,,,,,,,,,,,,,,,,,,,,,
26-Jan-2019,04:15,26-Jan-2019,04:30,Punjab,Patiala,"Model Town, Patiala - PPCB",,,,,,,,,,,,,,,,,,,,,,,,,,,,,,,,,,,,,,,
26-Jan-2019,04:30,26-Jan-2019,04:45,Punjab,Patiala,"Model Town, Patiala - PPCB",,,,,,,,,,,,,,,,,,,,,,,,,,,,,,,,,,,,,,,
26-Jan-2019,04:45,26-Jan-2019,05:00,Punjab,Patiala,"Model Town, Patiala - PPCB",,,,,,,,,,,,,,,,,,,,,,,,,,,,,,,,,,,,,,,
26-Jan-2019,05:00,26-Jan-2019,05:15,Punjab,Patiala,"Model Town, Patiala - PPCB",,,,,,,,,,,,,,,,,,,,,,,,,,,,,,,,,,,,,,,
26-Jan-2019,05:15,26-Jan-2019,05:30,Punjab,Patiala,"Model Town, Patiala - PPCB",,,,,,,,,,,,,,,,,,,,,,,,,,,,,,,,,,,,,,,
26-Jan-2019,05:30,26-Jan-2019,05:45,Punjab,Patiala,"Model Town, Patiala - PPCB",,,,,,,,,,,,,,,,,,,,,,,,,,,,,,,,,,,,,,,
26-Jan-2019,05:45,26-Jan-2019,06:00,Punjab,Patiala,"Model Town, Patiala - PPCB",,,,,,,,,,,,,,,,,,,,,,,,,,,,,,,,,,,,,,,
26-Jan-2019,06:00,26-Jan-2019,06:15,Punjab,Patiala,"Model Town, Patiala - PPCB",,,,,,,,,,,,,,,,,,,,,,,,,,,,,,,,,,,,,,,
26-Jan-2019,06:15,26-Jan-2019,06:30,Punjab,Patiala,"Model Town, Patiala - PPCB",,,,,,,,,,,,,,,,,,,,,,,,,,,,,,,,,,,,,,,
26-Jan-2019,06:30,26-Jan-2019,06:45,Punjab,Patiala,"Model Town, Patiala - PPCB",,,,,,,,,,,,,,,,,,,,,,,,,,,,,,,,,,,,,,,
26-Jan-2019,06:45,26-Jan-2019,07:00,Punjab,Patiala,"Model Town, Patiala - PPCB",,,,,,,,,,,,,,,,,,,,,,,,,,,,,,,,,,,,,,,
26-Jan-2019,07:00,26-Jan-2019,07:15,Punjab,Patiala,"Model Town, Patiala - PPCB",,,,,,,,,,,,,,,,,,,,,,,,,,,,,,,,,,,,,,,
26-Jan-2019,07:15,26-Jan-2019,07:30,Punjab,Patiala,"Model Town, Patiala - PPCB",,,,,,,,,,,,,,,,,,,,,,,,,,,,,,,,,,,,,,,
26-Jan-2019,07:30,26-Jan-2019,07:45,Punjab,Patiala,"Model Town, Patiala - PPCB",,,,,,,,,,,,,,,,,,,,,,,,,,,,,,,,,,,,,,,
26-Jan-2019,07:45,26-Jan-2019,08:00,Punjab,Patiala,"Model Town, Patiala - PPCB",,,,,,,,,,,,,,,,,,,,,,,,,,,,,,,,,,,,,,,
26-Jan-2019,08:00,26-Jan-2019,08:15,Punjab,Patiala,"Model Town, Patiala - PPCB",,,,,,,,,,,,,,,,,,,,,,,,,,,,,,,,,,,,,,,
26-Jan-2019,08:15,26-Jan-2019,08:30,Punjab,Patiala,"Model Town, Patiala - PPCB",0.55,244.6,,,,85.53,182.17,,,,65.9,21.4,8.6,33.5,34.3,0.68,,10.72,,2.52,,62.68,,,,,,29.68,,7.22,10.28,0.0,,,0.88,,,,
26-Jan-2019,08:30,26-Jan-2019,08:45,Punjab,Patiala,"Model Town, Patiala - PPCB",1.13,252.7,,,,80.5,347.25,,,,59.3,23.6,9.2,26.5,28.6,0.77,,12.21,,2.52,,62.67,,,,,,27.79,22.54,7.99,10.27,0.0,,,0.89,,,,
26-Jan-2019,08:45,26-Jan-2019,09:00,Punjab,Patiala,"Model Town, Patiala - PPCB",1.02,249.77,,,,77.69,243.47,,,,59.3,23.6,4.4,22.0,25.8,0.75,,13.73,,2.52,,62.67,,,,,,28.45,23.51,8.77,10.27,0.0,,,0.89,,,,
26-Jan-2019,09:00,26-Jan-2019,09:15,Punjab,Patiala,"Model Town, Patiala - PPCB",0.71,257.24,,,,74.69,349.34,,,,59.3,23.6,3.0,21.2,20.2,0.78,,13.17,,2.52,,62.67,,,,,,26.56,24.15,9.79,10.27,0.0,,,0.89,,,,
26-Jan-2019,09:15,26-Jan-2019,09:30,Punjab,Patiala,"Model Town, Patiala - PPCB",0.96,256.24,,,,73.3,415.14,,,,59.3,23.6,7.5,27.4,34.4,0.79,,17.21,,2.52,,62.67,,,,,,26.46,21.77,10.44,10.27,0.0,,,0.89,,,,
26-Jan-2019,09:30,26-Jan-2019,09:45,Punjab,Patiala,"Model Town, Patiala - PPCB",0.96,258.72,,,,73.39,420.23,,,,59.3,23.6,8.8,22.4,29.5,0.76,,18.46,,2.52,,62.67,,,,,,25.09,19.26,10.86,10.27,0.0,,,0.89,,,,
26-Jan-2019,09:45,26-Jan-2019,10:00,Punjab,Patiala,"Model Town, Patiala - PPCB",0.87,260.58,,,,72.42,370.16,,,,59.3,23.6,7.7,28.3,36.0,0.69,,20.55,,2.52,,62.67,,,,,,27.31,15.77,11.72,10.27,0.0,,,0.89,,,,
26-Jan-2019,10:00,26-Jan-2019,10:15,Punjab,Patiala,"Model Town, Patiala - PPCB",0.87,265.81,,,,67.18,526.4,,,,59.3,23.6,8.4,26.0,33.3,0.58,,25.91,,2.52,,62.67,,,,,,26.61,13.06,12.39,10.27,0.0,,,0.89,,,,
26-Jan-2019,10:15,26-Jan-2019,10:30,Punjab,Patiala,"Model Town, Patiala - PPCB",1.0,257.88,,,,,,,,,59.3,23.6,8.7,30.4,38.3,0.58,,26.23,,,,,,,,,,27.4,11.71,,10.27,,,,,,,,
26-Jan-2019,10:30,26-Jan-2019,10:45,Punjab,Patiala,"Model Town, Patiala - PPCB",1.01,260.84,,,,64.9,341.23,,,,59.3,23.6,13.5,27.6,40.4,0.55,,28.05,,2.52,,62.67,,,,,,27.69,10.37,13.5,10.27,0.0,,,0.89,,,,
26-Jan-2019,10:45,26-Jan-2019,11:00,Punjab,Patiala,"Model Town, Patiala - PPCB",0.73,268.63,,,,60.83,481.66,,,,59.3,23.6,14.6,25.5,39.1,0.54,,22.56,,2.52,,62.67,,,,,,27.8,9.88,14.22,10.27,0.0,,,0.89,,,,
26-Jan-2019,11:00,26-Jan-2019,11:15,Punjab,Patiala,"Model Town, Patiala - PPCB",0.87,265.8,,,,58.46,518.42,,,,59.3,23.6,6.4,27.0,24.9,0.45,,24.1,,2.52,,62.67,,,,,,28.1,9.3,14.6,10.27,0.0,,,0.89,,,,
26-Jan-2019,11:15,26-Jan-2019,11:30,Punjab,Patiala,"Model Town, Patiala - PPCB",1.29,256.9,,,,57.79,470.04,,,,59.3,23.6,22.4,29.5,51.6,0.44,,25.4,,2.52,,62.67,,,,,,25.97,8.34,14.82,10.27,0.0,,,0.89,,,,
26-Jan-2019,11:30,26-Jan-2019,11:45,Punjab,Patiala,"Model Town, Patiala - PPCB",1.28,256.81,,,,56.34,626.96,,,,59.3,23.6,8.5,23.1,30.8,0.42,,26.78,,2.52,,62.67,,,,,,29.92,7.57,15.09,10.27,0.0,,,0.89,,,,
26-Jan-2019,11:45,26-Jan-2019,12:00,Punjab,Patiala,"Model Town, Patiala - PPCB",0.64,278.59,,,,52.75,689.95,,,,59.3,23.6,4.3,24.1,26.5,0.39,,27.92,,2.52,,62.67,,,,,,29.06,7.02,15.73,10.27,0.0,,,0.89,,,,
26-Jan-2019,12:00,26-Jan-2019,12:15,Punjab,Patiala,"Model Town, Patiala - PPCB",0.65,272.21,,,,51.1,608.11,,,,59.3,23.6,4.0,27.2,27.3,0.38,,30.35,,2.52,,62.67,,,,,,26.46,6.32,16.76,10.28,0.0,,,0.89,,,,
26-Jan-2019,12:15,26-Jan-2019,12:30,Punjab,Patiala,"Model Town, Patiala - PPCB",0.67,288.1,,,,52.65,388.87,,,,59.3,22.4,7.3,24.2,27.0,0.42,,31.12,,2.52,,62.7,,,,,,27.23,6.4,16.47,10.31,0.0,,,0.9,,,,
26-Jan-2019,12:30,26-Jan-2019,12:45,Punjab,Patiala,"Model Town, Patiala - PPCB",0.96,265.68,,,,51.59,268.53,,,,59.3,22.1,7.2,25.2,31.5,0.43,,32.99,,2.51,,62.6,,,,,,27.64,6.01,16.53,10.29,0.0,,,0.87,,,,
26-Jan-2019,12:45,26-Jan-2019,13:00,Punjab,Patiala,"Model Town, Patiala - PPCB",1.16,260.35,,,,54.1,255.49,,,,59.3,22.1,7.2,30.8,36.9,0.45,,33.64,,2.52,,62.58,,,,,,23.81,6.24,16.12,10.28,0.0,,,0.88,,,,
26-Jan-2019,13:00,26-Jan-2019,13:15,Punjab,Patiala,"Model Town, Patiala - PPCB",1.09,261.88,,,,54.64,215.32,,,,59.3,22.1,2.1,21.9,19.1,0.5,,34.27,,2.5,,62.7,,,,,,28.84,7.27,16.06,10.29,0.0,,,0.9,,,,
26-Jan-2019,13:15,26-Jan-2019,13:30,Punjab,Patiala,"Model Town, Patiala - PPCB",1.34,259.26,,,,54.94,223.54,,,,59.3,21.2,1.6,26.9,24.8,0.52,,35.54,,2.54,,62.77,,,,,,27.43,8.28,15.97,10.27,0.0,,,0.9,,,,
26-Jan-2019,13:30,26-Jan-2019,13:45,Punjab,Patiala,"Model Town, Patiala - PPCB",1.19,257.38,,,,55.15,231.13,,,,59.3,20.9,10.3,18.6,28.8,0.46,,35.77,,2.5,,62.61,,,,,,29.99,,16.02,10.3,0.0,,,0.89,,,,
26-Jan-2019,13:45,26-Jan-2019,14:00,Punjab,Patiala,"Model Town, Patiala - PPCB",0.97,268.32,,,,51.97,222.72,,,,58.9,20.9,16.0,23.7,39.8,0.45,,35.1,,2.51,,62.78,,,,,,28.82,6.97,16.16,10.32,0.0,,,0.88,,,,
26-Jan-2019,14:00,26-Jan-2019,14:15,Punjab,Patiala,"Model Town, Patiala - PPCB",1.24,257.55,,,,49.37,218.57,,,,56.9,20.9,9.1,22.2,31.2,0.36,,35.3,,2.53,,62.66,,,,,,28.78,5.29,16.28,10.3,0.0,,,0.89,,,,
26-Jan-2019,14:15,26-Jan-2019,14:30,Punjab,Patiala,"Model Town, Patiala - PPCB",1.21,261.88,,,,48.45,220.22,,,,56.9,19.5,14.0,22.2,36.2,0.33,,33.44,,2.51,,62.72,,,,,,29.26,4.92,16.21,10.23,0.0,,,0.88,,,,
26-Jan-2019,14:30,26-Jan-2019,14:45,Punjab,Patiala,"Model Town, Patiala - PPCB",1.17,258.21,,,,48.07,215.65,,,,56.9,19.1,10.7,31.3,42.0,0.3,,33.81,,2.52,,62.7,,,,,,26.48,4.44,16.12,10.26,0.0,,,0.91,,,,
26-Jan-2019,14:45,26-Jan-2019,15:00,Punjab,Patiala,"Model Town, Patiala - PPCB",0.87,264.42,,,,48.27,212.26,,,,57.4,19.1,2.0,32.9,30.8,0.32,,34.75,,2.53,,62.65,,,,,,25.84,4.87,16.27,10.34,0.0,,,0.9,,,,
26-Jan-2019,15:00,26-Jan-2019,15:15,Punjab,Patiala,"Model Town, Patiala - PPCB",1.23,257.34,,,,49.43,206.68,,,,60.0,19.1,3.9,29.4,32.9,0.33,,35.48,,2.51,,62.67,,,,,,27.17,4.6,16.08,10.34,0.0,,,0.88,,,,
26-Jan-2019,15:15,26-Jan-2019,15:30,Punjab,Patiala,"Model Town, Patiala - PPCB",1.52,256.74,,,,51.57,213.13,,,,60.0,21.7,6.4,28.9,32.4,0.37,,36.86,,2.51,,62.62,,,,,,26.79,5.13,15.89,10.34,0.0,,,0.89,,,,
26-Jan-2019,15:30,26-Jan-2019,15:45,Punjab,Patiala,"Model Town, Patiala - PPCB",1.67,256.41,,,,51.72,201.43,,,,60.0,22.6,2.6,21.4,24.1,0.34,,37.4,,2.51,,62.73,,,,,,28.06,4.52,15.58,10.25,0.0,,,0.88,,,,
26-Jan-2019,15:45,26-Jan-2019,16:00,Punjab,Patiala,"Model Town, Patiala - PPCB",1.62,254.75,,,,53.7,191.61,,,,60.4,22.6,11.8,27.7,39.4,0.32,,35.24,,2.52,,62.66,,,,,,29.89,4.25,15.38,10.34,0.0,,,0.89,,,,
26-Jan-2019,16:00,26-Jan-2019,16:15,Punjab,Patiala,"Model Town, Patiala - PPCB",1.4,255.79,,,,53.53,185.72,,,,62.4,22.6,8.2,24.9,33.2,0.31,,31.66,,2.51,,62.63,,,,,,28.34,4.08,15.25,10.29,0.0,,,0.88,,,,
26-Jan-2019,16:15,26-Jan-2019,16:30,Punjab,Patiala,"Model Town, Patiala - PPCB",1.13,254.31,,,,54.16,187.14,,,,62.4,16.9,6.8,27.6,33.6,0.29,,33.23,,2.52,,62.67,,,,,,26.63,3.74,15.15,10.26,0.0,,,0.89,,,,
26-Jan-2019,16:30,26-Jan-2019,16:45,Punjab,Patiala,"Model Town, Patiala - PPCB",1.34,250.67,,,,57.86,175.56,,,,62.4,15.1,9.3,16.6,25.7,0.32,,30.79,,2.52,,62.76,,,,,,29.34,3.81,14.95,10.26,0.0,,,0.9,,,,
26-Jan-2019,16:45,26-Jan-2019,17:00,Punjab,Patiala,"Model Town, Patiala - PPCB",1.09,252.54,,,,58.95,165.62,,,,62.1,15.1,3.7,22.2,25.6,0.34,,28.09,,2.54,,62.61,,,,,,27.23,3.64,14.52,10.27,0.0,,,0.91,,,,
26-Jan-2019,17:00,26-Jan-2019,17:15,Punjab,Patiala,"Model Town, Patiala - PPCB",1.28,252.1,,,,60.39,163.29,,,,60.5,15.1,2.3,29.7,29.5,0.34,,26.24,,2.52,,62.74,,,,,,25.82,3.65,14.08,10.32,0.0,,,0.88,,,,
26-Jan-2019,17:15,26-Jan-2019,17:30,Punjab,Patiala,"Model Town, Patiala - PPCB",1.19,252.85,,,,62.65,158.09,,,,60.5,14.6,8.0,26.4,33.7,0.38,,22.77,,2.52,,62.63,,,,,,26.97,3.81,13.69,10.33,0.0,,,0.89,,,,
26-Jan-2019,17:30,26-Jan-2019,17:45,Punjab,Patiala,"Model Town, Patiala - PPCB",1.1,249.73,,,,65.87,147.43,,,,60.5,14.4,1.3,22.3,16.6,0.53,,22.1,,2.52,,62.59,,,,,,28.85,,13.29,10.26,0.0,,,0.89,,,,
26-Jan-2019,17:45,26-Jan-2019,18:00,Punjab,Patiala,"Model Town, Patiala - PPCB",1.15,251.55,,,,68.22,143.7,,,,60.1,14.4,10.4,23.9,33.4,0.47,,23.27,,2.52,,62.6,,,,,,29.57,3.99,12.7,10.25,0.0,,,0.88,,,,
26-Jan-2019,18:00,26-Jan-2019,18:15,Punjab,Patiala,"Model Town, Patiala - PPCB",0.98,253.8,,,,69.98,139.4,,,,57.8,14.4,9.1,26.0,35.1,0.46,,23.21,,2.51,,62.62,,,,,,28.83,4.0,12.27,10.29,0.0,,,0.89,,,,
26-Jan-2019,18:15,26-Jan-2019,18:30,Punjab,Patiala,"Model Town, Patiala - PPCB",0.9,252.24,,,,70.7,139.86,,,,57.8,14.9,9.4,22.2,31.6,0.52,,20.91,,2.5,,62.68,,,,,,28.17,4.02,11.99,10.26,0.0,,,0.88,,,,
26-Jan-2019,18:30,26-Jan-2019,18:45,Punjab,Patiala,"Model Town, Patiala - PPCB",0.69,254.57,,,,71.02,137.19,,,,57.8,15.0,8.9,19.2,27.9,0.5,,21.47,,2.51,,62.66,,,,,,28.93,3.74,11.72,10.26,0.0,,,0.89,,,,
26-Jan-2019,18:45,26-Jan-2019,19:00,Punjab,Patiala,"Model Town, Patiala - PPCB",0.65,257.37,,,,70.88,136.69,,,,57.5,15.0,15.9,29.9,45.8,0.48,,21.17,,2.51,,62.61,,,,,,29.93,3.66,11.48,10.25,0.0,,,0.9,,,,
26-Jan-2019,19:00,26-Jan-2019,19:15,Punjab,Patiala,"Model Town, Patiala - PPCB",0.88,259.35,,,,69.29,138.87,,,,55.8,15.0,19.7,22.6,42.2,0.45,,23.66,,2.51,,62.69,,,,,,29.23,3.85,11.38,10.26,0.0,,,0.89,,,,
26-Jan-2019,19:15,26-Jan-2019,19:30,Punjab,Patiala,"Model Town, Patiala - PPCB",0.96,257.55,,,,67.65,139.64,,,,55.8,16.8,19.1,25.5,43.6,0.44,,25.22,,2.5,,62.65,,,,,,30.52,3.68,11.31,10.29,0.0,,,0.91,,,,
26-Jan-2019,19:30,26-Jan-2019,19:45,Punjab,Patiala,"Model Town, Patiala - PPCB",1.0,258.25,,,,67.25,140.15,,,,55.8,17.4,16.1,33.4,49.4,0.43,,25.85,,2.52,,62.62,,,,,,26.61,3.43,11.16,10.35,0.0,,,0.88,,,,
26-Jan-2019,19:45,26-Jan-2019,20:00,Punjab,Patiala,"Model Town, Patiala - PPCB",1.01,257.68,,,,67.77,140.58,,,,55.7,17.4,7.1,27.6,31.3,0.44,,25.47,,2.52,,62.62,,,,,,26.2,3.19,10.92,10.28,0.0,,,0.93,,,,
26-Jan-2019,20:00,26-Jan-2019,20:15,Punjab,Patiala,"Model Town, Patiala - PPCB",1.2,252.5,,,,68.89,142.39,,,,54.9,17.4,14.8,28.1,36.1,0.44,,24.77,,2.52,,62.63,,,,,,27.85,2.84,10.63,10.31,0.0,,,0.87,,,,
26-Jan-2019,20:15,26-Jan-2019,20:30,Punjab,Patiala,"Model Town, Patiala - PPCB",1.28,250.66,,,,70.86,143.91,,,,54.9,16.9,24.6,23.1,43.8,0.44,,22.12,,2.51,,62.63,,,,,,29.75,2.55,10.23,10.29,0.0,,,0.88,,,,
26-Jan-2019,20:30,26-Jan-2019,20:45,Punjab,Patiala,"Model Town, Patiala - PPCB",0.92,248.55,,,,71.87,142.13,,,,54.9,16.8,21.8,30.2,50.9,0.45,,21.44,,2.51,,62.65,,,,,,27.89,2.34,9.91,10.29,0.0,,,0.88,,,,
26-Jan-2019,20:45,26-Jan-2019,21:00,Punjab,Patiala,"Model Town, Patiala - PPCB",0.59,253.23,,,,73.2,137.5,,,,55.3,16.8,23.3,31.5,51.3,0.44,,20.8,,2.52,,62.73,,,,,,23.74,2.28,9.72,10.32,0.0,,,0.87,,,,
26-Jan-2019,21:00,26-Jan-2019,21:15,Punjab,Patiala,"Model Town, Patiala - PPCB",0.6,251.66,,,,73.34,137.49,,,,57.4,16.8,15.4,34.6,43.9,0.42,,20.69,,2.55,,62.7,,,,,,31.35,2.13,9.59,10.32,0.0,,,0.88,,,,
26-Jan-2019,21:15,26-Jan-2019,21:30,Punjab,Patiala,"Model Town, Patiala - PPCB",0.7,254.52,,,,73.29,139.69,,,,57.4,16.0,38.9,28.7,61.4,0.43,,20.75,,2.5,,62.68,,,,,,27.69,2.18,9.55,10.29,0.0,,,0.89,,,,
26-Jan-2019,21:30,26-Jan-2019,21:45,Punjab,Patiala,"Model Town, Patiala - PPCB",0.81,253.65,,,,74.07,140.03,,,,57.4,15.8,25.9,13.5,34.6,0.44,,21.58,,2.51,,62.67,,,,,,31.07,,9.42,10.37,0.0,,,0.87,,,,
26-Jan-2019,21:45,26-Jan-2019,22:00,Punjab,Patiala,"Model Town, Patiala - PPCB",0.97,253.26,,,,74.65,143.37,,,,57.3,15.8,28.2,29.1,49.1,0.48,,20.78,,2.5,,62.62,,,,,,28.0,2.15,9.25,10.27,0.0,,,0.88,,,,
26-Jan-2019,22:00,26-Jan-2019,22:15,Punjab,Patiala,"Model Town, Patiala - PPCB",0.76,255.18,,,,74.07,139.69,,,,56.7,15.8,26.1,31.7,54.2,0.44,,21.69,,2.53,,62.6,,,,,,29.81,2.25,9.31,10.26,0.0,,,0.92,,,,
26-Jan-2019,22:15,26-Jan-2019,22:30,Punjab,Patiala,"Model Town, Patiala - PPCB",0.68,254.2,,,,75.07,139.51,,,,56.7,14.9,25.1,31.9,38.1,0.44,,21.57,,2.51,,62.58,,,,,,23.89,2.29,9.18,10.28,0.0,,,0.9,,,,
26-Jan-2019,22:30,26-Jan-2019,22:45,Punjab,Patiala,"Model Town, Patiala - PPCB",0.61,252.06,,,,76.34,138.92,,,,56.7,14.6,21.1,25.6,36.3,0.47,,19.82,,2.51,,62.66,,,,,,25.99,2.42,9.01,10.38,0.0,,,0.89,,,,
26-Jan-2019,22:45,26-Jan-2019,23:00,Punjab,Patiala,"Model Town, Patiala - PPCB",0.62,254.7,,,,77.0,139.62,,,,57.3,14.6,21.0,47.9,62.4,0.5,,18.48,,2.51,,62.61,,,,,,25.64,2.44,8.91,10.41,0.0,,,0.89,,,,
26-Jan-2019,23:00,26-Jan-2019,23:15,Punjab,Patiala,"Model Town, Patiala - PPCB",0.46,255.6,,,,77.87,136.4,,,,60.8,14.6,19.1,27.4,35.1,0.47,,17.68,,2.51,,62.67,,,,,,29.14,2.44,8.81,10.44,0.0,,,0.88,,,,
26-Jan-2019,23:15,26-Jan-2019,23:30,Punjab,Patiala,"Model Town, Patiala - PPCB",0.49,251.36,,,,78.69,138.47,,,,60.8,16.5,23.9,31.5,47.5,0.5,,17.1,,2.53,,62.76,,,,,,28.68,2.43,8.67,10.36,0.0,,,0.88,,,,
26-Jan-2019,23:30,26-Jan-2019,23:45,Punjab,Patiala,"Model Town, Patiala - PPCB",0.5,257.67,,,,79.62,138.34,,,,60.8,17.1,22.8,31.6,42.1,0.49,,16.69,,2.51,,62.74,,,,,,24.33,2.57,8.53,10.31,0.0,,,0.9,,,,
26-Jan-2019,23:45,27-Jan-2019,00:00,Punjab,Patiala,"Model Town, Patiala - PPCB",0.89,254.65,,,,79.17,142.04,,,,61.5,17.1,30.8,33.4,53.3,0.48,,17.01,,2.5,,62.73,,,,,,25.34,2.76,8.47,10.35,0.0,,,0.88,,,,
27-Jan-2019,00:00,27-Jan-2019,00:15,Punjab,Patiala,"Model Town, Patiala - PPCB",0.9,257.53,,,,76.81,141.89,,,,66.0,17.1,20.6,37.2,43.0,0.43,,19.29,,2.52,,62.63,,,,,,25.94,3.15,8.65,10.32,0.0,,,0.89,,,,
27-Jan-2019,00:15,27-Jan-2019,00:30,Punjab,Patiala,"Model Town, Patiala - PPCB",0.78,255.03,,,,77.09,140.1,,,,66.0,16.5,9.5,46.7,38.1,0.42,,19.97,,2.5,,62.69,,,,,,20.59,3.27,8.5,10.29,0.0,,,0.88,,,,
27-Jan-2019,00:30,27-Jan-2019,00:45,Punjab,Patiala,"Model Town, Patiala - PPCB",0.4,243.09,,,,78.85,137.28,,,,66.0,16.3,22.0,34.0,38.8,0.41,,19.36,,2.51,,62.62,,,,,,25.53,3.05,8.19,10.31,0.0,,,0.88,,,,
27-Jan-2019,00:45,27-Jan-2019,01:00,Punjab,Patiala,"Model Town, Patiala - PPCB",0.14,199.91,,,,83.1,137.74,,,,65.5,16.3,7.8,33.4,27.7,0.42,,17.68,,2.51,,62.65,,,,,,29.52,2.46,7.62,10.3,0.0,,,0.89,,,,
27-Jan-2019,01:00,27-Jan-2019,01:15,Punjab,Patiala,"Model Town, Patiala - PPCB",0.57,241.07,,,,84.73,141.98,,,,69.8,16.9,43.5,22.8,57.0,0.48,,14.46,,0.03,,0.7,,,,,,26.52,2.39,7.37,0.11,0.0,,,0.01,,,,
27-Jan-2019,01:15,27-Jan-2019,01:30,Punjab,Patiala,"Model Town, Patiala - PPCB",0.49,242.34,,,,84.92,141.99,,,,76.2,17.2,16.1,28.2,37.1,0.47,,14.64,,1.03,,25.75,,,,,,26.31,2.42,7.38,4.3,0.0,,,0.36,,,,
27-Jan-2019,01:30,27-Jan-2019,01:45,Punjab,Patiala,"Model Town, Patiala - PPCB",0.63,246.68,,,,85.54,142.69,,,,106.7,17.2,24.5,23.5,36.9,0.49,,13.92,,2.5,,62.64,,,,,,28.5,2.65,7.3,10.47,0.0,,,0.89,,,,
27-Jan-2019,01:45,27-Jan-2019,02:00,Punjab,Patiala,"Model Town, Patiala - PPCB",0.42,235.82,,,,86.14,138.09,,,,106.7,21.8,32.6,26.3,49.7,0.51,,13.03,,2.51,,62.69,,,,,,29.48,2.48,7.26,10.26,0.0,,,0.88,,,,
27-Jan-2019,02:00,27-Jan-2019,02:15,Punjab,Patiala,"Model Town, Patiala - PPCB",0.82,247.74,,,,85.0,143.52,,,,106.7,23.6,24.6,43.7,65.8,0.55,,13.44,,2.52,,62.69,,,,,,20.68,2.77,7.35,10.33,0.0,,,0.9,,,,
27-Jan-2019,02:15,27-Jan-2019,02:30,Punjab,Patiala,"Model Town, Patiala - PPCB",0.84,249.2,,,,85.05,144.43,,,,104.6,23.6,25.5,29.5,48.7,0.58,,13.64,,2.51,,62.69,,,,,,28.32,2.95,7.35,10.23,0.0,,,0.9,,,,
27-Jan-2019,02:30,27-Jan-2019,02:45,Punjab,Patiala,"Model Town, Patiala - PPCB",0.89,250.36,,,,85.04,144.31,,,,86.0,23.6,44.2,20.4,60.5,0.58,,13.81,,2.51,,62.61,,,,,,29.12,3.18,7.34,10.37,0.0,,,0.89,,,,
27-Jan-2019,02:45,27-Jan-2019,03:00,Punjab,Patiala,"Model Town, Patiala - PPCB",0.52,239.09,,,,86.38,140.01,,,,86.0,22.1,6.9,33.6,34.2,0.55,,13.92,,2.51,,62.65,,,,,,25.66,2.71,7.09,10.38,0.0,,,0.9,,,,
27-Jan-2019,03:00,27-Jan-2019,03:15,Punjab,Patiala,"Model Town, Patiala - PPCB",0.92,250.6,,,,85.83,181.64,,,,74.0,19.7,14.0,29.6,40.1,0.6,,14.02,,2.52,,62.63,,,,,,29.5,3.64,6.99,10.27,0.0,,,0.9,,,,
27-Jan-2019,03:15,27-Jan-2019,03:30,Punjab,Patiala,"Model Town, Patiala - PPCB",1.27,250.76,,,,86.09,231.93,,,,67.9,18.8,19.0,28.4,47.3,0.67,,14.24,,2.53,,62.64,,,,,,25.67,4.74,6.89,10.23,0.0,,,0.89,,,,
27-Jan-2019,03:30,27-Jan-2019,03:45,Punjab,Patiala,"Model Town, Patiala - PPCB",1.21,253.1,,,,85.59,257.8,,,,67.9,18.8,21.8,24.9,46.2,0.7,,14.24,,2.53,,62.64,,,,,,25.15,5.78,7.27,10.23,0.0,,,0.89,,,,
27-Jan-2019,03:45,27-Jan-2019,04:00,Punjab,Patiala,"Model Town, Patiala - PPCB",1.19,253.19,,,,83.64,364.05,,,,67.9,18.8,15.1,29.5,43.4,0.7,,14.69,,2.53,,62.64,,,,,,28.15,8.09,8.06,10.23,0.0,,,0.89,,,,
27-Jan-2019,04:00,27-Jan-2019,04:15,Punjab,Patiala,"Model Town, Patiala - PPCB",1.08,254.7,,,,80.91,323.08,,,,67.9,18.8,17.3,19.9,34.5,0.71,,16.35,,2.53,,62.64,,,,,,30.56,11.99,9.06,10.23,0.0,,,0.89,,,,
27-Jan-2019,04:15,27-Jan-2019,04:30,Punjab,Patiala,"Model Town, Patiala - PPCB",1.01,254.75,,,,82.13,277.14,,,,67.9,18.8,19.3,27.9,45.8,0.8,,17.5,,2.53,,62.64,,,,,,27.74,11.49,9.22,10.23,0.0,,,0.89,,,,
27-Jan-2019,04:30,27-Jan-2019,04:45,Punjab,Patiala,"Model Town, Patiala - PPCB",1.29,254.31,,,,78.98,515.98,,,,67.9,18.8,11.8,27.2,37.1,0.94,,18.25,,2.53,,62.64,,,,,,29.12,14.65,10.0,10.23,0.0,,,0.89,,,,
27-Jan-2019,04:45,27-Jan-2019,05:00,Punjab,Patiala,"Model Town, Patiala - PPCB",1.25,257.96,,,,73.77,464.91,,,,67.9,18.8,29.5,30.8,60.4,0.97,,21.04,,2.53,,62.64,,,,,,27.83,17.12,11.41,10.23,0.0,,,0.89,,,,
27-Jan-2019,05:00,27-Jan-2019,05:15,Punjab,Patiala,"Model Town, Patiala - PPCB",1.3,257.79,,,,73.85,330.69,,,,67.9,18.8,22.4,26.4,47.0,0.95,,22.96,,2.53,,62.64,,,,,,29.99,13.93,11.5,10.23,0.0,,,0.89,,,,
27-Jan-2019,05:15,27-Jan-2019,05:30,Punjab,Patiala,"Model Town, Patiala - PPCB",1.5,255.2,,,,71.52,504.85,,,,67.9,18.8,5.9,38.9,38.1,0.89,,24.14,,2.53,,62.64,,,,,,29.07,13.98,11.71,10.23,0.0,,,0.89,,,,
27-Jan-2019,05:30,27-Jan-2019,05:45,Punjab,Patiala,"Model Town, Patiala - PPCB",1.4,254.73,,,,66.76,530.16,,,,67.9,18.8,14.4,29.2,40.5,0.78,,26.49,,2.53,,62.64,,,,,,25.67,11.98,12.44,10.23,0.0,,,0.89,,,,
27-Jan-2019,05:45,27-Jan-2019,06:00,Punjab,Patiala,"Model Town, Patiala - PPCB",1.3,256.29,,,,65.95,438.22,,,,67.9,18.8,10.9,29.5,34.8,0.73,,27.18,,2.53,,62.64,,,,,,34.68,9.88,12.77,10.23,0.0,,,0.89,,,,
27-Jan-2019,06:00,27-Jan-2019,06:15,Punjab,Patiala,"Model Town, Patiala - PPCB",1.28,258.33,,,,61.83,664.77,,,,67.9,18.8,25.7,36.6,59.1,0.65,,28.69,,2.53,,62.64,,,,,,27.79,9.1,13.6,10.23,0.0,,,0.89,,,,
27-Jan-2019,06:15,27-Jan-2019,06:30,Punjab,Patiala,"Model Town, Patiala - PPCB",,,,,,,,,,,,,,,,,,,,,,,,,,,,,,,,,,,,,,,
27-Jan-2019,06:30,27-Jan-2019,06:45,Punjab,Patiala,"Model Town, Patiala - PPCB",,,,,,,,,,,,,,,,,,,,,,,,,,,,,,,,,,,,,,,
27-Jan-2019,06:45,27-Jan-2019,07:00,Punjab,Patiala,"Model Town, Patiala - PPCB",,,,,,,,,,,,,,,,,,,,,,,,,,,,,,,,,,,,,,,
27-Jan-2019,07:00,27-Jan-2019,07:15,Punjab,Patiala,"Model Town, Patiala - PPCB",,,,,,,,,,,,,,,,,,,,,,,,,,,,,,,,,,,,,,,
27-Jan-2019,07:15,27-Jan-2019,07:30,Punjab,Patiala,"Model Town, Patiala - PPCB",,,,,,,,,,,,,,,,,,,,,,,,,,,,,,,,,,,,,,,
27-Jan-2019,07:30,27-Jan-2019,07:45,Punjab,Patiala,"Model Town, Patiala - PPCB",,,,,,,,,,,,,,,,,,,,,,,,,,,,,,,,,,,,,,,
27-Jan-2019,07:45,27-Jan-2019,08:00,Punjab,Patiala,"Model Town, Patiala - PPCB",,,,,,,,,,,,,,,,,,,,,,,,,,,,,,,,,,,,,,,
27-Jan-2019,08:00,27-Jan-2019,08:15,Punjab,Patiala,"Model Town, Patiala - PPCB",,,,,,,,,,,,,,,,,,,,,,,,,,,,,,,,,,,,,,,
27-Jan-2019,08:15,27-Jan-2019,08:30,Punjab,Patiala,"Model Town, Patiala - PPCB",,,,,,,,,,,,,,,,,,,,,,,,,,,,,,,,,,,,,,,
27-Jan-2019,08:30,27-Jan-2019,08:45,Punjab,Patiala,"Model Town, Patiala - PPCB",,,,,,,,,,,,,,,,,,,,,,,,,,,,,,,,,,,,,,,
27-Jan-2019,08:45,27-Jan-2019,09:00,Punjab,Patiala,"Model Town, Patiala - PPCB",,,,,,,,,,,,,,,,,,,,,,,,,,,,,,,,,,,,,,,
27-Jan-2019,09:00,27-Jan-2019,09:15,Punjab,Patiala,"Model Town, Patiala - PPCB",,,,,,,,,,,,,,,,,,,,,,,,,,,,,,,,,,,,,,,
27-Jan-2019,09:15,27-Jan-2019,09:30,Punjab,Patiala,"Model Town, Patiala - PPCB",,,,,,,,,,,,,,,,,,,,,,,,,,,,,,,,,,,,,,,
27-Jan-2019,09:30,27-Jan-2019,09:45,Punjab,Patiala,"Model Town, Patiala - PPCB",,,,,,,,,,,,,,,,,,,,,,,,,,,,,,,,,,,,,,,
27-Jan-2019,09:45,27-Jan-2019,10:00,Punjab,Patiala,"Model Town, Patiala - PPCB",,,,,,,,,,,,,,,,,,,,,,,,,,,,,,,,,,,,,,,
27-Jan-2019,10:00,27-Jan-2019,10:15,Punjab,Patiala,"Model Town, Patiala - PPCB",,,,,,,,,,,,,,,,,,,,,,,,,,,,,,,,,,,,,,,
27-Jan-2019,10:15,27-Jan-2019,10:30,Punjab,Patiala,"Model Town, Patiala - PPCB",,,,,,,,,,,,,,,,,,,,,,,,,,,,,,,,,,,,,,,
27-Jan-2019,10:30,27-Jan-2019,10:45,Punjab,Patiala,"Model Town, Patiala - PPCB",,,,,,,,,,,,,,,,,,,,,,,,,,,,,,,,,,,,,,,
27-Jan-2019,10:45,27-Jan-2019,11:00,Punjab,Patiala,"Model Town, Patiala - PPCB",,,,,,,,,,,,,,,,,,,,,,,,,,,,,,,,,,,,,,,
27-Jan-2019,11:00,27-Jan-2019,11:15,Punjab,Patiala,"Model Town, Patiala - PPCB",,,,,,,,,,,,,,,,,,,,,,,,,,,,,,,,,,,,,,,
27-Jan-2019,11:15,27-Jan-2019,11:30,Punjab,Patiala,"Model Town, Patiala - PPCB",,,,,,,,,,,,,,,,,,,,,,,,,,,,,,,,,,,,,,,
27-Jan-2019,11:30,27-Jan-2019,11:45,Punjab,Patiala,"Model Town, Patiala - PPCB",,,,,,,,,,,,,,,,,,,,,,,,,,,,,,,,,,,,,,,
27-Jan-2019,11:45,27-Jan-2019,12:00,Punjab,Patiala,"Model Town, Patiala - PPCB",1.25,256.99,,,,57.82,800.04,,,,67.9,18.8,15.3,37.3,47.0,0.57,,30.91,,2.53,,62.64,,,,,,26.77,8.35,14.23,10.23,0.0,,,0.89,,,,
27-Jan-2019,12:00,27-Jan-2019,12:15,Punjab,Patiala,"Model Town, Patiala - PPCB",1.31,258.89,,,,52.82,733.66,,,,67.9,18.8,32.0,49.2,77.3,0.49,,32.06,,2.51,,62.69,,,,,,27.54,8.69,15.0,10.23,0.0,,,0.9,,,,
27-Jan-2019,12:15,27-Jan-2019,12:30,Punjab,Patiala,"Model Town, Patiala - PPCB",1.02,263.25,,,,44.76,524.42,,,,67.9,19.2,25.9,28.9,45.4,0.33,,32.73,,2.51,,62.69,,,,,,33.6,8.43,15.75,10.27,0.0,,,0.89,,,,
27-Jan-2019,12:30,27-Jan-2019,12:45,Punjab,Patiala,"Model Town, Patiala - PPCB",1.2,262.86,,,,39.4,340.8,,,,67.9,19.3,38.1,26.7,54.1,0.24,,35.44,,2.52,,62.72,,,,,,31.55,5.68,16.02,10.27,0.0,,,0.89,,,,
27-Jan-2019,12:45,27-Jan-2019,13:00,Punjab,Patiala,"Model Town, Patiala - PPCB",1.62,255.8,,,,41.18,266.76,,,,67.4,19.3,35.2,44.4,66.8,0.23,,36.07,,2.5,,62.67,,,,,,27.23,4.77,15.79,10.25,0.0,,,0.9,,,,
27-Jan-2019,13:00,27-Jan-2019,13:15,Punjab,Patiala,"Model Town, Patiala - PPCB",1.76,253.74,,,,44.21,213.5,,,,64.5,19.3,30.9,47.1,60.8,0.26,,36.65,,2.56,,62.64,,,,,,33.41,4.97,15.7,10.3,0.0,,,0.87,,,,
27-Jan-2019,13:15,27-Jan-2019,13:30,Punjab,Patiala,"Model Town, Patiala - PPCB",1.72,255.74,,,,44.93,215.24,,,,64.5,17.8,30.1,70.5,94.4,0.26,,37.16,,2.5,,62.69,,,,,,23.06,4.79,15.6,10.31,0.0,,,0.91,,,,
27-Jan-2019,13:30,27-Jan-2019,13:45,Punjab,Patiala,"Model Town, Patiala - PPCB",1.6,255.03,,,,44.26,219.08,,,,64.5,17.3,32.0,64.0,85.6,0.34,,37.2,,2.5,,62.68,,,,,,33.07,,15.71,10.26,0.0,,,0.89,,,,
27-Jan-2019,13:45,27-Jan-2019,14:00,Punjab,Patiala,"Model Town, Patiala - PPCB",1.56,255.66,,,,46.27,245.98,,,,64.0,17.3,37.8,37.6,60.6,0.35,,37.84,,2.5,,62.75,,,,,,34.33,4.22,15.18,10.29,0.0,,,0.88,,,,
27-Jan-2019,14:00,27-Jan-2019,14:15,Punjab,Patiala,"Model Town, Patiala - PPCB",1.39,257.63,,,,45.37,250.26,,,,61.2,17.3,33.6,57.7,74.7,0.33,,37.17,,2.51,,62.58,,,,,,21.47,3.91,15.68,10.34,0.0,,,0.87,,,,
27-Jan-2019,14:15,27-Jan-2019,14:30,Punjab,Patiala,"Model Town, Patiala - PPCB",1.58,256.44,,,,45.2,224.47,,,,61.2,15.4,10.3,47.0,29.8,0.33,,36.97,,2.52,,62.67,,,,,,30.61,3.64,16.12,10.35,0.0,,,0.89,,,,
27-Jan-2019,14:30,27-Jan-2019,14:45,Punjab,Patiala,"Model Town, Patiala - PPCB",1.62,258.38,,,,44.32,223.77,,,,61.2,14.8,28.8,48.9,56.9,0.35,,40.25,,2.52,,62.69,,,,,,28.81,4.81,15.97,10.3,0.0,,,0.89,,,,
27-Jan-2019,14:45,27-Jan-2019,15:00,Punjab,Patiala,"Model Town, Patiala - PPCB",1.64,255.82,,,,46.21,213.12,,,,61.4,14.8,48.4,43.4,78.1,0.4,,41.68,,2.51,,62.72,,,,,,36.05,5.86,15.75,10.38,0.0,,,0.88,,,,
27-Jan-2019,15:00,27-Jan-2019,15:15,Punjab,Patiala,"Model Town, Patiala - PPCB",1.42,257.63,,,,48.23,227.98,,,,62.8,14.8,51.2,47.3,83.5,0.35,,37.07,,2.51,,62.62,,,,,,31.29,4.71,15.73,10.28,0.0,,,0.9,,,,
27-Jan-2019,15:15,27-Jan-2019,15:30,Punjab,Patiala,"Model Town, Patiala - PPCB",1.24,253.27,,,,45.49,254.84,,,,62.8,16.4,42.6,47.1,70.3,0.36,,36.96,,2.51,,62.66,,,,,,35.61,4.03,16.08,10.32,0.0,,,0.9,,,,
27-Jan-2019,15:30,27-Jan-2019,15:45,Punjab,Patiala,"Model Town, Patiala - PPCB",2.0,255.22,,,,48.2,227.2,,,,62.8,16.9,33.0,64.3,78.6,0.38,,38.26,,2.51,,62.67,,,,,,26.94,3.83,15.8,10.27,0.0,,,0.89,,,,
27-Jan-2019,15:45,27-Jan-2019,16:00,Punjab,Patiala,"Model Town, Patiala - PPCB",1.72,255.0,,,,47.22,214.31,,,,64.0,16.9,10.4,57.4,29.8,0.37,,36.56,,2.54,,62.63,,,,,,23.18,3.63,15.94,10.33,0.0,,,0.89,,,,
27-Jan-2019,16:00,27-Jan-2019,16:15,Punjab,Patiala,"Model Town, Patiala - PPCB",1.51,256.08,,,,42.48,171.32,,,,71.0,16.9,31.3,35.6,53.6,0.28,,35.66,,2.52,,62.64,,,,,,28.37,2.21,15.58,10.33,0.0,,,0.9,,,,
27-Jan-2019,16:15,27-Jan-2019,16:30,Punjab,Patiala,"Model Town, Patiala - PPCB",1.42,258.54,,,,42.5,162.97,,,,71.0,14.7,51.5,51.8,92.9,0.24,,35.46,,2.51,,62.71,,,,,,36.27,1.67,15.07,10.28,0.0,,,0.88,,,,
27-Jan-2019,16:30,27-Jan-2019,16:45,Punjab,Patiala,"Model Town, Patiala - PPCB",1.22,250.59,,,,45.41,160.3,,,,71.0,14.0,25.7,53.8,54.7,0.25,,32.69,,2.53,,62.62,,,,,,25.96,1.7,14.81,10.23,0.0,,,0.87,,,,
27-Jan-2019,16:45,27-Jan-2019,17:00,Punjab,Patiala,"Model Town, Patiala - PPCB",1.07,251.96,,,,47.98,164.04,,,,70.3,14.0,61.7,43.8,91.8,0.26,,30.06,,2.54,,62.6,,,,,,27.1,1.73,14.51,10.26,0.0,,,0.88,,,,
27-Jan-2019,17:00,27-Jan-2019,17:15,Punjab,Patiala,"Model Town, Patiala - PPCB",0.94,250.83,,,,51.52,145.4,,,,65.9,14.0,48.4,61.1,93.0,0.31,,29.01,,2.53,,62.6,,,,,,35.78,2.24,14.11,10.29,0.0,,,0.87,,,,
27-Jan-2019,17:15,27-Jan-2019,17:30,Punjab,Patiala,"Model Town, Patiala - PPCB",1.14,248.77,,,,54.56,140.26,,,,65.9,12.2,42.4,52.4,80.0,0.68,,25.25,,2.51,,62.67,,,,,,27.76,4.24,13.69,10.28,0.0,,,0.88,,,,
27-Jan-2019,17:30,27-Jan-2019,17:45,Punjab,Patiala,"Model Town, Patiala - PPCB",0.94,255.17,,,,57.95,129.74,,,,65.9,11.7,57.0,56.6,98.1,0.64,,23.88,,2.51,,62.67,,,,,,34.35,,13.22,10.27,0.0,,,0.89,,,,
27-Jan-2019,17:45,27-Jan-2019,18:00,Punjab,Patiala,"Model Town, Patiala - PPCB",1.23,251.64,,,,60.46,126.1,,,,65.7,11.7,22.7,57.6,68.1,0.77,,22.72,,2.52,,62.69,,,,,,31.93,4.32,12.77,10.32,0.0,,,0.89,,,,
27-Jan-2019,18:00,27-Jan-2019,18:15,Punjab,Patiala,"Model Town, Patiala - PPCB",0.69,250.65,,,,63.38,113.68,,,,64.7,11.7,50.3,49.5,89.5,0.97,,20.86,,2.52,,62.71,,,,,,30.11,4.5,12.37,10.3,0.0,,,0.89,,,,
27-Jan-2019,18:15,27-Jan-2019,18:30,Punjab,Patiala,"Model Town, Patiala - PPCB",0.77,255.77,,,,64.59,116.93,,,,64.7,15.8,90.6,42.8,122.6,0.61,,19.99,,2.52,,62.65,,,,,,30.65,3.06,12.01,10.28,0.0,,,0.89,,,,
27-Jan-2019,18:30,27-Jan-2019,18:45,Punjab,Patiala,"Model Town, Patiala - PPCB",0.91,256.06,,,,61.56,119.82,,,,64.7,17.1,31.5,41.1,56.8,0.46,,22.09,,2.51,,62.63,,,,,,23.73,2.83,11.81,10.31,0.0,,,0.88,,,,
27-Jan-2019,18:45,27-Jan-2019,19:00,Punjab,Patiala,"Model Town, Patiala - PPCB",0.96,250.58,,,,58.16,121.73,,,,64.1,17.1,40.6,41.5,75.5,0.46,,21.41,,2.51,,62.74,,,,,,24.16,2.55,11.61,10.32,0.0,,,0.89,,,,
27-Jan-2019,19:00,27-Jan-2019,19:15,Punjab,Patiala,"Model Town, Patiala - PPCB",1.25,250.55,,,,58.57,127.08,,,,60.8,17.1,26.0,45.0,58.3,0.48,,19.94,,2.52,,62.68,,,,,,33.04,2.24,11.17,10.28,0.0,,,0.89,,,,
27-Jan-2019,19:15,27-Jan-2019,19:30,Punjab,Patiala,"Model Town, Patiala - PPCB",1.05,254.66,,,,58.41,124.9,,,,60.8,18.0,35.7,64.0,87.7,0.47,,21.17,,2.51,,62.68,,,,,,21.56,2.21,10.93,10.29,0.0,,,0.88,,,,
27-Jan-2019,19:30,27-Jan-2019,19:45,Punjab,Patiala,"Model Town, Patiala - PPCB",0.91,252.99,,,,58.66,124.52,,,,60.8,18.4,12.2,49.2,40.5,0.42,,22.42,,2.53,,62.75,,,,,,21.16,2.04,10.77,10.29,0.0,,,0.92,,,,
27-Jan-2019,19:45,27-Jan-2019,20:00,Punjab,Patiala,"Model Town, Patiala - PPCB",0.87,254.82,,,,59.5,123.94,,,,60.6,18.4,32.4,36.2,52.2,0.4,,23.18,,2.52,,62.65,,,,,,28.99,1.99,10.6,10.3,0.0,,,0.87,,,,
27-Jan-2019,20:00,27-Jan-2019,20:15,Punjab,Patiala,"Model Town, Patiala - PPCB",0.53,251.44,,,,62.1,119.99,,,,59.2,18.4,21.1,44.1,46.4,0.43,,20.46,,2.51,,62.69,,,,,,28.71,1.81,10.25,10.31,0.0,,,0.89,,,,
27-Jan-2019,20:15,27-Jan-2019,20:30,Punjab,Patiala,"Model Town, Patiala - PPCB",0.89,247.14,,,,64.22,129.81,,,,59.2,16.3,7.7,48.3,33.9,0.52,,12.96,,2.5,,62.64,,,,,,17.59,1.75,9.86,10.32,0.0,,,0.88,,,,
27-Jan-2019,20:30,27-Jan-2019,20:45,Punjab,Patiala,"Model Town, Patiala - PPCB",0.81,252.24,,,,64.2,126.9,,,,59.2,15.6,27.0,43.4,65.6,0.48,,17.18,,2.53,,62.7,,,,,,26.15,1.85,9.82,10.35,0.0,,,0.91,,,,
27-Jan-2019,20:45,27-Jan-2019,21:00,Punjab,Patiala,"Model Town, Patiala - PPCB",1.12,252.55,,,,64.75,130.39,,,,59.4,15.6,40.1,53.5,77.7,0.46,,18.48,,2.52,,62.67,,,,,,37.7,1.82,9.66,10.26,0.0,,,0.88,,,,
27-Jan-2019,21:00,27-Jan-2019,21:15,Punjab,Patiala,"Model Town, Patiala - PPCB",0.94,250.2,,,,64.55,128.7,,,,60.4,15.6,54.4,34.9,62.2,0.43,,20.29,,2.51,,62.67,,,,,,29.76,1.74,9.66,10.27,0.0,,,0.91,,,,
27-Jan-2019,21:15,27-Jan-2019,21:30,Punjab,Patiala,"Model Town, Patiala - PPCB",0.89,250.14,,,,65.2,128.54,,,,60.4,17.0,15.0,50.0,36.7,0.42,,20.04,,2.5,,62.65,,,,,,27.16,1.85,9.61,10.29,0.0,,,0.89,,,,
27-Jan-2019,21:30,27-Jan-2019,21:45,Punjab,Patiala,"Model Town, Patiala - PPCB",0.79,255.98,,,,66.07,125.87,,,,60.4,17.4,32.0,52.7,64.0,0.43,,19.04,,2.51,,62.67,,,,,,37.13,,9.49,10.3,0.0,,,0.88,,,,
27-Jan-2019,21:45,27-Jan-2019,22:00,Punjab,Patiala,"Model Town, Patiala - PPCB",0.73,252.75,,,,66.39,124.63,,,,60.2,17.4,24.6,57.6,64.0,0.42,,21.13,,2.5,,62.76,,,,,,29.54,1.75,9.43,10.23,0.0,,,0.89,,,,
27-Jan-2019,22:00,27-Jan-2019,22:15,Punjab,Patiala,"Model Town, Patiala - PPCB",0.89,252.08,,,,67.49,128.21,,,,58.7,17.4,59.0,51.2,93.4,0.46,,19.47,,2.52,,62.6,,,,,,34.32,1.68,9.26,10.3,0.0,,,0.88,,,,
27-Jan-2019,22:15,27-Jan-2019,22:30,Punjab,Patiala,"Model Town, Patiala - PPCB",0.93,249.37,,,,68.92,128.27,,,,58.7,15.8,42.9,65.6,95.2,0.47,,18.59,,2.52,,62.65,,,,,,32.21,1.52,8.97,10.29,0.0,,,0.88,,,,
27-Jan-2019,22:30,27-Jan-2019,22:45,Punjab,Patiala,"Model Town, Patiala - PPCB",1.04,249.64,,,,69.41,131.94,,,,58.7,15.3,40.8,48.9,70.2,0.44,,19.82,,2.5,,62.64,,,,,,26.78,1.46,8.78,10.27,0.0,,,0.89,,,,
27-Jan-2019,22:45,27-Jan-2019,23:00,Punjab,Patiala,"Model Town, Patiala - PPCB",1.1,249.59,,,,69.39,131.9,,,,58.5,15.3,26.8,28.3,34.5,0.44,,21.09,,2.51,,62.64,,,,,,40.59,1.41,8.76,10.26,0.0,,,0.88,,,,
27-Jan-2019,23:00,27-Jan-2019,23:15,Punjab,Patiala,"Model Town, Patiala - PPCB",1.07,248.95,,,,69.07,131.61,,,,57.0,15.3,41.7,43.7,64.2,0.46,,21.85,,2.51,,62.65,,,,,,32.34,1.45,8.76,10.32,0.0,,,0.87,,,,
27-Jan-2019,23:15,27-Jan-2019,23:30,Punjab,Patiala,"Model Town, Patiala - PPCB",1.02,252.09,,,,68.0,129.53,,,,57.0,15.5,21.3,48.9,47.7,0.45,,21.96,,2.53,,62.62,,,,,,18.1,1.58,8.87,10.38,0.0,,,0.89,,,,
27-Jan-2019,23:30,27-Jan-2019,23:45,Punjab,Patiala,"Model Town, Patiala - PPCB",0.82,253.29,,,,68.54,126.84,,,,57.0,15.6,23.7,44.7,52.1,0.44,,22.91,,2.52,,62.8,,,,,,28.2,1.71,8.74,10.32,0.0,,,0.9,,,,
27-Jan-2019,23:45,28-Jan-2019,00:00,Punjab,Patiala,"Model Town, Patiala - PPCB",0.35,243.17,,,,71.81,118.13,,,,56.8,15.6,8.8,36.4,29.1,0.45,,21.7,,2.51,,62.77,,,,,,29.38,1.43,8.32,10.25,0.0,,,0.87,,,,
28-Jan-2019,00:00,28-Jan-2019,00:15,Punjab,Patiala,"Model Town, Patiala - PPCB",0.84,247.35,,,,72.88,132.84,,,,55.2,15.6,35.1,47.2,70.2,0.47,,19.62,,2.51,,62.64,,,,,,26.23,1.47,7.99,10.29,0.0,,,0.89,,,,
28-Jan-2019,00:15,28-Jan-2019,00:30,Punjab,Patiala,"Model Town, Patiala - PPCB",0.77,247.68,,,,72.42,129.76,,,,55.2,14.2,43.0,34.2,54.7,0.45,,20.55,,2.52,,62.64,,,,,,23.93,1.59,8.02,10.32,0.0,,,0.89,,,,
28-Jan-2019,00:30,28-Jan-2019,00:45,Punjab,Patiala,"Model Town, Patiala - PPCB",0.77,246.67,,,,73.16,127.95,,,,55.2,13.8,33.5,40.9,66.6,0.46,,19.45,,2.51,,62.64,,,,,,29.03,1.49,7.96,10.33,0.0,,,0.89,,,,
28-Jan-2019,00:45,28-Jan-2019,01:00,Punjab,Patiala,"Model Town, Patiala - PPCB",0.78,252.63,,,,73.47,130.0,,,,55.2,13.8,24.0,37.0,50.9,0.45,,19.56,,2.52,,62.65,,,,,,30.77,1.49,7.91,10.35,0.0,,,0.89,,,,
28-Jan-2019,01:00,28-Jan-2019,01:15,Punjab,Patiala,"Model Town, Patiala - PPCB",0.47,257.15,,,,73.7,123.09,,,,277.8,13.0,18.6,49.2,58.9,0.45,,20.75,,0.03,,0.7,,,,,,19.35,1.47,7.97,0.12,0.0,,,0.01,,,,
28-Jan-2019,01:15,28-Jan-2019,01:30,Punjab,Patiala,"Model Town, Patiala - PPCB",0.71,253.01,,,,75.15,127.88,,,,351.1,12.6,17.1,37.5,51.1,0.47,,18.73,,1.03,,25.76,,,,,,28.41,1.4,7.79,4.24,0.0,,,0.36,,,,
28-Jan-2019,01:30,28-Jan-2019,01:45,Punjab,Patiala,"Model Town, Patiala - PPCB",0.99,251.11,,,,75.28,132.96,,,,105.2,12.6,28.0,33.2,49.6,0.48,,19.54,,2.51,,62.67,,,,,,32.28,1.5,7.68,10.32,0.0,,,0.89,,,,
28-Jan-2019,01:45,28-Jan-2019,02:00,Punjab,Patiala,"Model Town, Patiala - PPCB",1.15,250.05,,,,75.45,134.31,,,,105.2,13.8,15.4,29.3,37.4,0.46,,20.55,,2.52,,62.62,,,,,,33.26,1.44,7.6,10.28,0.0,,,0.9,,,,
28-Jan-2019,02:00,28-Jan-2019,02:15,Punjab,Patiala,"Model Town, Patiala - PPCB",,,,,,,,,,,,,,,,,,,,,,,,,,,,,,,,,,,,,,,
28-Jan-2019,02:15,28-Jan-2019,02:30,Punjab,Patiala,"Model Town, Patiala - PPCB",,,,,,,,,,,,,,,,,,,,,,,,,,,,,,,,,,,,,,,
28-Jan-2019,02:30,28-Jan-2019,02:45,Punjab,Patiala,"Model Town, Patiala - PPCB",,,,,,,,,,,,,,,,,,,,,,,,,,,,,,,,,,,,,,,
28-Jan-2019,02:45,28-Jan-2019,03:00,Punjab,Patiala,"Model Town, Patiala - PPCB",,,,,,,,,,,,,,,,,,,,,,,,,,,,,,,,,,,,,,,
28-Jan-2019,03:00,28-Jan-2019,03:15,Punjab,Patiala,"Model Town, Patiala - PPCB",,,,,,,,,,,,,,,,,,,,,,,,,,,,,,,,,,,,,,,
28-Jan-2019,03:15,28-Jan-2019,03:30,Punjab,Patiala,"Model Town, Patiala - PPCB",,,,,,,,,,,,,,,,,,,,,,,,,,,,,,,,,,,,,,,
28-Jan-2019,03:30,28-Jan-2019,03:45,Punjab,Patiala,"Model Town, Patiala - PPCB",,,,,,,,,,,,,,,,,,,,,,,,,,,,,,,,,,,,,,,
28-Jan-2019,03:45,28-Jan-2019,04:00,Punjab,Patiala,"Model Town, Patiala - PPCB",,,,,,,,,,,,,,,,,,,,,,,,,,,,,,,,,,,,,,,
28-Jan-2019,04:00,28-Jan-2019,04:15,Punjab,Patiala,"Model Town, Patiala - PPCB",,,,,,,,,,,,,,,,,,,,,,,,,,,,,,,,,,,,,,,
28-Jan-2019,04:15,28-Jan-2019,04:30,Punjab,Patiala,"Model Town, Patiala - PPCB",,,,,,,,,,,,,,,,,,,,,,,,,,,,,,,,,,,,,,,
28-Jan-2019,04:30,28-Jan-2019,04:45,Punjab,Patiala,"Model Town, Patiala - PPCB",,,,,,,,,,,,,,,,,,,,,,,,,,,,,,,,,,,,,,,
28-Jan-2019,04:45,28-Jan-2019,05:00,Punjab,Patiala,"Model Town, Patiala - PPCB",,,,,,,,,,,,,,,,,,,,,,,,,,,,,,,,,,,,,,,
28-Jan-2019,05:00,28-Jan-2019,05:15,Punjab,Patiala,"Model Town, Patiala - PPCB",,,,,,,,,,,,,,,,,,,,,,,,,,,,,,,,,,,,,,,
28-Jan-2019,05:15,28-Jan-2019,05:30,Punjab,Patiala,"Model Town, Patiala - PPCB",,,,,,,,,,,,,,,,,,,,,,,,,,,,,,,,,,,,,,,
28-Jan-2019,05:30,28-Jan-2019,05:45,Punjab,Patiala,"Model Town, Patiala - PPCB",,,,,,,,,,,,,,,,,,,,,,,,,,,,,,,,,,,,,,,
28-Jan-2019,05:45,28-Jan-2019,06:00,Punjab,Patiala,"Model Town, Patiala - PPCB",,,,,,,,,,,,,,,,,,,,,,,,,,,,,,,,,,,,,,,
28-Jan-2019,06:00,28-Jan-2019,06:15,Punjab,Patiala,"Model Town, Patiala - PPCB",,,,,,,,,,,,,,,,,,,,,,,,,,,,,,,,,,,,,,,
28-Jan-2019,06:15,28-Jan-2019,06:30,Punjab,Patiala,"Model Town, Patiala - PPCB",0.98,252.32,,,,77.98,131.64,,,,99.4,14.6,2.9,35.0,27.7,,,20.55,,2.51,,62.73,,,,,,22.06,,7.21,10.32,0.0,,,0.89,,,,
28-Jan-2019,06:30,28-Jan-2019,06:45,Punjab,Patiala,"Model Town, Patiala - PPCB",0.97,250.27,,,,89.02,134.06,,,,57.8,16.9,30.8,23.4,53.0,0.58,,16.37,,0.03,,0.76,,,,,,28.43,2.32,5.7,0.13,0.0,,,0.01,,,,
28-Jan-2019,06:45,28-Jan-2019,07:00,Punjab,Patiala,"Model Town, Patiala - PPCB",0.93,252.47,,,,88.43,132.48,,,,57.8,16.9,10.0,32.8,41.2,0.6,,16.1,,0.84,,20.89,,,,,,24.98,2.45,5.75,3.45,0.0,,,0.29,,,,
28-Jan-2019,07:00,28-Jan-2019,07:15,Punjab,Patiala,"Model Town, Patiala - PPCB",0.92,254.59,,,,87.85,134.47,,,,57.8,17.0,10.0,30.0,39.0,0.6,,15.81,,2.52,,62.66,,,,,,29.66,2.57,5.78,10.34,0.0,,,0.88,,,,
28-Jan-2019,07:15,28-Jan-2019,07:30,Punjab,Patiala,"Model Town, Patiala - PPCB",0.92,256.01,,,,86.93,138.44,,,,57.6,17.0,9.0,31.1,36.8,0.61,,15.53,,2.51,,62.67,,,,,,27.91,2.57,5.88,10.32,0.0,,,0.88,,,,
28-Jan-2019,07:30,28-Jan-2019,07:45,Punjab,Patiala,"Model Town, Patiala - PPCB",1.05,251.28,,,,86.47,161.53,,,,55.7,17.0,11.3,27.3,32.7,0.63,,15.79,,2.52,,62.59,,,,,,25.14,2.65,5.9,10.29,0.0,,,0.89,,,,
28-Jan-2019,07:45,28-Jan-2019,08:00,Punjab,Patiala,"Model Town, Patiala - PPCB",1.03,249.29,,,,86.33,227.06,,,,55.7,17.9,13.5,27.6,39.0,0.67,,16.12,,2.5,,62.58,,,,,,26.52,2.64,5.99,10.29,0.0,,,0.89,,,,
28-Jan-2019,08:00,28-Jan-2019,08:15,Punjab,Patiala,"Model Town, Patiala - PPCB",0.95,251.05,,,,83.49,290.49,,,,55.7,18.3,18.8,21.9,40.5,0.63,,14.69,,2.51,,62.77,,,,,,27.99,,6.64,10.3,0.0,,,0.88,,,,
28-Jan-2019,08:15,28-Jan-2019,08:30,Punjab,Patiala,"Model Town, Patiala - PPCB",1.06,251.78,,,,80.66,349.89,,,,56.9,18.3,6.0,25.4,29.8,0.65,,15.66,,2.52,,62.66,,,,,,26.92,2.79,7.23,10.29,0.0,,,0.89,,,,
28-Jan-2019,08:30,28-Jan-2019,08:45,Punjab,Patiala,"Model Town, Patiala - PPCB",1.27,248.93,,,,79.62,401.54,,,,67.6,18.3,5.1,22.8,20.4,0.69,,15.59,,2.51,,62.65,,,,,,27.49,3.2,7.57,10.3,0.0,,,0.89,,,,
28-Jan-2019,08:45,28-Jan-2019,09:00,Punjab,Patiala,"Model Town, Patiala - PPCB",1.22,251.88,,,,77.82,301.49,,,,67.6,19.4,1.6,22.6,13.7,0.7,,16.08,,2.52,,62.63,,,,,,27.29,3.9,8.13,10.32,0.0,,,0.88,,,,
28-Jan-2019,09:00,28-Jan-2019,09:15,Punjab,Patiala,"Model Town, Patiala - PPCB",1.12,258.09,,,,74.92,341.59,,,,67.6,19.8,11.7,24.8,36.2,0.7,,17.34,,2.51,,62.64,,,,,,28.73,4.83,8.98,10.31,0.0,,,0.88,,,,
28-Jan-2019,09:15,28-Jan-2019,09:30,Punjab,Patiala,"Model Town, Patiala - PPCB",1.09,256.25,,,,73.34,447.04,,,,67.2,19.8,3.5,23.8,25.7,0.66,,17.72,,2.52,,62.63,,,,,,30.17,5.96,9.78,10.26,0.0,,,0.9,,,,
28-Jan-2019,09:30,28-Jan-2019,09:45,Punjab,Patiala,"Model Town, Patiala - PPCB",1.04,257.44,,,,72.07,411.21,,,,63.1,19.8,8.5,24.7,33.2,0.78,,17.78,,2.53,,62.6,,,,,,27.52,7.21,10.42,10.29,0.0,,,0.9,,,,
28-Jan-2019,09:45,28-Jan-2019,10:00,Punjab,Patiala,"Model Town, Patiala - PPCB",1.07,258.49,,,,68.46,398.39,,,,63.1,22.6,5.2,23.5,27.3,0.64,,19.91,,2.51,,62.63,,,,,,28.4,7.86,11.42,10.29,0.0,,,0.89,,,,
28-Jan-2019,10:00,28-Jan-2019,10:15,Punjab,Patiala,"Model Town, Patiala - PPCB",1.07,257.25,,,,66.54,656.57,,,,63.1,23.7,5.7,25.4,30.8,0.65,,20.93,,2.51,,62.58,,,,,,27.18,6.93,12.15,10.24,0.0,,,0.88,,,,
28-Jan-2019,10:15,28-Jan-2019,10:30,Punjab,Patiala,"Model Town, Patiala - PPCB",1.19,254.26,,,,64.05,429.55,,,,63.2,23.7,4.8,27.6,31.6,0.59,,22.55,,2.52,,62.61,,,,,,28.52,6.54,12.88,10.31,0.0,,,0.88,,,,
28-Jan-2019,10:30,28-Jan-2019,10:45,Punjab,Patiala,"Model Town, Patiala - PPCB",1.24,254.57,,,,61.69,262.62,,,,63.8,23.7,4.4,21.0,24.8,0.56,,24.39,,2.52,,62.64,,,,,,24.85,6.59,13.38,10.3,0.0,,,0.88,,,,
28-Jan-2019,10:45,28-Jan-2019,11:00,Punjab,Patiala,"Model Town, Patiala - PPCB",1.33,258.57,,,,57.63,558.74,,,,63.8,23.2,5.5,22.6,27.8,0.53,,23.82,,2.54,,62.63,,,,,,27.57,6.86,13.62,10.31,0.0,,,0.9,,,,
28-Jan-2019,11:00,28-Jan-2019,11:15,Punjab,Patiala,"Model Town, Patiala - PPCB",1.13,258.43,,,,54.34,653.61,,,,63.8,23.0,7.7,25.0,32.6,0.48,,25.5,,2.53,,62.7,,,,,,27.89,7.09,14.19,10.28,0.0,,,0.87,,,,
28-Jan-2019,11:15,28-Jan-2019,11:30,Punjab,Patiala,"Model Town, Patiala - PPCB",1.37,257.18,,,,53.2,555.69,,,,63.4,23.0,13.3,22.2,34.9,0.46,,25.72,,2.51,,62.7,,,,,,30.21,6.52,14.57,10.3,0.0,,,0.89,,,,
28-Jan-2019,11:30,28-Jan-2019,11:45,Punjab,Patiala,"Model Town, Patiala - PPCB",1.48,253.44,,,,48.87,649.05,,,,60.2,23.0,11.1,18.2,29.3,0.43,,23.56,,2.53,,62.74,,,,,,31.25,5.64,15.0,10.23,0.0,,,0.9,,,,
28-Jan-2019,11:45,28-Jan-2019,12:00,Punjab,Patiala,"Model Town, Patiala - PPCB",1.39,257.34,,,,43.79,810.24,,,,60.2,19.0,13.8,25.9,39.7,0.37,,23.87,,2.52,,62.64,,,,,,28.09,4.97,15.12,10.27,0.0,,,0.87,,,,
28-Jan-2019,12:00,28-Jan-2019,12:15,Punjab,Patiala,"Model Town, Patiala - PPCB",1.08,260.46,,,,45.13,760.89,,,,60.2,17.4,8.3,30.1,38.5,0.34,,23.48,,2.53,,62.62,,,,,,28.92,,15.67,10.27,0.0,,,0.89,,,,
28-Jan-2019,12:15,28-Jan-2019,12:30,Punjab,Patiala,"Model Town, Patiala - PPCB",1.14,257.98,,,,43.85,635.53,,,,60.2,17.4,13.5,24.3,35.2,0.35,,31.29,,2.51,,62.65,,,,,,28.06,5.39,15.97,10.42,0.0,,,0.87,,,,
28-Jan-2019,12:30,28-Jan-2019,12:45,Punjab,Patiala,"Model Town, Patiala - PPCB",1.3,256.2,,,,45.0,299.3,,,,60.3,17.4,8.6,19.5,27.0,0.34,,33.04,,2.51,,62.68,,,,,,29.29,6.17,15.8,10.34,0.0,,,0.89,,,,
28-Jan-2019,12:45,28-Jan-2019,13:00,Punjab,Patiala,"Model Town, Patiala - PPCB",1.6,253.68,,,,43.56,262.71,,,,60.3,16.4,11.2,23.4,34.5,0.33,,28.96,,2.53,,62.73,,,,,,26.74,6.01,15.86,10.28,0.0,,,0.9,,,,
28-Jan-2019,13:00,28-Jan-2019,13:15,Punjab,Patiala,"Model Town, Patiala - PPCB",1.7,256.43,,,,43.99,195.19,,,,60.3,15.9,19.8,31.9,51.7,0.31,,26.39,,2.51,,62.7,,,,,,27.35,5.01,15.74,10.35,0.0,,,0.88,,,,
28-Jan-2019,13:15,28-Jan-2019,13:30,Punjab,Patiala,"Model Town, Patiala - PPCB",1.12,263.71,,,,41.56,191.71,,,,60.1,15.9,12.9,32.3,44.4,0.3,,26.89,,2.53,,62.68,,,,,,26.78,4.7,15.94,10.3,0.0,,,0.89,,,,
28-Jan-2019,13:30,28-Jan-2019,13:45,Punjab,Patiala,"Model Town, Patiala - PPCB",1.63,259.76,,,,39.99,215.47,,,,57.6,15.9,6.6,19.6,24.6,0.27,,28.5,,2.52,,62.71,,,,,,31.11,6.21,15.78,10.27,0.0,,,0.88,,,,
28-Jan-2019,13:45,28-Jan-2019,14:00,Punjab,Patiala,"Model Town, Patiala - PPCB",1.72,253.18,,,,40.46,219.42,,,,57.6,16.8,10.2,22.2,28.7,0.27,,30.07,,2.53,,62.61,,,,,,26.98,7.65,15.69,10.28,0.0,,,0.89,,,,
28-Jan-2019,14:00,28-Jan-2019,14:15,Punjab,Patiala,"Model Town, Patiala - PPCB",1.42,257.79,,,,42.0,204.7,,,,57.6,17.1,3.5,24.6,26.3,0.29,,30.29,,2.53,,62.61,,,,,,27.26,7.62,15.9,10.3,0.0,,,0.88,,,,
28-Jan-2019,14:15,28-Jan-2019,14:30,Punjab,Patiala,"Model Town, Patiala - PPCB",1.5,254.72,,,,43.16,201.9,,,,58.2,17.1,13.4,27.1,40.5,0.29,,28.95,,2.52,,62.58,,,,,,30.24,5.12,15.99,10.38,0.0,,,0.89,,,,
28-Jan-2019,14:30,28-Jan-2019,14:45,Punjab,Patiala,"Model Town, Patiala - PPCB",1.8,253.02,,,,43.82,201.33,,,,63.8,17.1,11.3,18.6,29.5,0.29,,29.17,,2.52,,62.72,,,,,,30.83,4.42,15.89,10.34,0.0,,,0.89,,,,
28-Jan-2019,14:45,28-Jan-2019,15:00,Punjab,Patiala,"Model Town, Patiala - PPCB",2.08,251.81,,,,44.26,196.0,,,,63.8,15.7,9.2,25.0,33.9,0.34,,15.96,,2.5,,62.59,,,,,,27.49,4.31,15.93,10.27,0.0,,,0.9,,,,
28-Jan-2019,15:00,28-Jan-2019,15:15,Punjab,Patiala,"Model Town, Patiala - PPCB",1.46,255.55,,,,45.49,193.97,,,,63.8,15.0,6.3,20.7,25.6,0.31,,24.72,,2.51,,62.65,,,,,,27.99,3.79,16.03,10.34,0.0,,,0.91,,,,
28-Jan-2019,15:15,28-Jan-2019,15:30,Punjab,Patiala,"Model Town, Patiala - PPCB",1.69,252.17,,,,46.23,207.22,,,,63.5,15.0,6.6,27.3,33.4,0.3,,29.24,,2.53,,62.64,,,,,,26.16,3.79,16.05,10.29,0.0,,,0.89,,,,
28-Jan-2019,15:30,28-Jan-2019,15:45,Punjab,Patiala,"Model Town, Patiala - PPCB",1.17,258.98,,,,46.8,182.95,,,,61.1,15.0,8.7,24.6,30.1,0.31,,29.06,,2.52,,62.7,,,,,,27.95,3.73,16.14,10.4,0.0,,,0.88,,,,
28-Jan-2019,15:45,28-Jan-2019,16:00,Punjab,Patiala,"Model Town, Patiala - PPCB",1.29,253.57,,,,46.31,177.9,,,,61.1,13.4,3.3,25.8,27.6,0.32,,29.96,,2.53,,62.67,,,,,,28.55,3.83,16.14,10.24,0.0,,,0.89,,,,
28-Jan-2019,16:00,28-Jan-2019,16:15,Punjab,Patiala,"Model Town, Patiala - PPCB",1.42,254.35,,,,47.58,172.14,,,,61.1,12.8,11.4,20.0,31.2,0.31,,25.64,,2.51,,62.71,,,,,,29.24,,16.03,10.29,0.0,,,0.88,,,,
28-Jan-2019,16:15,28-Jan-2019,16:30,Punjab,Patiala,"Model Town, Patiala - PPCB",1.2,256.86,,,,49.14,166.37,,,,60.8,12.8,14.8,26.3,40.6,0.3,,23.85,,2.53,,62.65,,,,,,27.09,3.35,15.91,10.35,0.0,,,0.88,,,,
28-Jan-2019,16:30,28-Jan-2019,16:45,Punjab,Patiala,"Model Town, Patiala - PPCB",1.34,252.85,,,,49.32,162.82,,,,58.2,12.8,20.5,21.9,42.1,0.31,,26.91,,2.54,,62.59,,,,,,31.56,3.26,15.84,10.28,0.0,,,0.89,,,,
28-Jan-2019,16:45,28-Jan-2019,17:00,Punjab,Patiala,"Model Town, Patiala - PPCB",1.26,256.46,,,,51.11,167.01,,,,58.2,11.6,5.8,25.8,30.5,0.33,,26.82,,2.53,,62.67,,,,,,27.26,3.04,15.49,10.3,0.0,,,0.88,,,,
28-Jan-2019,17:00,28-Jan-2019,17:15,Punjab,Patiala,"Model Town, Patiala - PPCB",1.19,252.95,,,,52.21,150.1,,,,58.2,11.1,6.7,23.3,28.3,0.33,,25.38,,2.5,,62.65,,,,,,26.22,3.42,15.19,10.33,0.0,,,0.89,,,,
28-Jan-2019,17:15,28-Jan-2019,17:30,Punjab,Patiala,"Model Town, Patiala - PPCB",0.96,249.68,,,,52.78,139.42,,,,58.0,11.1,8.1,24.1,31.7,0.37,,23.74,,2.51,,62.71,,,,,,28.14,3.96,14.81,10.31,0.0,,,0.9,,,,
28-Jan-2019,17:30,28-Jan-2019,17:45,Punjab,Patiala,"Model Town, Patiala - PPCB",0.84,252.37,,,,55.22,128.93,,,,56.7,11.1,9.9,23.8,32.9,0.39,,21.62,,2.52,,62.67,,,,,,28.3,4.0,14.26,10.28,0.0,,,0.9,,,,
28-Jan-2019,17:45,28-Jan-2019,18:00,Punjab,Patiala,"Model Town, Patiala - PPCB",0.73,248.4,,,,57.57,121.22,,,,56.7,12.4,6.7,22.8,28.2,0.41,,19.84,,2.53,,62.59,,,,,,28.78,3.97,13.77,10.33,0.0,,,0.87,,,,
28-Jan-2019,18:00,28-Jan-2019,18:15,Punjab,Patiala,"Model Town, Patiala - PPCB",0.37,245.47,,,,62.34,110.47,,,,56.7,12.8,10.6,23.1,32.6,0.47,,19.95,,2.54,,62.7,,,,,,29.33,3.49,13.07,10.24,0.0,,,0.89,,,,
28-Jan-2019,18:15,28-Jan-2019,18:30,Punjab,Patiala,"Model Town, Patiala - PPCB",0.71,250.99,,,,62.13,117.97,,,,57.2,12.8,15.0,27.6,40.3,0.53,,18.47,,2.52,,62.65,,,,,,29.45,3.48,12.78,10.32,0.0,,,0.89,,,,
28-Jan-2019,18:30,28-Jan-2019,18:45,Punjab,Patiala,"Model Town, Patiala - PPCB",0.95,253.36,,,,61.05,123.88,,,,61.7,12.8,35.6,24.9,60.0,0.56,,17.45,,2.52,,62.66,,,,,,30.41,3.32,12.67,10.33,0.0,,,0.88,,,,
28-Jan-2019,18:45,28-Jan-2019,19:00,Punjab,Patiala,"Model Town, Patiala - PPCB",1.13,252.13,,,,60.56,126.08,,,,61.7,12.4,21.5,28.2,48.7,0.55,,20.87,,2.52,,62.69,,,,,,27.43,3.58,12.49,10.23,0.0,,,0.91,,,,
28-Jan-2019,19:00,28-Jan-2019,19:15,Punjab,Patiala,"Model Town, Patiala - PPCB",0.98,254.91,,,,60.99,122.66,,,,61.7,12.2,20.3,16.4,33.8,0.55,,22.44,,2.51,,62.68,,,,,,32.86,3.49,12.21,10.29,0.0,,,0.89,,,,
28-Jan-2019,19:15,28-Jan-2019,19:30,Punjab,Patiala,"Model Town, Patiala - PPCB",0.83,252.32,,,,62.38,119.73,,,,61.4,12.2,15.4,33.4,44.2,0.6,,21.64,,2.51,,62.69,,,,,,26.92,3.31,11.9,10.24,0.0,,,0.88,,,,
28-Jan-2019,19:30,28-Jan-2019,19:45,Punjab,Patiala,"Model Town, Patiala - PPCB",0.79,249.57,,,,64.1,122.21,,,,58.7,12.2,12.9,23.1,26.8,0.62,,18.21,,2.52,,62.64,,,,,,31.84,3.11,11.57,10.27,0.0,,,0.88,,,,
28-Jan-2019,19:45,28-Jan-2019,20:00,Punjab,Patiala,"Model Town, Patiala - PPCB",1.13,249.95,,,,65.32,128.88,,,,58.7,12.8,26.1,43.3,67.1,0.63,,19.72,,2.52,,62.7,,,,,,27.04,3.12,11.3,10.28,0.0,,,0.9,,,,
28-Jan-2019,20:00,28-Jan-2019,20:15,Punjab,Patiala,"Model Town, Patiala - PPCB",1.07,251.61,,,,66.77,127.55,,,,58.7,13.1,20.9,36.7,45.3,0.63,,22.31,,2.52,,62.59,,,,,,25.05,,11.16,10.26,0.0,,,0.88,,,,
28-Jan-2019,20:15,28-Jan-2019,20:30,Punjab,Patiala,"Model Town, Patiala - PPCB",1.26,252.09,,,,68.12,129.03,,,,58.6,13.1,32.0,32.3,54.9,0.62,,21.32,,2.51,,62.58,,,,,,32.9,3.52,11.05,10.28,0.0,,,0.88,,,,
28-Jan-2019,20:30,28-Jan-2019,20:45,Punjab,Patiala,"Model Town, Patiala - PPCB",1.13,251.71,,,,69.02,126.13,,,,57.2,13.1,37.5,35.8,62.1,0.57,,22.21,,2.55,,62.75,,,,,,30.48,3.74,10.89,10.37,0.0,,,0.88,,,,
28-Jan-2019,20:45,28-Jan-2019,21:00,Punjab,Patiala,"Model Town, Patiala - PPCB",0.81,251.9,,,,70.29,122.35,,,,57.2,14.7,46.0,41.3,83.3,0.56,,21.76,,2.52,,62.65,,,,,,29.93,3.36,10.59,10.31,0.0,,,0.89,,,,
28-Jan-2019,21:00,28-Jan-2019,21:15,Punjab,Patiala,"Model Town, Patiala - PPCB",0.41,256.47,,,,72.09,118.47,,,,57.2,15.3,37.1,41.6,66.1,0.57,,18.84,,2.52,,62.66,,,,,,25.77,3.03,10.3,10.31,0.0,,,0.91,,,,
28-Jan-2019,21:15,28-Jan-2019,21:30,Punjab,Patiala,"Model Town, Patiala - PPCB",0.63,248.73,,,,74.01,125.53,,,,57.6,15.3,19.1,42.0,53.5,0.63,,14.42,,2.53,,62.64,,,,,,27.8,2.65,9.91,10.23,0.0,,,0.87,,,,
28-Jan-2019,21:30,28-Jan-2019,21:45,Punjab,Patiala,"Model Town, Patiala - PPCB",0.77,252.66,,,,72.83,126.18,,,,61.7,15.3,25.2,40.7,56.8,0.56,,19.22,,2.55,,62.74,,,,,,27.53,2.5,9.89,10.23,0.0,,,0.9,,,,
28-Jan-2019,21:45,28-Jan-2019,22:00,Punjab,Patiala,"Model Town, Patiala - PPCB",0.71,249.61,,,,71.81,124.28,,,,61.7,17.7,20.1,40.8,48.1,0.56,,19.91,,2.52,,62.69,,,,,,31.12,2.57,9.87,10.23,0.0,,,0.92,,,,
28-Jan-2019,22:00,28-Jan-2019,22:15,Punjab,Patiala,"Model Town, Patiala - PPCB",0.94,249.11,,,,70.99,127.74,,,,61.7,18.7,27.2,34.6,52.0,0.56,,20.67,,2.52,,62.64,,,,,,23.41,2.64,9.79,10.32,0.0,,,0.9,,,,
28-Jan-2019,22:15,28-Jan-2019,22:30,Punjab,Patiala,"Model Town, Patiala - PPCB",1.29,253.28,,,,70.2,131.61,,,,62.2,18.7,24.9,33.3,40.4,0.53,,22.37,,2.51,,62.78,,,,,,27.13,2.8,9.66,10.49,0.0,,,0.87,,,,
28-Jan-2019,22:30,28-Jan-2019,22:45,Punjab,Patiala,"Model Town, Patiala - PPCB",1.14,252.02,,,,69.37,130.06,,,,67.0,18.7,40.5,45.9,81.7,0.52,,23.28,,2.52,,62.77,,,,,,28.34,3.0,9.56,10.34,0.0,,,0.87,,,,
28-Jan-2019,22:45,28-Jan-2019,23:00,Punjab,Patiala,"Model Town, Patiala - PPCB",1.33,254.46,,,,69.47,131.43,,,,67.0,18.5,24.0,28.8,41.7,0.52,,24.0,,2.54,,62.65,,,,,,26.01,3.07,9.43,10.24,0.0,,,0.88,,,,
28-Jan-2019,23:00,28-Jan-2019,23:15,Punjab,Patiala,"Model Town, Patiala - PPCB",0.75,263.43,,,,70.76,125.77,,,,67.0,18.4,49.2,43.7,85.7,0.54,,21.33,,2.52,,62.67,,,,,,29.46,2.88,9.26,10.22,0.0,,,0.89,,,,
28-Jan-2019,23:15,28-Jan-2019,23:30,Punjab,Patiala,"Model Town, Patiala - PPCB",0.5,262.02,,,,72.72,122.39,,,,66.6,18.4,14.9,39.0,37.0,0.53,,21.16,,2.53,,62.67,,,,,,30.32,2.61,8.94,10.38,0.0,,,0.9,,,,
28-Jan-2019,23:30,28-Jan-2019,23:45,Punjab,Patiala,"Model Town, Patiala - PPCB",0.73,255.13,,,,73.2,128.18,,,,63.2,18.4,31.2,41.5,64.7,0.55,,21.7,,2.52,,62.64,,,,,,34.13,2.25,8.81,10.28,0.0,,,0.88,,,,
28-Jan-2019,23:45,29-Jan-2019,00:00,Punjab,Patiala,"Model Town, Patiala - PPCB",0.84,253.45,,,,73.24,128.48,,,,63.2,17.6,68.9,38.9,94.3,0.54,,22.59,,2.51,,62.65,,,,,,30.2,2.28,8.84,10.28,0.0,,,0.9,,,,
29-Jan-2019,00:00,29-Jan-2019,00:15,Punjab,Patiala,"Model Town, Patiala - PPCB",0.92,253.35,,,,74.07,130.11,,,,63.2,17.3,20.6,53.0,62.7,0.52,,23.12,,2.52,,62.7,,,,,,32.27,,8.68,10.25,0.0,,,0.89,,,,
29-Jan-2019,00:15,29-Jan-2019,00:30,Punjab,Patiala,"Model Town, Patiala - PPCB",0.83,254.03,,,,75.02,128.36,,,,63.2,17.3,34.0,65.7,90.2,0.55,,22.77,,2.51,,62.71,,,,,,22.32,2.24,8.55,10.27,0.0,,,0.89,,,,
29-Jan-2019,00:30,29-Jan-2019,00:45,Punjab,Patiala,"Model Town, Patiala - PPCB",0.44,252.16,,,,77.3,121.23,,,,63.3,17.3,55.5,53.1,100.8,0.55,,20.67,,2.53,,62.68,,,,,,29.22,2.17,8.28,10.29,0.0,,,0.89,,,,
29-Jan-2019,00:45,29-Jan-2019,01:00,Punjab,Patiala,"Model Town, Patiala - PPCB",0.74,252.13,,,,79.55,128.02,,,,63.3,18.2,14.3,44.2,36.0,0.58,,15.73,,2.51,,62.67,,,,,,22.1,2.09,7.99,10.28,0.0,,,0.89,,,,
29-Jan-2019,01:00,29-Jan-2019,01:15,Punjab,Patiala,"Model Town, Patiala - PPCB",,,,,,,,,,,,,,,,,,,,,,,,,,,,,,,,,,,,,,,
29-Jan-2019,01:15,29-Jan-2019,01:30,Punjab,Patiala,"Model Town, Patiala - PPCB",,,,,,,,,,,,,,,,,,,,,,,,,,,,,,,,,,,,,,,
29-Jan-2019,01:30,29-Jan-2019,01:45,Punjab,Patiala,"Model Town, Patiala - PPCB",,,,,,,,,,,,,,,,,,,,,,,,,,,,,,,,,,,,,,,
29-Jan-2019,01:45,29-Jan-2019,02:00,Punjab,Patiala,"Model Town, Patiala - PPCB",,,,,,,,,,,,,,,,,,,,,,,,,,,,,,,,,,,,,,,
29-Jan-2019,02:00,29-Jan-2019,02:15,Punjab,Patiala,"Model Town, Patiala - PPCB",,,,,,,,,,,,,,,,,,,,,,,,,,,,,,,,,,,,,,,
29-Jan-2019,02:15,29-Jan-2019,02:30,Punjab,Patiala,"Model Town, Patiala - PPCB",,,,,,,,,,,,,,,,,,,,,,,,,,,,,,,,,,,,,,,
29-Jan-2019,02:30,29-Jan-2019,02:45,Punjab,Patiala,"Model Town, Patiala - PPCB",,,,,,,,,,,,,,,,,,,,,,,,,,,,,,,,,,,,,,,
29-Jan-2019,02:45,29-Jan-2019,03:00,Punjab,Patiala,"Model Town, Patiala - PPCB",,,,,,,,,,,,,,,,,,,,,,,,,,,,,,,,,,,,,,,
29-Jan-2019,03:00,29-Jan-2019,03:15,Punjab,Patiala,"Model Town, Patiala - PPCB",,,,,,,,,,,,,,,,,,,,,,,,,,,,,,,,,,,,,,,
29-Jan-2019,03:15,29-Jan-2019,03:30,Punjab,Patiala,"Model Town, Patiala - PPCB",,,,,,,,,,,,,,,,,,,,,,,,,,,,,,,,,,,,,,,
29-Jan-2019,03:30,29-Jan-2019,03:45,Punjab,Patiala,"Model Town, Patiala - PPCB",,,,,,,,,,,,,,,,,,,,,,,,,,,,,,,,,,,,,,,
29-Jan-2019,03:45,29-Jan-2019,04:00,Punjab,Patiala,"Model Town, Patiala - PPCB",,,,,,,,,,,,,,,,,,,,,,,,,,,,,,,,,,,,,,,
29-Jan-2019,04:00,29-Jan-2019,04:15,Punjab,Patiala,"Model Town, Patiala - PPCB",,,,,,,,,,,,,,,,,,,,,,,,,,,,,,,,,,,,,,,
29-Jan-2019,04:15,29-Jan-2019,04:30,Punjab,Patiala,"Model Town, Patiala - PPCB",,,,,,,,,,,,,,,,,,,,,,,,,,,,,,,,,,,,,,,
29-Jan-2019,04:30,29-Jan-2019,04:45,Punjab,Patiala,"Model Town, Patiala - PPCB",,,,,,,,,,,,,,,,,,,,,,,,,,,,,,,,,,,,,,,
29-Jan-2019,04:45,29-Jan-2019,05:00,Punjab,Patiala,"Model Town, Patiala - PPCB",,,,,,,,,,,,,,,,,,,,,,,,,,,,,,,,,,,,,,,
29-Jan-2019,05:00,29-Jan-2019,05:15,Punjab,Patiala,"Model Town, Patiala - PPCB",,,,,,,,,,,,,,,,,,,,,,,,,,,,,,,,,,,,,,,
29-Jan-2019,05:15,29-Jan-2019,05:30,Punjab,Patiala,"Model Town, Patiala - PPCB",,,,,,,,,,,,,,,,,,,,,,,,,,,,,,,,,,,,,,,
29-Jan-2019,05:30,29-Jan-2019,05:45,Punjab,Patiala,"Model Town, Patiala - PPCB",,,,,,,,,,,,,,,,,,,,,,,,,,,,,,,,,,,,,,,
29-Jan-2019,05:45,29-Jan-2019,06:00,Punjab,Patiala,"Model Town, Patiala - PPCB",,,,,,,,,,,,,,,,,,,,,,,,,,,,,,,,,,,,,,,
29-Jan-2019,06:00,29-Jan-2019,06:15,Punjab,Patiala,"Model Town, Patiala - PPCB",,,,,,,,,,,,,,,,,,,,,,,,,,,,,,,,,,,,,,,
29-Jan-2019,06:15,29-Jan-2019,06:30,Punjab,Patiala,"Model Town, Patiala - PPCB",,,,,,,,,,,,,,,,,,,,,,,,,,,,,,,,,,,,,,,
29-Jan-2019,06:30,29-Jan-2019,06:45,Punjab,Patiala,"Model Town, Patiala - PPCB",,,,,,,,,,,,,,,,,,,,,,,,,,,,,,,,,,,,,,,
29-Jan-2019,06:45,29-Jan-2019,07:00,Punjab,Patiala,"Model Town, Patiala - PPCB",,,,,,,,,,,,,,,,,,,,,,,,,,,,,,,,,,,,,,,
29-Jan-2019,07:00,29-Jan-2019,07:15,Punjab,Patiala,"Model Town, Patiala - PPCB",,,,,,,,,,,,,,,,,,,,,,,,,,,,,,,,,,,,,,,
29-Jan-2019,07:15,29-Jan-2019,07:30,Punjab,Patiala,"Model Town, Patiala - PPCB",,,,,,,,,,,,,,,,,,,,,,,,,,,,,,,,,,,,,,,
29-Jan-2019,07:30,29-Jan-2019,07:45,Punjab,Patiala,"Model Town, Patiala - PPCB",,,,,,,,,,,,,,,,,,,,,,,,,,,,,,,,,,,,,,,
29-Jan-2019,07:45,29-Jan-2019,08:00,Punjab,Patiala,"Model Town, Patiala - PPCB",,,,,,,,,,,,,,,,,,,,,,,,,,,,,,,,,,,,,,,
29-Jan-2019,08:00,29-Jan-2019,08:15,Punjab,Patiala,"Model Town, Patiala - PPCB",,,,,,,,,,,,,,,,,,,,,,,,,,,,,,,,,,,,,,,
29-Jan-2019,08:15,29-Jan-2019,08:30,Punjab,Patiala,"Model Town, Patiala - PPCB",,,,,,,,,,,,,,,,,,,,,,,,,,,,,,,,,,,,,,,
29-Jan-2019,08:30,29-Jan-2019,08:45,Punjab,Patiala,"Model Town, Patiala - PPCB",,,,,,,,,,,,,,,,,,,,,,,,,,,,,,,,,,,,,,,
29-Jan-2019,08:45,29-Jan-2019,09:00,Punjab,Patiala,"Model Town, Patiala - PPCB",,,,,,,,,,,,,,,,,,,,,,,,,,,,,,,,,,,,,,,
29-Jan-2019,09:00,29-Jan-2019,09:15,Punjab,Patiala,"Model Town, Patiala - PPCB",,,,,,,,,,,,,,,,,,,,,,,,,,,,,,,,,,,,,,,
29-Jan-2019,09:15,29-Jan-2019,09:30,Punjab,Patiala,"Model Town, Patiala - PPCB",,,,,,,,,,,,,,,,,,,,,,,,,,,,,,,,,,,,,,,
29-Jan-2019,09:30,29-Jan-2019,09:45,Punjab,Patiala,"Model Town, Patiala - PPCB",,,,,,,,,,,,,,,,,,,,,,,,,,,,,,,,,,,,,,,
29-Jan-2019,09:45,29-Jan-2019,10:00,Punjab,Patiala,"Model Town, Patiala - PPCB",,,,,,,,,,,,,,,,,,,,,,,,,,,,,,,,,,,,,,,
29-Jan-2019,10:00,29-Jan-2019,10:15,Punjab,Patiala,"Model Town, Patiala - PPCB",,,,,,,,,,,,,,,,,,,,,,,,,,,,,,,,,,,,,,,
29-Jan-2019,10:15,29-Jan-2019,10:30,Punjab,Patiala,"Model Town, Patiala - PPCB",,,,,,,,,,,,,,,,,,,,,,,,,,,,,,,,,,,,,,,
29-Jan-2019,10:30,29-Jan-2019,10:45,Punjab,Patiala,"Model Town, Patiala - PPCB",,,,,,,,,,,,,,,,,,,,,,,,,,,,,,,,,,,,,,,
29-Jan-2019,10:45,29-Jan-2019,11:00,Punjab,Patiala,"Model Town, Patiala - PPCB",,,,,,,,,,,,,,,,,,,,,,,,,,,,,,,,,,,,,,,
29-Jan-2019,11:00,29-Jan-2019,11:15,Punjab,Patiala,"Model Town, Patiala - PPCB",,,,,,,,,,,,,,,,,,,,,,,,,,,,,,,,,,,,,,,
29-Jan-2019,11:15,29-Jan-2019,11:30,Punjab,Patiala,"Model Town, Patiala - PPCB",,,,,,,,,,,,,,,,,,,,,,,,,,,,,,,,,,,,,,,
29-Jan-2019,11:30,29-Jan-2019,11:45,Punjab,Patiala,"Model Town, Patiala - PPCB",,,,,,,,,,,,,,,,,,,,,,,,,,,,,,,,,,,,,,,
29-Jan-2019,11:45,29-Jan-2019,12:00,Punjab,Patiala,"Model Town, Patiala - PPCB",,,,,,,,,,,,,,,,,,,,,,,,,,,,,,,,,,,,,,,
29-Jan-2019,12:00,29-Jan-2019,12:15,Punjab,Patiala,"Model Town, Patiala - PPCB",,,,,,,,,,,,,,,,,,,,,,,,,,,,,,,,,,,,,,,
29-Jan-2019,12:15,29-Jan-2019,12:30,Punjab,Patiala,"Model Town, Patiala - PPCB",,,,,,,,,,,,,,,,,,,,,,,,,,,,,,,,,,,,,,,
29-Jan-2019,12:30,29-Jan-2019,12:45,Punjab,Patiala,"Model Town, Patiala - PPCB",,,,,,,,,,,,,,,,,,,,,,,,,,,,,,,,,,,,,,,
29-Jan-2019,12:45,29-Jan-2019,13:00,Punjab,Patiala,"Model Town, Patiala - PPCB",,,,,,,,,,,,,,,,,,,,,,,,,,,,,,,,,,,,,,,
29-Jan-2019,13:00,29-Jan-2019,13:15,Punjab,Patiala,"Model Town, Patiala - PPCB",,,,,,,,,,,,,,,,,,,,,,,,,,,,,,,,,,,,,,,
29-Jan-2019,13:15,29-Jan-2019,13:30,Punjab,Patiala,"Model Town, Patiala - PPCB",,,,,,,,,,,,,,,,,,,,,,,,,,,,,,,,,,,,,,,
29-Jan-2019,13:30,29-Jan-2019,13:45,Punjab,Patiala,"Model Town, Patiala - PPCB",,,,,,,,,,,,,,,,,,,,,,,,,,,,,,,,,,,,,,,
29-Jan-2019,13:45,29-Jan-2019,14:00,Punjab,Patiala,"Model Town, Patiala - PPCB",,,,,,,,,,,,,,,,,,,,,,,,,,,,,,,,,,,,,,,
29-Jan-2019,14:00,29-Jan-2019,14:15,Punjab,Patiala,"Model Town, Patiala - PPCB",,,,,,,,,,,,,,,,,,,,,,,,,,,,,,,,,,,,,,,
29-Jan-2019,14:15,29-Jan-2019,14:30,Punjab,Patiala,"Model Town, Patiala - PPCB",,,,,,,,,,,,,,,,,,,,,,,,,,,,,,,,,,,,,,,
29-Jan-2019,14:30,29-Jan-2019,14:45,Punjab,Patiala,"Model Town, Patiala - PPCB",,,,,,,,,,,,,,,,,,,,,,,,,,,,,,,,,,,,,,,
29-Jan-2019,14:45,29-Jan-2019,15:00,Punjab,Patiala,"Model Town, Patiala - PPCB",,,,,,,,,,,,,,,,,,,,,,,,,,,,,,,,,,,,,,,
29-Jan-2019,15:00,29-Jan-2019,15:15,Punjab,Patiala,"Model Town, Patiala - PPCB",,,,,,,,,,,,,,,,,,,,,,,,,,,,,,,,,,,,,,,
29-Jan-2019,15:15,29-Jan-2019,15:30,Punjab,Patiala,"Model Town, Patiala - PPCB",,,,,,,,,,,,,,,,,,,,,,,,,,,,,,,,,,,,,,,
29-Jan-2019,15:30,29-Jan-2019,15:45,Punjab,Patiala,"Model Town, Patiala - PPCB",,,,,,,,,,,,,,,,,,,,,,,,,,,,,,,,,,,,,,,
29-Jan-2019,15:45,29-Jan-2019,16:00,Punjab,Patiala,"Model Town, Patiala - PPCB",,,,,,,,,,,,,,,,,,,,,,,,,,,,,,,,,,,,,,,
29-Jan-2019,16:00,29-Jan-2019,16:15,Punjab,Patiala,"Model Town, Patiala - PPCB",,,,,,,,,,,,,,,,,,,,,,,,,,,,,,,,,,,,,,,
29-Jan-2019,16:15,29-Jan-2019,16:30,Punjab,Patiala,"Model Town, Patiala - PPCB",,,,,,,,,,,,,,,,,,,,,,,,,,,,,,,,,,,,,,,
29-Jan-2019,16:30,29-Jan-2019,16:45,Punjab,Patiala,"Model Town, Patiala - PPCB",,,,,,,,,,,,,,,,,,,,,,,,,,,,,,,,,,,,,,,
29-Jan-2019,16:45,29-Jan-2019,17:00,Punjab,Patiala,"Model Town, Patiala - PPCB",,,,,,,,,,,,,,,,,,,,,,,,,,,,,,,,,,,,,,,
29-Jan-2019,17:00,29-Jan-2019,17:15,Punjab,Patiala,"Model Town, Patiala - PPCB",,,,,,,,,,,,,,,,,,,,,,,,,,,,,,,,,,,,,,,
29-Jan-2019,17:15,29-Jan-2019,17:30,Punjab,Patiala,"Model Town, Patiala - PPCB",,,,,,,,,,,,,,,,,,,,,,,,,,,,,,,,,,,,,,,
29-Jan-2019,17:30,29-Jan-2019,17:45,Punjab,Patiala,"Model Town, Patiala - PPCB",,,,,,,,,,,,,,,,,,,,,,,,,,,,,,,,,,,,,,,
29-Jan-2019,17:45,29-Jan-2019,18:00,Punjab,Patiala,"Model Town, Patiala - PPCB",,,,,,,,,,,,,,,,,,,,,,,,,,,,,,,,,,,,,,,
29-Jan-2019,18:00,29-Jan-2019,18:15,Punjab,Patiala,"Model Town, Patiala - PPCB",,,,,,,,,,,,,,,,,,,,,,,,,,,,,,,,,,,,,,,
29-Jan-2019,18:15,29-Jan-2019,18:30,Punjab,Patiala,"Model Town, Patiala - PPCB",,,,,,,,,,,,,,,,,,,,,,,,,,,,,,,,,,,,,,,
29-Jan-2019,18:30,29-Jan-2019,18:45,Punjab,Patiala,"Model Town, Patiala - PPCB",,,,,,,,,,,,,,,,,,,,,,,,,,,,,,,,,,,,,,,
29-Jan-2019,18:45,29-Jan-2019,19:00,Punjab,Patiala,"Model Town, Patiala - PPCB",,,,,,,,,,,,,,,,,,,,,,,,,,,,,,,,,,,,,,,
29-Jan-2019,19:00,29-Jan-2019,19:15,Punjab,Patiala,"Model Town, Patiala - PPCB",,,,,,,,,,,,,,,,,,,,,,,,,,,,,,,,,,,,,,,
29-Jan-2019,19:15,29-Jan-2019,19:30,Punjab,Patiala,"Model Town, Patiala - PPCB",,,,,,,,,,,,,,,,,,,,,,,,,,,,,,,,,,,,,,,
29-Jan-2019,19:30,29-Jan-2019,19:45,Punjab,Patiala,"Model Town, Patiala - PPCB",,,,,,,,,,,,,,,,,,,,,,,,,,,,,,,,,,,,,,,
29-Jan-2019,19:45,29-Jan-2019,20:00,Punjab,Patiala,"Model Town, Patiala - PPCB",,,,,,,,,,,,,,,,,,,,,,,,,,,,,,,,,,,,,,,
29-Jan-2019,20:00,29-Jan-2019,20:15,Punjab,Patiala,"Model Town, Patiala - PPCB",,,,,,,,,,,,,,,,,,,,,,,,,,,,,,,,,,,,,,,
29-Jan-2019,20:15,29-Jan-2019,20:30,Punjab,Patiala,"Model Town, Patiala - PPCB",,,,,,,,,,,,,,,,,,,,,,,,,,,,,,,,,,,,,,,
29-Jan-2019,20:30,29-Jan-2019,20:45,Punjab,Patiala,"Model Town, Patiala - PPCB",,,,,,,,,,,,,,,,,,,,,,,,,,,,,,,,,,,,,,,
29-Jan-2019,20:45,29-Jan-2019,21:00,Punjab,Patiala,"Model Town, Patiala - PPCB",,,,,,,,,,,,,,,,,,,,,,,,,,,,,,,,,,,,,,,
29-Jan-2019,21:00,29-Jan-2019,21:15,Punjab,Patiala,"Model Town, Patiala - PPCB",,,,,,,,,,,,,,,,,,,,,,,,,,,,,,,,,,,,,,,
29-Jan-2019,21:15,29-Jan-2019,21:30,Punjab,Patiala,"Model Town, Patiala - PPCB",,,,,,,,,,,,,,,,,,,,,,,,,,,,,,,,,,,,,,,
29-Jan-2019,21:30,29-Jan-2019,21:45,Punjab,Patiala,"Model Town, Patiala - PPCB",,,,,,,,,,,,,,,,,,,,,,,,,,,,,,,,,,,,,,,
29-Jan-2019,21:45,29-Jan-2019,22:00,Punjab,Patiala,"Model Town, Patiala - PPCB",,,,,,,,,,,,,,,,,,,,,,,,,,,,,,,,,,,,,,,
29-Jan-2019,22:00,29-Jan-2019,22:15,Punjab,Patiala,"Model Town, Patiala - PPCB",,,,,,,,,,,,,,,,,,,,,,,,,,,,,,,,,,,,,,,
29-Jan-2019,22:15,29-Jan-2019,22:30,Punjab,Patiala,"Model Town, Patiala - PPCB",,,,,,,,,,,,,,,,,,,,,,,,,,,,,,,,,,,,,,,
29-Jan-2019,22:30,29-Jan-2019,22:45,Punjab,Patiala,"Model Town, Patiala - PPCB",,,,,,,,,,,,,,,,,,,,,,,,,,,,,,,,,,,,,,,
29-Jan-2019,22:45,29-Jan-2019,23:00,Punjab,Patiala,"Model Town, Patiala - PPCB",,,,,,,,,,,,,,,,,,,,,,,,,,,,,,,,,,,,,,,
29-Jan-2019,23:00,29-Jan-2019,23:15,Punjab,Patiala,"Model Town, Patiala - PPCB",,,,,,,,,,,,,,,,,,,,,,,,,,,,,,,,,,,,,,,
29-Jan-2019,23:15,29-Jan-2019,23:30,Punjab,Patiala,"Model Town, Patiala - PPCB",,,,,,,,,,,,,,,,,,,,,,,,,,,,,,,,,,,,,,,
29-Jan-2019,23:30,29-Jan-2019,23:45,Punjab,Patiala,"Model Town, Patiala - PPCB",,,,,,,,,,,,,,,,,,,,,,,,,,,,,,,,,,,,,,,
29-Jan-2019,23:45,30-Jan-2019,00:00,Punjab,Patiala,"Model Town, Patiala - PPCB",0.09,184.79,,,,74.25,124.5,,,,61.9,19.1,15.8,48.3,42.9,0.52,,18.38,,2.53,,62.64,,,,,,27.38,2.19,8.84,10.28,0.0,,,0.9,,,,
