01-Jul-2015,00:00,01-Jul-2015,00:15,Gujarat,Ankleshwar,GIDC, Ankleshwar - GPCB,,,,,,,,,,,,,,,,,,,,,,,,,,,,,,,,,,,,,,,
01-Jul-2015,00:15,01-Jul-2015,00:30,Gujarat,Ankleshwar,GIDC, Ankleshwar - GPCB,,,,,,,,,,,,,,,,,,,,,,,,,,,,,,,,,,,,,,,
01-Jul-2015,00:30,01-Jul-2015,00:45,Gujarat,Ankleshwar,GIDC, Ankleshwar - GPCB,,,,,,,,,,,,,,,,,,,,,,,,,,,,,,,,,,,,,,,
01-Jul-2015,00:45,01-Jul-2015,01:00,Gujarat,Ankleshwar,GIDC, Ankleshwar - GPCB,,,,,,,,,,,,,,,,,,,,,,,,,,,,,,,,,,,,,,,
01-Jul-2015,01:00,01-Jul-2015,01:15,Gujarat,Ankleshwar,GIDC, Ankleshwar - GPCB,,,,,,,,,,,,,,,,,,,,,,,,,,,,,,,,,,,,,,,
01-Jul-2015,01:15,01-Jul-2015,01:30,Gujarat,Ankleshwar,GIDC, Ankleshwar - GPCB,,,,,,,,,,,,,,,,,,,,,,,,,,,,,,,,,,,,,,,
01-Jul-2015,01:30,01-Jul-2015,01:45,Gujarat,Ankleshwar,GIDC, Ankleshwar - GPCB,,,,,,,,,,,,,,,,,,,,,,,,,,,,,,,,,,,,,,,
01-Jul-2015,01:45,01-Jul-2015,02:00,Gujarat,Ankleshwar,GIDC, Ankleshwar - GPCB,,,,,,,,,,,,,,,,,,,,,,,,,,,,,,,,,,,,,,,
01-Jul-2015,02:00,01-Jul-2015,02:15,Gujarat,Ankleshwar,GIDC, Ankleshwar - GPCB,,,,,,,,,,,,,,,,,,,,,,,,,,,,,,,,,,,,,,,
01-Jul-2015,02:15,01-Jul-2015,02:30,Gujarat,Ankleshwar,GIDC, Ankleshwar - GPCB,,,,,,,,,,,,,,,,,,,,,,,,,,,,,,,,,,,,,,,
01-Jul-2015,02:30,01-Jul-2015,02:45,Gujarat,Ankleshwar,GIDC, Ankleshwar - GPCB,,,,,,,,,,,,,,,,,,,,,,,,,,,,,,,,,,,,,,,
01-Jul-2015,02:45,01-Jul-2015,03:00,Gujarat,Ankleshwar,GIDC, Ankleshwar - GPCB,,,,,,,,,,,,,,,,,,,,,,,,,,,,,,,,,,,,,,,
01-Jul-2015,03:00,01-Jul-2015,03:15,Gujarat,Ankleshwar,GIDC, Ankleshwar - GPCB,,,,,,,,,,,,,,,,,,,,,,,,,,,,,,,,,,,,,,,
01-Jul-2015,03:15,01-Jul-2015,03:30,Gujarat,Ankleshwar,GIDC, Ankleshwar - GPCB,,,,,,,,,,,,,,,,,,,,,,,,,,,,,,,,,,,,,,,
01-Jul-2015,03:30,01-Jul-2015,03:45,Gujarat,Ankleshwar,GIDC, Ankleshwar - GPCB,,,,,,,,,,,,,,,,,,,,,,,,,,,,,,,,,,,,,,,
01-Jul-2015,03:45,01-Jul-2015,04:00,Gujarat,Ankleshwar,GIDC, Ankleshwar - GPCB,,,,,,,,,,,,,,,,,,,,,,,,,,,,,,,,,,,,,,,
01-Jul-2015,04:00,01-Jul-2015,04:15,Gujarat,Ankleshwar,GIDC, Ankleshwar - GPCB,,,,,,,,,,,,,,,,,,,,,,,,,,,,,,,,,,,,,,,
01-Jul-2015,04:15,01-Jul-2015,04:30,Gujarat,Ankleshwar,GIDC, Ankleshwar - GPCB,,,,,,,,,,,,,,,,,,,,,,,,,,,,,,,,,,,,,,,
01-Jul-2015,04:30,01-Jul-2015,04:45,Gujarat,Ankleshwar,GIDC, Ankleshwar - GPCB,,,,,,,,,,,,,,,,,,,,,,,,,,,,,,,,,,,,,,,
01-Jul-2015,04:45,01-Jul-2015,05:00,Gujarat,Ankleshwar,GIDC, Ankleshwar - GPCB,,,,,,,,,,,,,,,,,,,,,,,,,,,,,,,,,,,,,,,
01-Jul-2015,05:00,01-Jul-2015,05:15,Gujarat,Ankleshwar,GIDC, Ankleshwar - GPCB,,,,,,,,,,,,,,,,,,,,,,,,,,,,,,,,,,,,,,,
01-Jul-2015,05:15,01-Jul-2015,05:30,Gujarat,Ankleshwar,GIDC, Ankleshwar - GPCB,,,,,,,,,,,,,,,,,,,,,,,,,,,,,,,,,,,,,,,
01-Jul-2015,05:30,01-Jul-2015,05:45,Gujarat,Ankleshwar,GIDC, Ankleshwar - GPCB,,,,,,,,,,,,,,,,,,,,,,,,,,,,,,,,,,,,,,,
01-Jul-2015,05:45,01-Jul-2015,06:00,Gujarat,Ankleshwar,GIDC, Ankleshwar - GPCB,,,,,,,,,,,,,,,,,,,,,,,,,,,,,,,,,,,,,,,
01-Jul-2015,06:00,01-Jul-2015,06:15,Gujarat,Ankleshwar,GIDC, Ankleshwar - GPCB,,,,,,,,,,,,,,,,,,,,,,,,,,,,,,,,,,,,,,,
01-Jul-2015,06:15,01-Jul-2015,06:30,Gujarat,Ankleshwar,GIDC, Ankleshwar - GPCB,,,,,,,,,,,,,,,,,,,,,,,,,,,,,,,,,,,,,,,
01-Jul-2015,06:30,01-Jul-2015,06:45,Gujarat,Ankleshwar,GIDC, Ankleshwar - GPCB,,,,,,,,,,,,,,,,,,,,,,,,,,,,,,,,,,,,,,,
01-Jul-2015,06:45,01-Jul-2015,07:00,Gujarat,Ankleshwar,GIDC, Ankleshwar - GPCB,,,,,,,,,,,,,,,,,,,,,,,,,,,,,,,,,,,,,,,
01-Jul-2015,07:00,01-Jul-2015,07:15,Gujarat,Ankleshwar,GIDC, Ankleshwar - GPCB,,,,,,,,,,,,,,,,,,,,,,,,,,,,,,,,,,,,,,,
01-Jul-2015,07:15,01-Jul-2015,07:30,Gujarat,Ankleshwar,GIDC, Ankleshwar - GPCB,,,,,,,,,,,,,,,,,,,,,,,,,,,,,,,,,,,,,,,
01-Jul-2015,07:30,01-Jul-2015,07:45,Gujarat,Ankleshwar,GIDC, Ankleshwar - GPCB,,,,,,,,,,,,,,,,,,,,,,,,,,,,,,,,,,,,,,,
01-Jul-2015,07:45,01-Jul-2015,08:00,Gujarat,Ankleshwar,GIDC, Ankleshwar - GPCB,,,,,,,,,,,,,,,,,,,,,,,,,,,,,,,,,,,,,,,
01-Jul-2015,08:00,01-Jul-2015,08:15,Gujarat,Ankleshwar,GIDC, Ankleshwar - GPCB,,,,,,,,,,,,,,,,,,,,,,,,,,,,,,,,,,,,,,,
01-Jul-2015,08:15,01-Jul-2015,08:30,Gujarat,Ankleshwar,GIDC, Ankleshwar - GPCB,,,,,,,,,,,,,,,,,,,,,,,,,,,,,,,,,,,,,,,
01-Jul-2015,08:30,01-Jul-2015,08:45,Gujarat,Ankleshwar,GIDC, Ankleshwar - GPCB,,,,,,,,,,,,,,,,,,,,,,,,,,,,,,,,,,,,,,,
01-Jul-2015,08:45,01-Jul-2015,09:00,Gujarat,Ankleshwar,GIDC, Ankleshwar - GPCB,,,,,,,,,,,,,,,,,,,,,,,,,,,,,,,,,,,,,,,
01-Jul-2015,09:00,01-Jul-2015,09:15,Gujarat,Ankleshwar,GIDC, Ankleshwar - GPCB,,,,,,,,,,,,,,,,,,,,,,,,,,,,,,,,,,,,,,,
01-Jul-2015,09:15,01-Jul-2015,09:30,Gujarat,Ankleshwar,GIDC, Ankleshwar - GPCB,,,,,,,,,,,,,,,,,,,,,,,,,,,,,,,,,,,,,,,
01-Jul-2015,09:30,01-Jul-2015,09:45,Gujarat,Ankleshwar,GIDC, Ankleshwar - GPCB,,,,,,,,,,,,,,,,,,,,,,,,,,,,,,,,,,,,,,,
01-Jul-2015,09:45,01-Jul-2015,10:00,Gujarat,Ankleshwar,GIDC, Ankleshwar - GPCB,,,,,,,,,,,,,,,,,,,,,,,,,,,,,,,,,,,,,,,
01-Jul-2015,10:00,01-Jul-2015,10:15,Gujarat,Ankleshwar,GIDC, Ankleshwar - GPCB,,,,,,,,,,,,,,,,,,,,,,,,,,,,,,,,,,,,,,,
01-Jul-2015,10:15,01-Jul-2015,10:30,Gujarat,Ankleshwar,GIDC, Ankleshwar - GPCB,,,,,,,,,,,,,,,,,,,,,,,,,,,,,,,,,,,,,,,
01-Jul-2015,10:30,01-Jul-2015,10:45,Gujarat,Ankleshwar,GIDC, Ankleshwar - GPCB,,,,,,,,,,,,,,,,,,,,,,,,,,,,,,,,,,,,,,,
01-Jul-2015,10:45,01-Jul-2015,11:00,Gujarat,Ankleshwar,GIDC, Ankleshwar - GPCB,,,,,,,,,,,,,,,,,,,,,,,,,,,,,,,,,,,,,,,
01-Jul-2015,11:00,01-Jul-2015,11:15,Gujarat,Ankleshwar,GIDC, Ankleshwar - GPCB,,,,,,,,,,,,,,,,,,,,,,,,,,,,,,,,,,,,,,,
01-Jul-2015,11:15,01-Jul-2015,11:30,Gujarat,Ankleshwar,GIDC, Ankleshwar - GPCB,,,,,,,,,,,,,,,,,,,,,,,,,,,,,,,,,,,,,,,
01-Jul-2015,11:30,01-Jul-2015,11:45,Gujarat,Ankleshwar,GIDC, Ankleshwar - GPCB,,,,,,,,,,,,,,,,,,,,,,,,,,,,,,,,,,,,,,,
01-Jul-2015,11:45,01-Jul-2015,12:00,Gujarat,Ankleshwar,GIDC, Ankleshwar - GPCB,,,,,,,,,,,,,,,,,,,,,,,,,,,,,,,,,,,,,,,
01-Jul-2015,12:00,01-Jul-2015,12:15,Gujarat,Ankleshwar,GIDC, Ankleshwar - GPCB,,,,,,,,,,,,,,,,,,,,,,,,,,,,,,,,,,,,,,,
01-Jul-2015,12:15,01-Jul-2015,12:30,Gujarat,Ankleshwar,GIDC, Ankleshwar - GPCB,,,,,,,,,,,,,,,,,,,,,,,,,,,,,,,,,,,,,,,
01-Jul-2015,12:30,01-Jul-2015,12:45,Gujarat,Ankleshwar,GIDC, Ankleshwar - GPCB,,,,,,,,,,,,,,,,,,,,,,,,,,,,,,,,,,,,,,,
01-Jul-2015,12:45,01-Jul-2015,13:00,Gujarat,Ankleshwar,GIDC, Ankleshwar - GPCB,,,,,,,,,,,,,,,,,,,,,,,,,,,,,,,,,,,,,,,
01-Jul-2015,13:00,01-Jul-2015,13:15,Gujarat,Ankleshwar,GIDC, Ankleshwar - GPCB,,,,,,,,,,,,,,,,,,,,,,,,,,,,,,,,,,,,,,,
01-Jul-2015,13:15,01-Jul-2015,13:30,Gujarat,Ankleshwar,GIDC, Ankleshwar - GPCB,,,,,,,,,,,,,,,,,,,,,,,,,,,,,,,,,,,,,,,
01-Jul-2015,13:30,01-Jul-2015,13:45,Gujarat,Ankleshwar,GIDC, Ankleshwar - GPCB,,,,,,,,,,,,,,,,,,,,,,,,,,,,,,,,,,,,,,,
01-Jul-2015,13:45,01-Jul-2015,14:00,Gujarat,Ankleshwar,GIDC, Ankleshwar - GPCB,,,,,,,,,,,,,,,,,,,,,,,,,,,,,,,,,,,,,,,
01-Jul-2015,14:00,01-Jul-2015,14:15,Gujarat,Ankleshwar,GIDC, Ankleshwar - GPCB,,,,,,,,,,,,,,,,,,,,,,,,,,,,,,,,,,,,,,,
01-Jul-2015,14:15,01-Jul-2015,14:30,Gujarat,Ankleshwar,GIDC, Ankleshwar - GPCB,,,,,,,,,,,,,,,,,,,,,,,,,,,,,,,,,,,,,,,
01-Jul-2015,14:30,01-Jul-2015,14:45,Gujarat,Ankleshwar,GIDC, Ankleshwar - GPCB,,,,,,,,,,,,,,,,,,,,,,,,,,,,,,,,,,,,,,,
01-Jul-2015,14:45,01-Jul-2015,15:00,Gujarat,Ankleshwar,GIDC, Ankleshwar - GPCB,,,,,,,,,,,,,,,,,,,,,,,,,,,,,,,,,,,,,,,
01-Jul-2015,15:00,01-Jul-2015,15:15,Gujarat,Ankleshwar,GIDC, Ankleshwar - GPCB,,,,,,,,,,,,,,,,,,,,,,,,,,,,,,,,,,,,,,,
01-Jul-2015,15:15,01-Jul-2015,15:30,Gujarat,Ankleshwar,GIDC, Ankleshwar - GPCB,,,,,,,,,,,,,,,,,,,,,,,,,,,,,,,,,,,,,,,
01-Jul-2015,15:30,01-Jul-2015,15:45,Gujarat,Ankleshwar,GIDC, Ankleshwar - GPCB,,,,,,,,,,,,,,,,,,,,,,,,,,,,,,,,,,,,,,,
01-Jul-2015,15:45,01-Jul-2015,16:00,Gujarat,Ankleshwar,GIDC, Ankleshwar - GPCB,,,,,,,,,,,,,,,,,,,,,,,,,,,,,,,,,,,,,,,
01-Jul-2015,16:00,01-Jul-2015,16:15,Gujarat,Ankleshwar,GIDC, Ankleshwar - GPCB,,,,,,,,,,,,,,,,,,,,,,,,,,,,,,,,,,,,,,,
01-Jul-2015,16:15,01-Jul-2015,16:30,Gujarat,Ankleshwar,GIDC, Ankleshwar - GPCB,,,,,,,,,,,,,,,,,,,,,,,,,,,,,,,,,,,,,,,
01-Jul-2015,16:30,01-Jul-2015,16:45,Gujarat,Ankleshwar,GIDC, Ankleshwar - GPCB,,,,,,,,,,,,,,,,,,,,,,,,,,,,,,,,,,,,,,,
01-Jul-2015,16:45,01-Jul-2015,17:00,Gujarat,Ankleshwar,GIDC, Ankleshwar - GPCB,,,,,,,,,,,,,,,,,,,,,,,,,,,,,,,,,,,,,,,
01-Jul-2015,17:00,01-Jul-2015,17:15,Gujarat,Ankleshwar,GIDC, Ankleshwar - GPCB,,,,,,,,,,,,,,,,,,,,,,,,,,,,,,,,,,,,,,,
01-Jul-2015,17:15,01-Jul-2015,17:30,Gujarat,Ankleshwar,GIDC, Ankleshwar - GPCB,,,,,,,,,,,,,,,,,,,,,,,,,,,,,,,,,,,,,,,
01-Jul-2015,17:30,01-Jul-2015,17:45,Gujarat,Ankleshwar,GIDC, Ankleshwar - GPCB,,,,,,,,,,,,,,,,,,,,,,,,,,,,,,,,,,,,,,,
01-Jul-2015,17:45,01-Jul-2015,18:00,Gujarat,Ankleshwar,GIDC, Ankleshwar - GPCB,,,,,,,,,,,,,,,,,,,,,,,,,,,,,,,,,,,,,,,
01-Jul-2015,18:00,01-Jul-2015,18:15,Gujarat,Ankleshwar,GIDC, Ankleshwar - GPCB,,,,,,,,,,,,,,,,,,,,,,,,,,,,,,,,,,,,,,,
01-Jul-2015,18:15,01-Jul-2015,18:30,Gujarat,Ankleshwar,GIDC, Ankleshwar - GPCB,,,,,,,,,,,,,,,,,,,,,,,,,,,,,,,,,,,,,,,
01-Jul-2015,18:30,01-Jul-2015,18:45,Gujarat,Ankleshwar,GIDC, Ankleshwar - GPCB,,,,,,,,,,,,,,,,,,,,,,,,,,,,,,,,,,,,,,,
01-Jul-2015,18:45,01-Jul-2015,19:00,Gujarat,Ankleshwar,GIDC, Ankleshwar - GPCB,,,,,,,,,,,,,,,,,,,,,,,,,,,,,,,,,,,,,,,
01-Jul-2015,19:00,01-Jul-2015,19:15,Gujarat,Ankleshwar,GIDC, Ankleshwar - GPCB,,,,,,,,,,,,,,,,,,,,,,,,,,,,,,,,,,,,,,,
01-Jul-2015,19:15,01-Jul-2015,19:30,Gujarat,Ankleshwar,GIDC, Ankleshwar - GPCB,,,,,,,,,,,,,,,,,,,,,,,,,,,,,,,,,,,,,,,
01-Jul-2015,19:30,01-Jul-2015,19:45,Gujarat,Ankleshwar,GIDC, Ankleshwar - GPCB,,,,,,,,,,,,,,,,,,,,,,,,,,,,,,,,,,,,,,,
01-Jul-2015,19:45,01-Jul-2015,20:00,Gujarat,Ankleshwar,GIDC, Ankleshwar - GPCB,,,,,,,,,,,,,,,,,,,,,,,,,,,,,,,,,,,,,,,
01-Jul-2015,20:00,01-Jul-2015,20:15,Gujarat,Ankleshwar,GIDC, Ankleshwar - GPCB,,,,,,,,,,,,,,,,,,,,,,,,,,,,,,,,,,,,,,,
01-Jul-2015,20:15,01-Jul-2015,20:30,Gujarat,Ankleshwar,GIDC, Ankleshwar - GPCB,,,,,,,,,,,,,,,,,,,,,,,,,,,,,,,,,,,,,,,
01-Jul-2015,20:30,01-Jul-2015,20:45,Gujarat,Ankleshwar,GIDC, Ankleshwar - GPCB,,,,,,,,,,,,,,,,,,,,,,,,,,,,,,,,,,,,,,,
01-Jul-2015,20:45,01-Jul-2015,21:00,Gujarat,Ankleshwar,GIDC, Ankleshwar - GPCB,,,,,,,,,,,,,,,,,,,,,,,,,,,,,,,,,,,,,,,
01-Jul-2015,21:00,01-Jul-2015,21:15,Gujarat,Ankleshwar,GIDC, Ankleshwar - GPCB,,,,,,,,,,,,,,,,,,,,,,,,,,,,,,,,,,,,,,,
01-Jul-2015,21:15,01-Jul-2015,21:30,Gujarat,Ankleshwar,GIDC, Ankleshwar - GPCB,,,,,,,,,,,,,,,,,,,,,,,,,,,,,,,,,,,,,,,
01-Jul-2015,21:30,01-Jul-2015,21:45,Gujarat,Ankleshwar,GIDC, Ankleshwar - GPCB,,,,,,,,,,,,,,,,,,,,,,,,,,,,,,,,,,,,,,,
01-Jul-2015,21:45,01-Jul-2015,22:00,Gujarat,Ankleshwar,GIDC, Ankleshwar - GPCB,,,,,,,,,,,,,,,,,,,,,,,,,,,,,,,,,,,,,,,
01-Jul-2015,22:00,01-Jul-2015,22:15,Gujarat,Ankleshwar,GIDC, Ankleshwar - GPCB,,,,,,,,,,,,,,,,,,,,,,,,,,,,,,,,,,,,,,,
01-Jul-2015,22:15,01-Jul-2015,22:30,Gujarat,Ankleshwar,GIDC, Ankleshwar - GPCB,,,,,,,,,,,,,,,,,,,,,,,,,,,,,,,,,,,,,,,
01-Jul-2015,22:30,01-Jul-2015,22:45,Gujarat,Ankleshwar,GIDC, Ankleshwar - GPCB,,,,,,,,,,,,,,,,,,,,,,,,,,,,,,,,,,,,,,,
01-Jul-2015,22:45,01-Jul-2015,23:00,Gujarat,Ankleshwar,GIDC, Ankleshwar - GPCB,,,,,,,,,,,,,,,,,,,,,,,,,,,,,,,,,,,,,,,
01-Jul-2015,23:00,01-Jul-2015,23:15,Gujarat,Ankleshwar,GIDC, Ankleshwar - GPCB,,,,,,,,,,,,,,,,,,,,,,,,,,,,,,,,,,,,,,,
01-Jul-2015,23:15,01-Jul-2015,23:30,Gujarat,Ankleshwar,GIDC, Ankleshwar - GPCB,,,,,,,,,,,,,,,,,,,,,,,,,,,,,,,,,,,,,,,
01-Jul-2015,23:30,01-Jul-2015,23:45,Gujarat,Ankleshwar,GIDC, Ankleshwar - GPCB,,,,,,,,,,,,,,,,,,,,,,,,,,,,,,,,,,,,,,,
01-Jul-2015,23:45,02-Jul-2015,00:00,Gujarat,Ankleshwar,GIDC, Ankleshwar - GPCB,,,,,,,,,,,,,,,,,,,,,,,,,,,,,,,,,,,,,,,
02-Jul-2015,00:00,02-Jul-2015,00:15,Gujarat,Ankleshwar,GIDC, Ankleshwar - GPCB,,,,,,,,,,,,,,,,,,,,,,,,,,,,,,,,,,,,,,,
02-Jul-2015,00:15,02-Jul-2015,00:30,Gujarat,Ankleshwar,GIDC, Ankleshwar - GPCB,,,,,,,,,,,,,,,,,,,,,,,,,,,,,,,,,,,,,,,
02-Jul-2015,00:30,02-Jul-2015,00:45,Gujarat,Ankleshwar,GIDC, Ankleshwar - GPCB,,,,,,,,,,,,,,,,,,,,,,,,,,,,,,,,,,,,,,,
02-Jul-2015,00:45,02-Jul-2015,01:00,Gujarat,Ankleshwar,GIDC, Ankleshwar - GPCB,,,,,,,,,,,,,,,,,,,,,,,,,,,,,,,,,,,,,,,
02-Jul-2015,01:00,02-Jul-2015,01:15,Gujarat,Ankleshwar,GIDC, Ankleshwar - GPCB,,,,,,,,,,,,,,,,,,,,,,,,,,,,,,,,,,,,,,,
02-Jul-2015,01:15,02-Jul-2015,01:30,Gujarat,Ankleshwar,GIDC, Ankleshwar - GPCB,,,,,,,,,,,,,,,,,,,,,,,,,,,,,,,,,,,,,,,
02-Jul-2015,01:30,02-Jul-2015,01:45,Gujarat,Ankleshwar,GIDC, Ankleshwar - GPCB,,,,,,,,,,,,,,,,,,,,,,,,,,,,,,,,,,,,,,,
02-Jul-2015,01:45,02-Jul-2015,02:00,Gujarat,Ankleshwar,GIDC, Ankleshwar - GPCB,,,,,,,,,,,,,,,,,,,,,,,,,,,,,,,,,,,,,,,
02-Jul-2015,02:00,02-Jul-2015,02:15,Gujarat,Ankleshwar,GIDC, Ankleshwar - GPCB,,,,,,,,,,,,,,,,,,,,,,,,,,,,,,,,,,,,,,,
02-Jul-2015,02:15,02-Jul-2015,02:30,Gujarat,Ankleshwar,GIDC, Ankleshwar - GPCB,,,,,,,,,,,,,,,,,,,,,,,,,,,,,,,,,,,,,,,
02-Jul-2015,02:30,02-Jul-2015,02:45,Gujarat,Ankleshwar,GIDC, Ankleshwar - GPCB,,,,,,,,,,,,,,,,,,,,,,,,,,,,,,,,,,,,,,,
02-Jul-2015,02:45,02-Jul-2015,03:00,Gujarat,Ankleshwar,GIDC, Ankleshwar - GPCB,,,,,,,,,,,,,,,,,,,,,,,,,,,,,,,,,,,,,,,
02-Jul-2015,03:00,02-Jul-2015,03:15,Gujarat,Ankleshwar,GIDC, Ankleshwar - GPCB,,,,,,,,,,,,,,,,,,,,,,,,,,,,,,,,,,,,,,,
02-Jul-2015,03:15,02-Jul-2015,03:30,Gujarat,Ankleshwar,GIDC, Ankleshwar - GPCB,,,,,,,,,,,,,,,,,,,,,,,,,,,,,,,,,,,,,,,
02-Jul-2015,03:30,02-Jul-2015,03:45,Gujarat,Ankleshwar,GIDC, Ankleshwar - GPCB,,,,,,,,,,,,,,,,,,,,,,,,,,,,,,,,,,,,,,,
02-Jul-2015,03:45,02-Jul-2015,04:00,Gujarat,Ankleshwar,GIDC, Ankleshwar - GPCB,,,,,,,,,,,,,,,,,,,,,,,,,,,,,,,,,,,,,,,
02-Jul-2015,04:00,02-Jul-2015,04:15,Gujarat,Ankleshwar,GIDC, Ankleshwar - GPCB,,,,,,,,,,,,,,,,,,,,,,,,,,,,,,,,,,,,,,,
02-Jul-2015,04:15,02-Jul-2015,04:30,Gujarat,Ankleshwar,GIDC, Ankleshwar - GPCB,,,,,,,,,,,,,,,,,,,,,,,,,,,,,,,,,,,,,,,
02-Jul-2015,04:30,02-Jul-2015,04:45,Gujarat,Ankleshwar,GIDC, Ankleshwar - GPCB,,,,,,,,,,,,,,,,,,,,,,,,,,,,,,,,,,,,,,,
02-Jul-2015,04:45,02-Jul-2015,05:00,Gujarat,Ankleshwar,GIDC, Ankleshwar - GPCB,,,,,,,,,,,,,,,,,,,,,,,,,,,,,,,,,,,,,,,
02-Jul-2015,05:00,02-Jul-2015,05:15,Gujarat,Ankleshwar,GIDC, Ankleshwar - GPCB,,,,,,,,,,,,,,,,,,,,,,,,,,,,,,,,,,,,,,,
02-Jul-2015,05:15,02-Jul-2015,05:30,Gujarat,Ankleshwar,GIDC, Ankleshwar - GPCB,,,,,,,,,,,,,,,,,,,,,,,,,,,,,,,,,,,,,,,
02-Jul-2015,05:30,02-Jul-2015,05:45,Gujarat,Ankleshwar,GIDC, Ankleshwar - GPCB,,,,,,,,,,,,,,,,,,,,,,,,,,,,,,,,,,,,,,,
02-Jul-2015,05:45,02-Jul-2015,06:00,Gujarat,Ankleshwar,GIDC, Ankleshwar - GPCB,,,,,,,,,,,,,,,,,,,,,,,,,,,,,,,,,,,,,,,
02-Jul-2015,06:00,02-Jul-2015,06:15,Gujarat,Ankleshwar,GIDC, Ankleshwar - GPCB,,,,,,,,,,,,,,,,,,,,,,,,,,,,,,,,,,,,,,,
02-Jul-2015,06:15,02-Jul-2015,06:30,Gujarat,Ankleshwar,GIDC, Ankleshwar - GPCB,,,,,,,,,,,,,,,,,,,,,,,,,,,,,,,,,,,,,,,
02-Jul-2015,06:30,02-Jul-2015,06:45,Gujarat,Ankleshwar,GIDC, Ankleshwar - GPCB,,,,,,,,,,,,,,,,,,,,,,,,,,,,,,,,,,,,,,,
02-Jul-2015,06:45,02-Jul-2015,07:00,Gujarat,Ankleshwar,GIDC, Ankleshwar - GPCB,,,,,,,,,,,,,,,,,,,,,,,,,,,,,,,,,,,,,,,
02-Jul-2015,07:00,02-Jul-2015,07:15,Gujarat,Ankleshwar,GIDC, Ankleshwar - GPCB,,,,,,,,,,,,,,,,,,,,,,,,,,,,,,,,,,,,,,,
02-Jul-2015,07:15,02-Jul-2015,07:30,Gujarat,Ankleshwar,GIDC, Ankleshwar - GPCB,,,,,,,,,,,,,,,,,,,,,,,,,,,,,,,,,,,,,,,
02-Jul-2015,07:30,02-Jul-2015,07:45,Gujarat,Ankleshwar,GIDC, Ankleshwar - GPCB,,,,,,,,,,,,,,,,,,,,,,,,,,,,,,,,,,,,,,,
02-Jul-2015,07:45,02-Jul-2015,08:00,Gujarat,Ankleshwar,GIDC, Ankleshwar - GPCB,,,,,,,,,,,,,,,,,,,,,,,,,,,,,,,,,,,,,,,
02-Jul-2015,08:00,02-Jul-2015,08:15,Gujarat,Ankleshwar,GIDC, Ankleshwar - GPCB,,,,,,,,,,,,,,,,,,,,,,,,,,,,,,,,,,,,,,,
02-Jul-2015,08:15,02-Jul-2015,08:30,Gujarat,Ankleshwar,GIDC, Ankleshwar - GPCB,,,,,,,,,,,,,,,,,,,,,,,,,,,,,,,,,,,,,,,
02-Jul-2015,08:30,02-Jul-2015,08:45,Gujarat,Ankleshwar,GIDC, Ankleshwar - GPCB,,,,,,,,,,,,,,,,,,,,,,,,,,,,,,,,,,,,,,,
02-Jul-2015,08:45,02-Jul-2015,09:00,Gujarat,Ankleshwar,GIDC, Ankleshwar - GPCB,,,,,,,,,,,,,,,,,,,,,,,,,,,,,,,,,,,,,,,
02-Jul-2015,09:00,02-Jul-2015,09:15,Gujarat,Ankleshwar,GIDC, Ankleshwar - GPCB,,,,,,,,,,,,,,,,,,,,,,,,,,,,,,,,,,,,,,,
02-Jul-2015,09:15,02-Jul-2015,09:30,Gujarat,Ankleshwar,GIDC, Ankleshwar - GPCB,,,,,,,,,,,,,,,,,,,,,,,,,,,,,,,,,,,,,,,
02-Jul-2015,09:30,02-Jul-2015,09:45,Gujarat,Ankleshwar,GIDC, Ankleshwar - GPCB,,,,,,,,,,,,,,,,,,,,,,,,,,,,,,,,,,,,,,,
02-Jul-2015,09:45,02-Jul-2015,10:00,Gujarat,Ankleshwar,GIDC, Ankleshwar - GPCB,,,,,,,,,,,,,,,,,,,,,,,,,,,,,,,,,,,,,,,
02-Jul-2015,10:00,02-Jul-2015,10:15,Gujarat,Ankleshwar,GIDC, Ankleshwar - GPCB,,,,,,,,,,,,,,,,,,,,,,,,,,,,,,,,,,,,,,,
02-Jul-2015,10:15,02-Jul-2015,10:30,Gujarat,Ankleshwar,GIDC, Ankleshwar - GPCB,,,,,,,,,,,,,,,,,,,,,,,,,,,,,,,,,,,,,,,
02-Jul-2015,10:30,02-Jul-2015,10:45,Gujarat,Ankleshwar,GIDC, Ankleshwar - GPCB,,,,,,,,,,,,,,,,,,,,,,,,,,,,,,,,,,,,,,,
02-Jul-2015,10:45,02-Jul-2015,11:00,Gujarat,Ankleshwar,GIDC, Ankleshwar - GPCB,,,,,,,,,,,,,,,,,,,,,,,,,,,,,,,,,,,,,,,
02-Jul-2015,11:00,02-Jul-2015,11:15,Gujarat,Ankleshwar,GIDC, Ankleshwar - GPCB,,,,,,,,,,,,,,,,,,,,,,,,,,,,,,,,,,,,,,,
02-Jul-2015,11:15,02-Jul-2015,11:30,Gujarat,Ankleshwar,GIDC, Ankleshwar - GPCB,,,,,,,,,,,,,,,,,,,,,,,,,,,,,,,,,,,,,,,
02-Jul-2015,11:30,02-Jul-2015,11:45,Gujarat,Ankleshwar,GIDC, Ankleshwar - GPCB,,,,,,,,,,,,,,,,,,,,,,,,,,,,,,,,,,,,,,,
02-Jul-2015,11:45,02-Jul-2015,12:00,Gujarat,Ankleshwar,GIDC, Ankleshwar - GPCB,,,,,,,,,,,,,,,,,,,,,,,,,,,,,,,,,,,,,,,
02-Jul-2015,12:00,02-Jul-2015,12:15,Gujarat,Ankleshwar,GIDC, Ankleshwar - GPCB,,,,,,,,,,,,,,,,,,,,,,,,,,,,,,,,,,,,,,,
02-Jul-2015,12:15,02-Jul-2015,12:30,Gujarat,Ankleshwar,GIDC, Ankleshwar - GPCB,,,,,,,,,,,,,,,,,,,,,,,,,,,,,,,,,,,,,,,
02-Jul-2015,12:30,02-Jul-2015,12:45,Gujarat,Ankleshwar,GIDC, Ankleshwar - GPCB,,,,,,,,,,,,,,,,,,,,,,,,,,,,,,,,,,,,,,,
02-Jul-2015,12:45,02-Jul-2015,13:00,Gujarat,Ankleshwar,GIDC, Ankleshwar - GPCB,,,,,,,,,,,,,,,,,,,,,,,,,,,,,,,,,,,,,,,
02-Jul-2015,13:00,02-Jul-2015,13:15,Gujarat,Ankleshwar,GIDC, Ankleshwar - GPCB,,,,,,,,,,,,,,,,,,,,,,,,,,,,,,,,,,,,,,,
02-Jul-2015,13:15,02-Jul-2015,13:30,Gujarat,Ankleshwar,GIDC, Ankleshwar - GPCB,,,,,,,,,,,,,,,,,,,,,,,,,,,,,,,,,,,,,,,
02-Jul-2015,13:30,02-Jul-2015,13:45,Gujarat,Ankleshwar,GIDC, Ankleshwar - GPCB,,,,,,,,,,,,,,,,,,,,,,,,,,,,,,,,,,,,,,,
02-Jul-2015,13:45,02-Jul-2015,14:00,Gujarat,Ankleshwar,GIDC, Ankleshwar - GPCB,,,,,,,,,,,,,,,,,,,,,,,,,,,,,,,,,,,,,,,
02-Jul-2015,14:00,02-Jul-2015,14:15,Gujarat,Ankleshwar,GIDC, Ankleshwar - GPCB,,,,,,,,,,,,,,,,,,,,,,,,,,,,,,,,,,,,,,,
02-Jul-2015,14:15,02-Jul-2015,14:30,Gujarat,Ankleshwar,GIDC, Ankleshwar - GPCB,,,,,,,,,,,,,,,,,,,,,,,,,,,,,,,,,,,,,,,
02-Jul-2015,14:30,02-Jul-2015,14:45,Gujarat,Ankleshwar,GIDC, Ankleshwar - GPCB,,,,,,,,,,,,,,,,,,,,,,,,,,,,,,,,,,,,,,,
02-Jul-2015,14:45,02-Jul-2015,15:00,Gujarat,Ankleshwar,GIDC, Ankleshwar - GPCB,,,,,,,,,,,,,,,,,,,,,,,,,,,,,,,,,,,,,,,
02-Jul-2015,15:00,02-Jul-2015,15:15,Gujarat,Ankleshwar,GIDC, Ankleshwar - GPCB,,,,,,,,,,,,,,,,,,,,,,,,,,,,,,,,,,,,,,,
02-Jul-2015,15:15,02-Jul-2015,15:30,Gujarat,Ankleshwar,GIDC, Ankleshwar - GPCB,,,,,,,,,,,,,,,,,,,,,,,,,,,,,,,,,,,,,,,
02-Jul-2015,15:30,02-Jul-2015,15:45,Gujarat,Ankleshwar,GIDC, Ankleshwar - GPCB,,,,,,,,,,,,,,,,,,,,,,,,,,,,,,,,,,,,,,,
02-Jul-2015,15:45,02-Jul-2015,16:00,Gujarat,Ankleshwar,GIDC, Ankleshwar - GPCB,,,,,,,,,,,,,,,,,,,,,,,,,,,,,,,,,,,,,,,
02-Jul-2015,16:00,02-Jul-2015,16:15,Gujarat,Ankleshwar,GIDC, Ankleshwar - GPCB,,,,,,,,,,,,,,,,,,,,,,,,,,,,,,,,,,,,,,,
02-Jul-2015,16:15,02-Jul-2015,16:30,Gujarat,Ankleshwar,GIDC, Ankleshwar - GPCB,,,,,,,,,,,,,,,,,,,,,,,,,,,,,,,,,,,,,,,
02-Jul-2015,16:30,02-Jul-2015,16:45,Gujarat,Ankleshwar,GIDC, Ankleshwar - GPCB,,,,,,,,,,,,,,,,,,,,,,,,,,,,,,,,,,,,,,,
02-Jul-2015,16:45,02-Jul-2015,17:00,Gujarat,Ankleshwar,GIDC, Ankleshwar - GPCB,,,,,,,,,,,,,,,,,,,,,,,,,,,,,,,,,,,,,,,
02-Jul-2015,17:00,02-Jul-2015,17:15,Gujarat,Ankleshwar,GIDC, Ankleshwar - GPCB,,,,,,,,,,,,,,,,,,,,,,,,,,,,,,,,,,,,,,,
02-Jul-2015,17:15,02-Jul-2015,17:30,Gujarat,Ankleshwar,GIDC, Ankleshwar - GPCB,,,,,,,,,,,,,,,,,,,,,,,,,,,,,,,,,,,,,,,
02-Jul-2015,17:30,02-Jul-2015,17:45,Gujarat,Ankleshwar,GIDC, Ankleshwar - GPCB,,,,,,,,,,,,,,,,,,,,,,,,,,,,,,,,,,,,,,,
02-Jul-2015,17:45,02-Jul-2015,18:00,Gujarat,Ankleshwar,GIDC, Ankleshwar - GPCB,,,,,,,,,,,,,,,,,,,,,,,,,,,,,,,,,,,,,,,
02-Jul-2015,18:00,02-Jul-2015,18:15,Gujarat,Ankleshwar,GIDC, Ankleshwar - GPCB,,,,,,,,,,,,,,,,,,,,,,,,,,,,,,,,,,,,,,,
02-Jul-2015,18:15,02-Jul-2015,18:30,Gujarat,Ankleshwar,GIDC, Ankleshwar - GPCB,,,,,,,,,,,,,,,,,,,,,,,,,,,,,,,,,,,,,,,
02-Jul-2015,18:30,02-Jul-2015,18:45,Gujarat,Ankleshwar,GIDC, Ankleshwar - GPCB,,,,,,,,,,,,,,,,,,,,,,,,,,,,,,,,,,,,,,,
02-Jul-2015,18:45,02-Jul-2015,19:00,Gujarat,Ankleshwar,GIDC, Ankleshwar - GPCB,,,,,,,,,,,,,,,,,,,,,,,,,,,,,,,,,,,,,,,
02-Jul-2015,19:00,02-Jul-2015,19:15,Gujarat,Ankleshwar,GIDC, Ankleshwar - GPCB,,,,,,,,,,,,,,,,,,,,,,,,,,,,,,,,,,,,,,,
02-Jul-2015,19:15,02-Jul-2015,19:30,Gujarat,Ankleshwar,GIDC, Ankleshwar - GPCB,,,,,,,,,,,,,,,,,,,,,,,,,,,,,,,,,,,,,,,
02-Jul-2015,19:30,02-Jul-2015,19:45,Gujarat,Ankleshwar,GIDC, Ankleshwar - GPCB,,,,,,,,,,,,,,,,,,,,,,,,,,,,,,,,,,,,,,,
02-Jul-2015,19:45,02-Jul-2015,20:00,Gujarat,Ankleshwar,GIDC, Ankleshwar - GPCB,,,,,,,,,,,,,,,,,,,,,,,,,,,,,,,,,,,,,,,
02-Jul-2015,20:00,02-Jul-2015,20:15,Gujarat,Ankleshwar,GIDC, Ankleshwar - GPCB,,,,,,,,,,,,,,,,,,,,,,,,,,,,,,,,,,,,,,,
02-Jul-2015,20:15,02-Jul-2015,20:30,Gujarat,Ankleshwar,GIDC, Ankleshwar - GPCB,,,,,,,,,,,,,,,,,,,,,,,,,,,,,,,,,,,,,,,
02-Jul-2015,20:30,02-Jul-2015,20:45,Gujarat,Ankleshwar,GIDC, Ankleshwar - GPCB,,,,,,,,,,,,,,,,,,,,,,,,,,,,,,,,,,,,,,,
02-Jul-2015,20:45,02-Jul-2015,21:00,Gujarat,Ankleshwar,GIDC, Ankleshwar - GPCB,,,,,,,,,,,,,,,,,,,,,,,,,,,,,,,,,,,,,,,
02-Jul-2015,21:00,02-Jul-2015,21:15,Gujarat,Ankleshwar,GIDC, Ankleshwar - GPCB,,,,,,,,,,,,,,,,,,,,,,,,,,,,,,,,,,,,,,,
02-Jul-2015,21:15,02-Jul-2015,21:30,Gujarat,Ankleshwar,GIDC, Ankleshwar - GPCB,,,,,,,,,,,,,,,,,,,,,,,,,,,,,,,,,,,,,,,
02-Jul-2015,21:30,02-Jul-2015,21:45,Gujarat,Ankleshwar,GIDC, Ankleshwar - GPCB,,,,,,,,,,,,,,,,,,,,,,,,,,,,,,,,,,,,,,,
02-Jul-2015,21:45,02-Jul-2015,22:00,Gujarat,Ankleshwar,GIDC, Ankleshwar - GPCB,,,,,,,,,,,,,,,,,,,,,,,,,,,,,,,,,,,,,,,
02-Jul-2015,22:00,02-Jul-2015,22:15,Gujarat,Ankleshwar,GIDC, Ankleshwar - GPCB,,,,,,,,,,,,,,,,,,,,,,,,,,,,,,,,,,,,,,,
02-Jul-2015,22:15,02-Jul-2015,22:30,Gujarat,Ankleshwar,GIDC, Ankleshwar - GPCB,,,,,,,,,,,,,,,,,,,,,,,,,,,,,,,,,,,,,,,
02-Jul-2015,22:30,02-Jul-2015,22:45,Gujarat,Ankleshwar,GIDC, Ankleshwar - GPCB,,,,,,,,,,,,,,,,,,,,,,,,,,,,,,,,,,,,,,,
02-Jul-2015,22:45,02-Jul-2015,23:00,Gujarat,Ankleshwar,GIDC, Ankleshwar - GPCB,,,,,,,,,,,,,,,,,,,,,,,,,,,,,,,,,,,,,,,
02-Jul-2015,23:00,02-Jul-2015,23:15,Gujarat,Ankleshwar,GIDC, Ankleshwar - GPCB,,,,,,,,,,,,,,,,,,,,,,,,,,,,,,,,,,,,,,,
02-Jul-2015,23:15,02-Jul-2015,23:30,Gujarat,Ankleshwar,GIDC, Ankleshwar - GPCB,,,,,,,,,,,,,,,,,,,,,,,,,,,,,,,,,,,,,,,
02-Jul-2015,23:30,02-Jul-2015,23:45,Gujarat,Ankleshwar,GIDC, Ankleshwar - GPCB,,,,,,,,,,,,,,,,,,,,,,,,,,,,,,,,,,,,,,,
02-Jul-2015,23:45,03-Jul-2015,00:00,Gujarat,Ankleshwar,GIDC, Ankleshwar - GPCB,,,,,,,,,,,,,,,,,,,,,,,,,,,,,,,,,,,,,,,
03-Jul-2015,00:00,03-Jul-2015,00:15,Gujarat,Ankleshwar,GIDC, Ankleshwar - GPCB,,,,,,,,,,,,,,,,,,,,,,,,,,,,,,,,,,,,,,,
03-Jul-2015,00:15,03-Jul-2015,00:30,Gujarat,Ankleshwar,GIDC, Ankleshwar - GPCB,,,,,,,,,,,,,,,,,,,,,,,,,,,,,,,,,,,,,,,
03-Jul-2015,00:30,03-Jul-2015,00:45,Gujarat,Ankleshwar,GIDC, Ankleshwar - GPCB,,,,,,,,,,,,,,,,,,,,,,,,,,,,,,,,,,,,,,,
03-Jul-2015,00:45,03-Jul-2015,01:00,Gujarat,Ankleshwar,GIDC, Ankleshwar - GPCB,,,,,,,,,,,,,,,,,,,,,,,,,,,,,,,,,,,,,,,
03-Jul-2015,01:00,03-Jul-2015,01:15,Gujarat,Ankleshwar,GIDC, Ankleshwar - GPCB,,,,,,,,,,,,,,,,,,,,,,,,,,,,,,,,,,,,,,,
03-Jul-2015,01:15,03-Jul-2015,01:30,Gujarat,Ankleshwar,GIDC, Ankleshwar - GPCB,,,,,,,,,,,,,,,,,,,,,,,,,,,,,,,,,,,,,,,
03-Jul-2015,01:30,03-Jul-2015,01:45,Gujarat,Ankleshwar,GIDC, Ankleshwar - GPCB,,,,,,,,,,,,,,,,,,,,,,,,,,,,,,,,,,,,,,,
03-Jul-2015,01:45,03-Jul-2015,02:00,Gujarat,Ankleshwar,GIDC, Ankleshwar - GPCB,,,,,,,,,,,,,,,,,,,,,,,,,,,,,,,,,,,,,,,
03-Jul-2015,02:00,03-Jul-2015,02:15,Gujarat,Ankleshwar,GIDC, Ankleshwar - GPCB,,,,,,,,,,,,,,,,,,,,,,,,,,,,,,,,,,,,,,,
03-Jul-2015,02:15,03-Jul-2015,02:30,Gujarat,Ankleshwar,GIDC, Ankleshwar - GPCB,,,,,,,,,,,,,,,,,,,,,,,,,,,,,,,,,,,,,,,
03-Jul-2015,02:30,03-Jul-2015,02:45,Gujarat,Ankleshwar,GIDC, Ankleshwar - GPCB,,,,,,,,,,,,,,,,,,,,,,,,,,,,,,,,,,,,,,,
03-Jul-2015,02:45,03-Jul-2015,03:00,Gujarat,Ankleshwar,GIDC, Ankleshwar - GPCB,,,,,,,,,,,,,,,,,,,,,,,,,,,,,,,,,,,,,,,
03-Jul-2015,03:00,03-Jul-2015,03:15,Gujarat,Ankleshwar,GIDC, Ankleshwar - GPCB,,,,,,,,,,,,,,,,,,,,,,,,,,,,,,,,,,,,,,,
03-Jul-2015,03:15,03-Jul-2015,03:30,Gujarat,Ankleshwar,GIDC, Ankleshwar - GPCB,,,,,,,,,,,,,,,,,,,,,,,,,,,,,,,,,,,,,,,
03-Jul-2015,03:30,03-Jul-2015,03:45,Gujarat,Ankleshwar,GIDC, Ankleshwar - GPCB,,,,,,,,,,,,,,,,,,,,,,,,,,,,,,,,,,,,,,,
03-Jul-2015,03:45,03-Jul-2015,04:00,Gujarat,Ankleshwar,GIDC, Ankleshwar - GPCB,,,,,,,,,,,,,,,,,,,,,,,,,,,,,,,,,,,,,,,
03-Jul-2015,04:00,03-Jul-2015,04:15,Gujarat,Ankleshwar,GIDC, Ankleshwar - GPCB,,,,,,,,,,,,,,,,,,,,,,,,,,,,,,,,,,,,,,,
03-Jul-2015,04:15,03-Jul-2015,04:30,Gujarat,Ankleshwar,GIDC, Ankleshwar - GPCB,,,,,,,,,,,,,,,,,,,,,,,,,,,,,,,,,,,,,,,
03-Jul-2015,04:30,03-Jul-2015,04:45,Gujarat,Ankleshwar,GIDC, Ankleshwar - GPCB,,,,,,,,,,,,,,,,,,,,,,,,,,,,,,,,,,,,,,,
03-Jul-2015,04:45,03-Jul-2015,05:00,Gujarat,Ankleshwar,GIDC, Ankleshwar - GPCB,,,,,,,,,,,,,,,,,,,,,,,,,,,,,,,,,,,,,,,
03-Jul-2015,05:00,03-Jul-2015,05:15,Gujarat,Ankleshwar,GIDC, Ankleshwar - GPCB,,,,,,,,,,,,,,,,,,,,,,,,,,,,,,,,,,,,,,,
03-Jul-2015,05:15,03-Jul-2015,05:30,Gujarat,Ankleshwar,GIDC, Ankleshwar - GPCB,,,,,,,,,,,,,,,,,,,,,,,,,,,,,,,,,,,,,,,
03-Jul-2015,05:30,03-Jul-2015,05:45,Gujarat,Ankleshwar,GIDC, Ankleshwar - GPCB,,,,,,,,,,,,,,,,,,,,,,,,,,,,,,,,,,,,,,,
03-Jul-2015,05:45,03-Jul-2015,06:00,Gujarat,Ankleshwar,GIDC, Ankleshwar - GPCB,,,,,,,,,,,,,,,,,,,,,,,,,,,,,,,,,,,,,,,
03-Jul-2015,06:00,03-Jul-2015,06:15,Gujarat,Ankleshwar,GIDC, Ankleshwar - GPCB,,,,,,,,,,,,,,,,,,,,,,,,,,,,,,,,,,,,,,,
03-Jul-2015,06:15,03-Jul-2015,06:30,Gujarat,Ankleshwar,GIDC, Ankleshwar - GPCB,,,,,,,,,,,,,,,,,,,,,,,,,,,,,,,,,,,,,,,
03-Jul-2015,06:30,03-Jul-2015,06:45,Gujarat,Ankleshwar,GIDC, Ankleshwar - GPCB,,,,,,,,,,,,,,,,,,,,,,,,,,,,,,,,,,,,,,,
03-Jul-2015,06:45,03-Jul-2015,07:00,Gujarat,Ankleshwar,GIDC, Ankleshwar - GPCB,,,,,,,,,,,,,,,,,,,,,,,,,,,,,,,,,,,,,,,
03-Jul-2015,07:00,03-Jul-2015,07:15,Gujarat,Ankleshwar,GIDC, Ankleshwar - GPCB,,,,,,,,,,,,,,,,,,,,,,,,,,,,,,,,,,,,,,,
03-Jul-2015,07:15,03-Jul-2015,07:30,Gujarat,Ankleshwar,GIDC, Ankleshwar - GPCB,,,,,,,,,,,,,,,,,,,,,,,,,,,,,,,,,,,,,,,
03-Jul-2015,07:30,03-Jul-2015,07:45,Gujarat,Ankleshwar,GIDC, Ankleshwar - GPCB,,,,,,,,,,,,,,,,,,,,,,,,,,,,,,,,,,,,,,,
03-Jul-2015,07:45,03-Jul-2015,08:00,Gujarat,Ankleshwar,GIDC, Ankleshwar - GPCB,,,,,,,,,,,,,,,,,,,,,,,,,,,,,,,,,,,,,,,
03-Jul-2015,08:00,03-Jul-2015,08:15,Gujarat,Ankleshwar,GIDC, Ankleshwar - GPCB,,,,,,,,,,,,,,,,,,,,,,,,,,,,,,,,,,,,,,,
03-Jul-2015,08:15,03-Jul-2015,08:30,Gujarat,Ankleshwar,GIDC, Ankleshwar - GPCB,,,,,,,,,,,,,,,,,,,,,,,,,,,,,,,,,,,,,,,
03-Jul-2015,08:30,03-Jul-2015,08:45,Gujarat,Ankleshwar,GIDC, Ankleshwar - GPCB,,,,,,,,,,,,,,,,,,,,,,,,,,,,,,,,,,,,,,,
03-Jul-2015,08:45,03-Jul-2015,09:00,Gujarat,Ankleshwar,GIDC, Ankleshwar - GPCB,,,,,,,,,,,,,,,,,,,,,,,,,,,,,,,,,,,,,,,
03-Jul-2015,09:00,03-Jul-2015,09:15,Gujarat,Ankleshwar,GIDC, Ankleshwar - GPCB,,,,,,,,,,,,,,,,,,,,,,,,,,,,,,,,,,,,,,,
03-Jul-2015,09:15,03-Jul-2015,09:30,Gujarat,Ankleshwar,GIDC, Ankleshwar - GPCB,,,,,,,,,,,,,,,,,,,,,,,,,,,,,,,,,,,,,,,
03-Jul-2015,09:30,03-Jul-2015,09:45,Gujarat,Ankleshwar,GIDC, Ankleshwar - GPCB,,,,,,,,,,,,,,,,,,,,,,,,,,,,,,,,,,,,,,,
03-Jul-2015,09:45,03-Jul-2015,10:00,Gujarat,Ankleshwar,GIDC, Ankleshwar - GPCB,,,,,,,,,,,,,,,,,,,,,,,,,,,,,,,,,,,,,,,
03-Jul-2015,10:00,03-Jul-2015,10:15,Gujarat,Ankleshwar,GIDC, Ankleshwar - GPCB,,,,,,,,,,,,,,,,,,,,,,,,,,,,,,,,,,,,,,,
03-Jul-2015,10:15,03-Jul-2015,10:30,Gujarat,Ankleshwar,GIDC, Ankleshwar - GPCB,,,,,,,,,,,,,,,,,,,,,,,,,,,,,,,,,,,,,,,
03-Jul-2015,10:30,03-Jul-2015,10:45,Gujarat,Ankleshwar,GIDC, Ankleshwar - GPCB,,,,,,,,,,,,,,,,,,,,,,,,,,,,,,,,,,,,,,,
03-Jul-2015,10:45,03-Jul-2015,11:00,Gujarat,Ankleshwar,GIDC, Ankleshwar - GPCB,,,,,,,,,,,,,,,,,,,,,,,,,,,,,,,,,,,,,,,
03-Jul-2015,11:00,03-Jul-2015,11:15,Gujarat,Ankleshwar,GIDC, Ankleshwar - GPCB,,,,,,,,,,,,,,,,,,,,,,,,,,,,,,,,,,,,,,,
03-Jul-2015,11:15,03-Jul-2015,11:30,Gujarat,Ankleshwar,GIDC, Ankleshwar - GPCB,,,,,,,,,,,,,,,,,,,,,,,,,,,,,,,,,,,,,,,
03-Jul-2015,11:30,03-Jul-2015,11:45,Gujarat,Ankleshwar,GIDC, Ankleshwar - GPCB,,,,,,,,,,,,,,,,,,,,,,,,,,,,,,,,,,,,,,,
03-Jul-2015,11:45,03-Jul-2015,12:00,Gujarat,Ankleshwar,GIDC, Ankleshwar - GPCB,,,,,,,,,,,,,,,,,,,,,,,,,,,,,,,,,,,,,,,
03-Jul-2015,12:00,03-Jul-2015,12:15,Gujarat,Ankleshwar,GIDC, Ankleshwar - GPCB,,,,,,,,,,,,,,,,,,,,,,,,,,,,,,,,,,,,,,,
03-Jul-2015,12:15,03-Jul-2015,12:30,Gujarat,Ankleshwar,GIDC, Ankleshwar - GPCB,,,,,,,,,,,,,,,,,,,,,,,,,,,,,,,,,,,,,,,
03-Jul-2015,12:30,03-Jul-2015,12:45,Gujarat,Ankleshwar,GIDC, Ankleshwar - GPCB,,,,,,,,,,,,,,,,,,,,,,,,,,,,,,,,,,,,,,,
03-Jul-2015,12:45,03-Jul-2015,13:00,Gujarat,Ankleshwar,GIDC, Ankleshwar - GPCB,,,,,,,,,,,,,,,,,,,,,,,,,,,,,,,,,,,,,,,
03-Jul-2015,13:00,03-Jul-2015,13:15,Gujarat,Ankleshwar,GIDC, Ankleshwar - GPCB,,,,,,,,,,,,,,,,,,,,,,,,,,,,,,,,,,,,,,,
03-Jul-2015,13:15,03-Jul-2015,13:30,Gujarat,Ankleshwar,GIDC, Ankleshwar - GPCB,,,,,,,,,,,,,,,,,,,,,,,,,,,,,,,,,,,,,,,
03-Jul-2015,13:30,03-Jul-2015,13:45,Gujarat,Ankleshwar,GIDC, Ankleshwar - GPCB,,,,,,,,,,,,,,,,,,,,,,,,,,,,,,,,,,,,,,,
03-Jul-2015,13:45,03-Jul-2015,14:00,Gujarat,Ankleshwar,GIDC, Ankleshwar - GPCB,,,,,,,,,,,,,,,,,,,,,,,,,,,,,,,,,,,,,,,
03-Jul-2015,14:00,03-Jul-2015,14:15,Gujarat,Ankleshwar,GIDC, Ankleshwar - GPCB,,,,,,,,,,,,,,,,,,,,,,,,,,,,,,,,,,,,,,,
03-Jul-2015,14:15,03-Jul-2015,14:30,Gujarat,Ankleshwar,GIDC, Ankleshwar - GPCB,,,,,,,,,,,,,,,,,,,,,,,,,,,,,,,,,,,,,,,
03-Jul-2015,14:30,03-Jul-2015,14:45,Gujarat,Ankleshwar,GIDC, Ankleshwar - GPCB,,,,,,,,,,,,,,,,,,,,,,,,,,,,,,,,,,,,,,,
03-Jul-2015,14:45,03-Jul-2015,15:00,Gujarat,Ankleshwar,GIDC, Ankleshwar - GPCB,,,,,,,,,,,,,,,,,,,,,,,,,,,,,,,,,,,,,,,
03-Jul-2015,15:00,03-Jul-2015,15:15,Gujarat,Ankleshwar,GIDC, Ankleshwar - GPCB,,,,,,,,,,,,,,,,,,,,,,,,,,,,,,,,,,,,,,,
03-Jul-2015,15:15,03-Jul-2015,15:30,Gujarat,Ankleshwar,GIDC, Ankleshwar - GPCB,,,,,,,,,,,,,,,,,,,,,,,,,,,,,,,,,,,,,,,
03-Jul-2015,15:30,03-Jul-2015,15:45,Gujarat,Ankleshwar,GIDC, Ankleshwar - GPCB,,,,,,,,,,,,,,,,,,,,,,,,,,,,,,,,,,,,,,,
03-Jul-2015,15:45,03-Jul-2015,16:00,Gujarat,Ankleshwar,GIDC, Ankleshwar - GPCB,,,,,,,,,,,,,,,,,,,,,,,,,,,,,,,,,,,,,,,
03-Jul-2015,16:00,03-Jul-2015,16:15,Gujarat,Ankleshwar,GIDC, Ankleshwar - GPCB,,,,,,,,,,,,,,,,,,,,,,,,,,,,,,,,,,,,,,,
03-Jul-2015,16:15,03-Jul-2015,16:30,Gujarat,Ankleshwar,GIDC, Ankleshwar - GPCB,,,,,,,,,,,,,,,,,,,,,,,,,,,,,,,,,,,,,,,
03-Jul-2015,16:30,03-Jul-2015,16:45,Gujarat,Ankleshwar,GIDC, Ankleshwar - GPCB,,,,,,,,,,,,,,,,,,,,,,,,,,,,,,,,,,,,,,,
03-Jul-2015,16:45,03-Jul-2015,17:00,Gujarat,Ankleshwar,GIDC, Ankleshwar - GPCB,,,,,,,,,,,,,,,,,,,,,,,,,,,,,,,,,,,,,,,
03-Jul-2015,17:00,03-Jul-2015,17:15,Gujarat,Ankleshwar,GIDC, Ankleshwar - GPCB,,,,,,,,,,,,,,,,,,,,,,,,,,,,,,,,,,,,,,,
03-Jul-2015,17:15,03-Jul-2015,17:30,Gujarat,Ankleshwar,GIDC, Ankleshwar - GPCB,,,,,,,,,,,,,,,,,,,,,,,,,,,,,,,,,,,,,,,
03-Jul-2015,17:30,03-Jul-2015,17:45,Gujarat,Ankleshwar,GIDC, Ankleshwar - GPCB,,,,,,,,,,,,,,,,,,,,,,,,,,,,,,,,,,,,,,,
03-Jul-2015,17:45,03-Jul-2015,18:00,Gujarat,Ankleshwar,GIDC, Ankleshwar - GPCB,,,,,,,,,,,,,,,,,,,,,,,,,,,,,,,,,,,,,,,
03-Jul-2015,18:00,03-Jul-2015,18:15,Gujarat,Ankleshwar,GIDC, Ankleshwar - GPCB,,,,,,,,,,,,,,,,,,,,,,,,,,,,,,,,,,,,,,,
03-Jul-2015,18:15,03-Jul-2015,18:30,Gujarat,Ankleshwar,GIDC, Ankleshwar - GPCB,,,,,,,,,,,,,,,,,,,,,,,,,,,,,,,,,,,,,,,
03-Jul-2015,18:30,03-Jul-2015,18:45,Gujarat,Ankleshwar,GIDC, Ankleshwar - GPCB,,,,,,,,,,,,,,,,,,,,,,,,,,,,,,,,,,,,,,,
03-Jul-2015,18:45,03-Jul-2015,19:00,Gujarat,Ankleshwar,GIDC, Ankleshwar - GPCB,,,,,,,,,,,,,,,,,,,,,,,,,,,,,,,,,,,,,,,
03-Jul-2015,19:00,03-Jul-2015,19:15,Gujarat,Ankleshwar,GIDC, Ankleshwar - GPCB,,,,,,,,,,,,,,,,,,,,,,,,,,,,,,,,,,,,,,,
03-Jul-2015,19:15,03-Jul-2015,19:30,Gujarat,Ankleshwar,GIDC, Ankleshwar - GPCB,,,,,,,,,,,,,,,,,,,,,,,,,,,,,,,,,,,,,,,
03-Jul-2015,19:30,03-Jul-2015,19:45,Gujarat,Ankleshwar,GIDC, Ankleshwar - GPCB,,,,,,,,,,,,,,,,,,,,,,,,,,,,,,,,,,,,,,,
03-Jul-2015,19:45,03-Jul-2015,20:00,Gujarat,Ankleshwar,GIDC, Ankleshwar - GPCB,,,,,,,,,,,,,,,,,,,,,,,,,,,,,,,,,,,,,,,
03-Jul-2015,20:00,03-Jul-2015,20:15,Gujarat,Ankleshwar,GIDC, Ankleshwar - GPCB,,,,,,,,,,,,,,,,,,,,,,,,,,,,,,,,,,,,,,,
03-Jul-2015,20:15,03-Jul-2015,20:30,Gujarat,Ankleshwar,GIDC, Ankleshwar - GPCB,,,,,,,,,,,,,,,,,,,,,,,,,,,,,,,,,,,,,,,
03-Jul-2015,20:30,03-Jul-2015,20:45,Gujarat,Ankleshwar,GIDC, Ankleshwar - GPCB,,,,,,,,,,,,,,,,,,,,,,,,,,,,,,,,,,,,,,,
03-Jul-2015,20:45,03-Jul-2015,21:00,Gujarat,Ankleshwar,GIDC, Ankleshwar - GPCB,,,,,,,,,,,,,,,,,,,,,,,,,,,,,,,,,,,,,,,
03-Jul-2015,21:00,03-Jul-2015,21:15,Gujarat,Ankleshwar,GIDC, Ankleshwar - GPCB,,,,,,,,,,,,,,,,,,,,,,,,,,,,,,,,,,,,,,,
03-Jul-2015,21:15,03-Jul-2015,21:30,Gujarat,Ankleshwar,GIDC, Ankleshwar - GPCB,,,,,,,,,,,,,,,,,,,,,,,,,,,,,,,,,,,,,,,
03-Jul-2015,21:30,03-Jul-2015,21:45,Gujarat,Ankleshwar,GIDC, Ankleshwar - GPCB,,,,,,,,,,,,,,,,,,,,,,,,,,,,,,,,,,,,,,,
03-Jul-2015,21:45,03-Jul-2015,22:00,Gujarat,Ankleshwar,GIDC, Ankleshwar - GPCB,,,,,,,,,,,,,,,,,,,,,,,,,,,,,,,,,,,,,,,
03-Jul-2015,22:00,03-Jul-2015,22:15,Gujarat,Ankleshwar,GIDC, Ankleshwar - GPCB,,,,,,,,,,,,,,,,,,,,,,,,,,,,,,,,,,,,,,,
03-Jul-2015,22:15,03-Jul-2015,22:30,Gujarat,Ankleshwar,GIDC, Ankleshwar - GPCB,,,,,,,,,,,,,,,,,,,,,,,,,,,,,,,,,,,,,,,
03-Jul-2015,22:30,03-Jul-2015,22:45,Gujarat,Ankleshwar,GIDC, Ankleshwar - GPCB,,,,,,,,,,,,,,,,,,,,,,,,,,,,,,,,,,,,,,,
03-Jul-2015,22:45,03-Jul-2015,23:00,Gujarat,Ankleshwar,GIDC, Ankleshwar - GPCB,,,,,,,,,,,,,,,,,,,,,,,,,,,,,,,,,,,,,,,
03-Jul-2015,23:00,03-Jul-2015,23:15,Gujarat,Ankleshwar,GIDC, Ankleshwar - GPCB,,,,,,,,,,,,,,,,,,,,,,,,,,,,,,,,,,,,,,,
03-Jul-2015,23:15,03-Jul-2015,23:30,Gujarat,Ankleshwar,GIDC, Ankleshwar - GPCB,,,,,,,,,,,,,,,,,,,,,,,,,,,,,,,,,,,,,,,
03-Jul-2015,23:30,03-Jul-2015,23:45,Gujarat,Ankleshwar,GIDC, Ankleshwar - GPCB,,,,,,,,,,,,,,,,,,,,,,,,,,,,,,,,,,,,,,,
03-Jul-2015,23:45,04-Jul-2015,00:00,Gujarat,Ankleshwar,GIDC, Ankleshwar - GPCB,,,,,,,,,,,,,,,,,,,,,,,,,,,,,,,,,,,,,,,
04-Jul-2015,00:00,04-Jul-2015,00:15,Gujarat,Ankleshwar,GIDC, Ankleshwar - GPCB,,,,,,,,,,,,,,,,,,,,,,,,,,,,,,,,,,,,,,,
04-Jul-2015,00:15,04-Jul-2015,00:30,Gujarat,Ankleshwar,GIDC, Ankleshwar - GPCB,,,,,,,,,,,,,,,,,,,,,,,,,,,,,,,,,,,,,,,
04-Jul-2015,00:30,04-Jul-2015,00:45,Gujarat,Ankleshwar,GIDC, Ankleshwar - GPCB,,,,,,,,,,,,,,,,,,,,,,,,,,,,,,,,,,,,,,,
04-Jul-2015,00:45,04-Jul-2015,01:00,Gujarat,Ankleshwar,GIDC, Ankleshwar - GPCB,,,,,,,,,,,,,,,,,,,,,,,,,,,,,,,,,,,,,,,
04-Jul-2015,01:00,04-Jul-2015,01:15,Gujarat,Ankleshwar,GIDC, Ankleshwar - GPCB,,,,,,,,,,,,,,,,,,,,,,,,,,,,,,,,,,,,,,,
04-Jul-2015,01:15,04-Jul-2015,01:30,Gujarat,Ankleshwar,GIDC, Ankleshwar - GPCB,,,,,,,,,,,,,,,,,,,,,,,,,,,,,,,,,,,,,,,
04-Jul-2015,01:30,04-Jul-2015,01:45,Gujarat,Ankleshwar,GIDC, Ankleshwar - GPCB,,,,,,,,,,,,,,,,,,,,,,,,,,,,,,,,,,,,,,,
04-Jul-2015,01:45,04-Jul-2015,02:00,Gujarat,Ankleshwar,GIDC, Ankleshwar - GPCB,,,,,,,,,,,,,,,,,,,,,,,,,,,,,,,,,,,,,,,
04-Jul-2015,02:00,04-Jul-2015,02:15,Gujarat,Ankleshwar,GIDC, Ankleshwar - GPCB,,,,,,,,,,,,,,,,,,,,,,,,,,,,,,,,,,,,,,,
04-Jul-2015,02:15,04-Jul-2015,02:30,Gujarat,Ankleshwar,GIDC, Ankleshwar - GPCB,,,,,,,,,,,,,,,,,,,,,,,,,,,,,,,,,,,,,,,
04-Jul-2015,02:30,04-Jul-2015,02:45,Gujarat,Ankleshwar,GIDC, Ankleshwar - GPCB,,,,,,,,,,,,,,,,,,,,,,,,,,,,,,,,,,,,,,,
04-Jul-2015,02:45,04-Jul-2015,03:00,Gujarat,Ankleshwar,GIDC, Ankleshwar - GPCB,,,,,,,,,,,,,,,,,,,,,,,,,,,,,,,,,,,,,,,
04-Jul-2015,03:00,04-Jul-2015,03:15,Gujarat,Ankleshwar,GIDC, Ankleshwar - GPCB,,,,,,,,,,,,,,,,,,,,,,,,,,,,,,,,,,,,,,,
04-Jul-2015,03:15,04-Jul-2015,03:30,Gujarat,Ankleshwar,GIDC, Ankleshwar - GPCB,,,,,,,,,,,,,,,,,,,,,,,,,,,,,,,,,,,,,,,
04-Jul-2015,03:30,04-Jul-2015,03:45,Gujarat,Ankleshwar,GIDC, Ankleshwar - GPCB,,,,,,,,,,,,,,,,,,,,,,,,,,,,,,,,,,,,,,,
04-Jul-2015,03:45,04-Jul-2015,04:00,Gujarat,Ankleshwar,GIDC, Ankleshwar - GPCB,,,,,,,,,,,,,,,,,,,,,,,,,,,,,,,,,,,,,,,
04-Jul-2015,04:00,04-Jul-2015,04:15,Gujarat,Ankleshwar,GIDC, Ankleshwar - GPCB,,,,,,,,,,,,,,,,,,,,,,,,,,,,,,,,,,,,,,,
04-Jul-2015,04:15,04-Jul-2015,04:30,Gujarat,Ankleshwar,GIDC, Ankleshwar - GPCB,,,,,,,,,,,,,,,,,,,,,,,,,,,,,,,,,,,,,,,
04-Jul-2015,04:30,04-Jul-2015,04:45,Gujarat,Ankleshwar,GIDC, Ankleshwar - GPCB,,,,,,,,,,,,,,,,,,,,,,,,,,,,,,,,,,,,,,,
04-Jul-2015,04:45,04-Jul-2015,05:00,Gujarat,Ankleshwar,GIDC, Ankleshwar - GPCB,,,,,,,,,,,,,,,,,,,,,,,,,,,,,,,,,,,,,,,
04-Jul-2015,05:00,04-Jul-2015,05:15,Gujarat,Ankleshwar,GIDC, Ankleshwar - GPCB,,,,,,,,,,,,,,,,,,,,,,,,,,,,,,,,,,,,,,,
04-Jul-2015,05:15,04-Jul-2015,05:30,Gujarat,Ankleshwar,GIDC, Ankleshwar - GPCB,,,,,,,,,,,,,,,,,,,,,,,,,,,,,,,,,,,,,,,
04-Jul-2015,05:30,04-Jul-2015,05:45,Gujarat,Ankleshwar,GIDC, Ankleshwar - GPCB,,,,,,,,,,,,,,,,,,,,,,,,,,,,,,,,,,,,,,,
04-Jul-2015,05:45,04-Jul-2015,06:00,Gujarat,Ankleshwar,GIDC, Ankleshwar - GPCB,,,,,,,,,,,,,,,,,,,,,,,,,,,,,,,,,,,,,,,
04-Jul-2015,06:00,04-Jul-2015,06:15,Gujarat,Ankleshwar,GIDC, Ankleshwar - GPCB,,,,,,,,,,,,,,,,,,,,,,,,,,,,,,,,,,,,,,,
04-Jul-2015,06:15,04-Jul-2015,06:30,Gujarat,Ankleshwar,GIDC, Ankleshwar - GPCB,,,,,,,,,,,,,,,,,,,,,,,,,,,,,,,,,,,,,,,
04-Jul-2015,06:30,04-Jul-2015,06:45,Gujarat,Ankleshwar,GIDC, Ankleshwar - GPCB,,,,,,,,,,,,,,,,,,,,,,,,,,,,,,,,,,,,,,,
04-Jul-2015,06:45,04-Jul-2015,07:00,Gujarat,Ankleshwar,GIDC, Ankleshwar - GPCB,,,,,,,,,,,,,,,,,,,,,,,,,,,,,,,,,,,,,,,
04-Jul-2015,07:00,04-Jul-2015,07:15,Gujarat,Ankleshwar,GIDC, Ankleshwar - GPCB,,,,,,,,,,,,,,,,,,,,,,,,,,,,,,,,,,,,,,,
04-Jul-2015,07:15,04-Jul-2015,07:30,Gujarat,Ankleshwar,GIDC, Ankleshwar - GPCB,,,,,,,,,,,,,,,,,,,,,,,,,,,,,,,,,,,,,,,
04-Jul-2015,07:30,04-Jul-2015,07:45,Gujarat,Ankleshwar,GIDC, Ankleshwar - GPCB,,,,,,,,,,,,,,,,,,,,,,,,,,,,,,,,,,,,,,,
04-Jul-2015,07:45,04-Jul-2015,08:00,Gujarat,Ankleshwar,GIDC, Ankleshwar - GPCB,,,,,,,,,,,,,,,,,,,,,,,,,,,,,,,,,,,,,,,
04-Jul-2015,08:00,04-Jul-2015,08:15,Gujarat,Ankleshwar,GIDC, Ankleshwar - GPCB,,,,,,,,,,,,,,,,,,,,,,,,,,,,,,,,,,,,,,,
04-Jul-2015,08:15,04-Jul-2015,08:30,Gujarat,Ankleshwar,GIDC, Ankleshwar - GPCB,,,,,,,,,,,,,,,,,,,,,,,,,,,,,,,,,,,,,,,
04-Jul-2015,08:30,04-Jul-2015,08:45,Gujarat,Ankleshwar,GIDC, Ankleshwar - GPCB,,,,,,,,,,,,,,,,,,,,,,,,,,,,,,,,,,,,,,,
04-Jul-2015,08:45,04-Jul-2015,09:00,Gujarat,Ankleshwar,GIDC, Ankleshwar - GPCB,,,,,,,,,,,,,,,,,,,,,,,,,,,,,,,,,,,,,,,
04-Jul-2015,09:00,04-Jul-2015,09:15,Gujarat,Ankleshwar,GIDC, Ankleshwar - GPCB,,,,,,,,,,,,,,,,,,,,,,,,,,,,,,,,,,,,,,,
04-Jul-2015,09:15,04-Jul-2015,09:30,Gujarat,Ankleshwar,GIDC, Ankleshwar - GPCB,,,,,,,,,,,,,,,,,,,,,,,,,,,,,,,,,,,,,,,
04-Jul-2015,09:30,04-Jul-2015,09:45,Gujarat,Ankleshwar,GIDC, Ankleshwar - GPCB,,,,,,,,,,,,,,,,,,,,,,,,,,,,,,,,,,,,,,,
04-Jul-2015,09:45,04-Jul-2015,10:00,Gujarat,Ankleshwar,GIDC, Ankleshwar - GPCB,,,,,,,,,,,,,,,,,,,,,,,,,,,,,,,,,,,,,,,
04-Jul-2015,10:00,04-Jul-2015,10:15,Gujarat,Ankleshwar,GIDC, Ankleshwar - GPCB,,,,,,,,,,,,,,,,,,,,,,,,,,,,,,,,,,,,,,,
04-Jul-2015,10:15,04-Jul-2015,10:30,Gujarat,Ankleshwar,GIDC, Ankleshwar - GPCB,,,,,,,,,,,,,,,,,,,,,,,,,,,,,,,,,,,,,,,
04-Jul-2015,10:30,04-Jul-2015,10:45,Gujarat,Ankleshwar,GIDC, Ankleshwar - GPCB,,,,,,,,,,,,,,,,,,,,,,,,,,,,,,,,,,,,,,,
04-Jul-2015,10:45,04-Jul-2015,11:00,Gujarat,Ankleshwar,GIDC, Ankleshwar - GPCB,,,,,,,,,,,,,,,,,,,,,,,,,,,,,,,,,,,,,,,
04-Jul-2015,11:00,04-Jul-2015,11:15,Gujarat,Ankleshwar,GIDC, Ankleshwar - GPCB,,,,,,,,,,,,,,,,,,,,,,,,,,,,,,,,,,,,,,,
04-Jul-2015,11:15,04-Jul-2015,11:30,Gujarat,Ankleshwar,GIDC, Ankleshwar - GPCB,,,,,,,,,,,,,,,,,,,,,,,,,,,,,,,,,,,,,,,
04-Jul-2015,11:30,04-Jul-2015,11:45,Gujarat,Ankleshwar,GIDC, Ankleshwar - GPCB,,,,,,,,,,,,,,,,,,,,,,,,,,,,,,,,,,,,,,,
04-Jul-2015,11:45,04-Jul-2015,12:00,Gujarat,Ankleshwar,GIDC, Ankleshwar - GPCB,,,,,,,,,,,,,,,,,,,,,,,,,,,,,,,,,,,,,,,
04-Jul-2015,12:00,04-Jul-2015,12:15,Gujarat,Ankleshwar,GIDC, Ankleshwar - GPCB,,,,,,,,,,,,,,,,,,,,,,,,,,,,,,,,,,,,,,,
04-Jul-2015,12:15,04-Jul-2015,12:30,Gujarat,Ankleshwar,GIDC, Ankleshwar - GPCB,,,,,,,,,,,,,,,,,,,,,,,,,,,,,,,,,,,,,,,
04-Jul-2015,12:30,04-Jul-2015,12:45,Gujarat,Ankleshwar,GIDC, Ankleshwar - GPCB,,,,,,,,,,,,,,,,,,,,,,,,,,,,,,,,,,,,,,,
04-Jul-2015,12:45,04-Jul-2015,13:00,Gujarat,Ankleshwar,GIDC, Ankleshwar - GPCB,,,,,,,,,,,,,,,,,,,,,,,,,,,,,,,,,,,,,,,
04-Jul-2015,13:00,04-Jul-2015,13:15,Gujarat,Ankleshwar,GIDC, Ankleshwar - GPCB,,,,,,,,,,,,,,,,,,,,,,,,,,,,,,,,,,,,,,,
04-Jul-2015,13:15,04-Jul-2015,13:30,Gujarat,Ankleshwar,GIDC, Ankleshwar - GPCB,,,,,,,,,,,,,,,,,,,,,,,,,,,,,,,,,,,,,,,
04-Jul-2015,13:30,04-Jul-2015,13:45,Gujarat,Ankleshwar,GIDC, Ankleshwar - GPCB,,,,,,,,,,,,,,,,,,,,,,,,,,,,,,,,,,,,,,,
04-Jul-2015,13:45,04-Jul-2015,14:00,Gujarat,Ankleshwar,GIDC, Ankleshwar - GPCB,,,,,,,,,,,,,,,,,,,,,,,,,,,,,,,,,,,,,,,
04-Jul-2015,14:00,04-Jul-2015,14:15,Gujarat,Ankleshwar,GIDC, Ankleshwar - GPCB,,,,,,,,,,,,,,,,,,,,,,,,,,,,,,,,,,,,,,,
04-Jul-2015,14:15,04-Jul-2015,14:30,Gujarat,Ankleshwar,GIDC, Ankleshwar - GPCB,,,,,,,,,,,,,,,,,,,,,,,,,,,,,,,,,,,,,,,
04-Jul-2015,14:30,04-Jul-2015,14:45,Gujarat,Ankleshwar,GIDC, Ankleshwar - GPCB,,,,,,,,,,,,,,,,,,,,,,,,,,,,,,,,,,,,,,,
04-Jul-2015,14:45,04-Jul-2015,15:00,Gujarat,Ankleshwar,GIDC, Ankleshwar - GPCB,,,,,,,,,,,,,,,,,,,,,,,,,,,,,,,,,,,,,,,
04-Jul-2015,15:00,04-Jul-2015,15:15,Gujarat,Ankleshwar,GIDC, Ankleshwar - GPCB,,,,,,,,,,,,,,,,,,,,,,,,,,,,,,,,,,,,,,,
04-Jul-2015,15:15,04-Jul-2015,15:30,Gujarat,Ankleshwar,GIDC, Ankleshwar - GPCB,,,,,,,,,,,,,,,,,,,,,,,,,,,,,,,,,,,,,,,
04-Jul-2015,15:30,04-Jul-2015,15:45,Gujarat,Ankleshwar,GIDC, Ankleshwar - GPCB,,,,,,,,,,,,,,,,,,,,,,,,,,,,,,,,,,,,,,,
04-Jul-2015,15:45,04-Jul-2015,16:00,Gujarat,Ankleshwar,GIDC, Ankleshwar - GPCB,,,,,,,,,,,,,,,,,,,,,,,,,,,,,,,,,,,,,,,
04-Jul-2015,16:00,04-Jul-2015,16:15,Gujarat,Ankleshwar,GIDC, Ankleshwar - GPCB,,,,,,,,,,,,,,,,,,,,,,,,,,,,,,,,,,,,,,,
04-Jul-2015,16:15,04-Jul-2015,16:30,Gujarat,Ankleshwar,GIDC, Ankleshwar - GPCB,,,,,,,,,,,,,,,,,,,,,,,,,,,,,,,,,,,,,,,
04-Jul-2015,16:30,04-Jul-2015,16:45,Gujarat,Ankleshwar,GIDC, Ankleshwar - GPCB,,,,,,,,,,,,,,,,,,,,,,,,,,,,,,,,,,,,,,,
04-Jul-2015,16:45,04-Jul-2015,17:00,Gujarat,Ankleshwar,GIDC, Ankleshwar - GPCB,,,,,,,,,,,,,,,,,,,,,,,,,,,,,,,,,,,,,,,
04-Jul-2015,17:00,04-Jul-2015,17:15,Gujarat,Ankleshwar,GIDC, Ankleshwar - GPCB,,,,,,,,,,,,,,,,,,,,,,,,,,,,,,,,,,,,,,,
04-Jul-2015,17:15,04-Jul-2015,17:30,Gujarat,Ankleshwar,GIDC, Ankleshwar - GPCB,,,,,,,,,,,,,,,,,,,,,,,,,,,,,,,,,,,,,,,
04-Jul-2015,17:30,04-Jul-2015,17:45,Gujarat,Ankleshwar,GIDC, Ankleshwar - GPCB,,,,,,,,,,,,,,,,,,,,,,,,,,,,,,,,,,,,,,,
04-Jul-2015,17:45,04-Jul-2015,18:00,Gujarat,Ankleshwar,GIDC, Ankleshwar - GPCB,,,,,,,,,,,,,,,,,,,,,,,,,,,,,,,,,,,,,,,
04-Jul-2015,18:00,04-Jul-2015,18:15,Gujarat,Ankleshwar,GIDC, Ankleshwar - GPCB,,,,,,,,,,,,,,,,,,,,,,,,,,,,,,,,,,,,,,,
04-Jul-2015,18:15,04-Jul-2015,18:30,Gujarat,Ankleshwar,GIDC, Ankleshwar - GPCB,,,,,,,,,,,,,,,,,,,,,,,,,,,,,,,,,,,,,,,
04-Jul-2015,18:30,04-Jul-2015,18:45,Gujarat,Ankleshwar,GIDC, Ankleshwar - GPCB,,,,,,,,,,,,,,,,,,,,,,,,,,,,,,,,,,,,,,,
04-Jul-2015,18:45,04-Jul-2015,19:00,Gujarat,Ankleshwar,GIDC, Ankleshwar - GPCB,,,,,,,,,,,,,,,,,,,,,,,,,,,,,,,,,,,,,,,
04-Jul-2015,19:00,04-Jul-2015,19:15,Gujarat,Ankleshwar,GIDC, Ankleshwar - GPCB,,,,,,,,,,,,,,,,,,,,,,,,,,,,,,,,,,,,,,,
04-Jul-2015,19:15,04-Jul-2015,19:30,Gujarat,Ankleshwar,GIDC, Ankleshwar - GPCB,,,,,,,,,,,,,,,,,,,,,,,,,,,,,,,,,,,,,,,
04-Jul-2015,19:30,04-Jul-2015,19:45,Gujarat,Ankleshwar,GIDC, Ankleshwar - GPCB,,,,,,,,,,,,,,,,,,,,,,,,,,,,,,,,,,,,,,,
04-Jul-2015,19:45,04-Jul-2015,20:00,Gujarat,Ankleshwar,GIDC, Ankleshwar - GPCB,,,,,,,,,,,,,,,,,,,,,,,,,,,,,,,,,,,,,,,
04-Jul-2015,20:00,04-Jul-2015,20:15,Gujarat,Ankleshwar,GIDC, Ankleshwar - GPCB,,,,,,,,,,,,,,,,,,,,,,,,,,,,,,,,,,,,,,,
04-Jul-2015,20:15,04-Jul-2015,20:30,Gujarat,Ankleshwar,GIDC, Ankleshwar - GPCB,,,,,,,,,,,,,,,,,,,,,,,,,,,,,,,,,,,,,,,
04-Jul-2015,20:30,04-Jul-2015,20:45,Gujarat,Ankleshwar,GIDC, Ankleshwar - GPCB,,,,,,,,,,,,,,,,,,,,,,,,,,,,,,,,,,,,,,,
04-Jul-2015,20:45,04-Jul-2015,21:00,Gujarat,Ankleshwar,GIDC, Ankleshwar - GPCB,,,,,,,,,,,,,,,,,,,,,,,,,,,,,,,,,,,,,,,
04-Jul-2015,21:00,04-Jul-2015,21:15,Gujarat,Ankleshwar,GIDC, Ankleshwar - GPCB,,,,,,,,,,,,,,,,,,,,,,,,,,,,,,,,,,,,,,,
04-Jul-2015,21:15,04-Jul-2015,21:30,Gujarat,Ankleshwar,GIDC, Ankleshwar - GPCB,,,,,,,,,,,,,,,,,,,,,,,,,,,,,,,,,,,,,,,
04-Jul-2015,21:30,04-Jul-2015,21:45,Gujarat,Ankleshwar,GIDC, Ankleshwar - GPCB,,,,,,,,,,,,,,,,,,,,,,,,,,,,,,,,,,,,,,,
04-Jul-2015,21:45,04-Jul-2015,22:00,Gujarat,Ankleshwar,GIDC, Ankleshwar - GPCB,,,,,,,,,,,,,,,,,,,,,,,,,,,,,,,,,,,,,,,
04-Jul-2015,22:00,04-Jul-2015,22:15,Gujarat,Ankleshwar,GIDC, Ankleshwar - GPCB,,,,,,,,,,,,,,,,,,,,,,,,,,,,,,,,,,,,,,,
04-Jul-2015,22:15,04-Jul-2015,22:30,Gujarat,Ankleshwar,GIDC, Ankleshwar - GPCB,,,,,,,,,,,,,,,,,,,,,,,,,,,,,,,,,,,,,,,
04-Jul-2015,22:30,04-Jul-2015,22:45,Gujarat,Ankleshwar,GIDC, Ankleshwar - GPCB,,,,,,,,,,,,,,,,,,,,,,,,,,,,,,,,,,,,,,,
04-Jul-2015,22:45,04-Jul-2015,23:00,Gujarat,Ankleshwar,GIDC, Ankleshwar - GPCB,,,,,,,,,,,,,,,,,,,,,,,,,,,,,,,,,,,,,,,
04-Jul-2015,23:00,04-Jul-2015,23:15,Gujarat,Ankleshwar,GIDC, Ankleshwar - GPCB,,,,,,,,,,,,,,,,,,,,,,,,,,,,,,,,,,,,,,,
04-Jul-2015,23:15,04-Jul-2015,23:30,Gujarat,Ankleshwar,GIDC, Ankleshwar - GPCB,,,,,,,,,,,,,,,,,,,,,,,,,,,,,,,,,,,,,,,
04-Jul-2015,23:30,04-Jul-2015,23:45,Gujarat,Ankleshwar,GIDC, Ankleshwar - GPCB,,,,,,,,,,,,,,,,,,,,,,,,,,,,,,,,,,,,,,,
04-Jul-2015,23:45,05-Jul-2015,00:00,Gujarat,Ankleshwar,GIDC, Ankleshwar - GPCB,,,,,,,,,,,,,,,,,,,,,,,,,,,,,,,,,,,,,,,
05-Jul-2015,00:00,05-Jul-2015,00:15,Gujarat,Ankleshwar,GIDC, Ankleshwar - GPCB,,,,,,,,,,,,,,,,,,,,,,,,,,,,,,,,,,,,,,,
05-Jul-2015,00:15,05-Jul-2015,00:30,Gujarat,Ankleshwar,GIDC, Ankleshwar - GPCB,,,,,,,,,,,,,,,,,,,,,,,,,,,,,,,,,,,,,,,
05-Jul-2015,00:30,05-Jul-2015,00:45,Gujarat,Ankleshwar,GIDC, Ankleshwar - GPCB,,,,,,,,,,,,,,,,,,,,,,,,,,,,,,,,,,,,,,,
05-Jul-2015,00:45,05-Jul-2015,01:00,Gujarat,Ankleshwar,GIDC, Ankleshwar - GPCB,,,,,,,,,,,,,,,,,,,,,,,,,,,,,,,,,,,,,,,
05-Jul-2015,01:00,05-Jul-2015,01:15,Gujarat,Ankleshwar,GIDC, Ankleshwar - GPCB,,,,,,,,,,,,,,,,,,,,,,,,,,,,,,,,,,,,,,,
05-Jul-2015,01:15,05-Jul-2015,01:30,Gujarat,Ankleshwar,GIDC, Ankleshwar - GPCB,,,,,,,,,,,,,,,,,,,,,,,,,,,,,,,,,,,,,,,
05-Jul-2015,01:30,05-Jul-2015,01:45,Gujarat,Ankleshwar,GIDC, Ankleshwar - GPCB,,,,,,,,,,,,,,,,,,,,,,,,,,,,,,,,,,,,,,,
05-Jul-2015,01:45,05-Jul-2015,02:00,Gujarat,Ankleshwar,GIDC, Ankleshwar - GPCB,,,,,,,,,,,,,,,,,,,,,,,,,,,,,,,,,,,,,,,
05-Jul-2015,02:00,05-Jul-2015,02:15,Gujarat,Ankleshwar,GIDC, Ankleshwar - GPCB,,,,,,,,,,,,,,,,,,,,,,,,,,,,,,,,,,,,,,,
05-Jul-2015,02:15,05-Jul-2015,02:30,Gujarat,Ankleshwar,GIDC, Ankleshwar - GPCB,,,,,,,,,,,,,,,,,,,,,,,,,,,,,,,,,,,,,,,
05-Jul-2015,02:30,05-Jul-2015,02:45,Gujarat,Ankleshwar,GIDC, Ankleshwar - GPCB,,,,,,,,,,,,,,,,,,,,,,,,,,,,,,,,,,,,,,,
05-Jul-2015,02:45,05-Jul-2015,03:00,Gujarat,Ankleshwar,GIDC, Ankleshwar - GPCB,,,,,,,,,,,,,,,,,,,,,,,,,,,,,,,,,,,,,,,
05-Jul-2015,03:00,05-Jul-2015,03:15,Gujarat,Ankleshwar,GIDC, Ankleshwar - GPCB,,,,,,,,,,,,,,,,,,,,,,,,,,,,,,,,,,,,,,,
05-Jul-2015,03:15,05-Jul-2015,03:30,Gujarat,Ankleshwar,GIDC, Ankleshwar - GPCB,,,,,,,,,,,,,,,,,,,,,,,,,,,,,,,,,,,,,,,
05-Jul-2015,03:30,05-Jul-2015,03:45,Gujarat,Ankleshwar,GIDC, Ankleshwar - GPCB,,,,,,,,,,,,,,,,,,,,,,,,,,,,,,,,,,,,,,,
05-Jul-2015,03:45,05-Jul-2015,04:00,Gujarat,Ankleshwar,GIDC, Ankleshwar - GPCB,,,,,,,,,,,,,,,,,,,,,,,,,,,,,,,,,,,,,,,
05-Jul-2015,04:00,05-Jul-2015,04:15,Gujarat,Ankleshwar,GIDC, Ankleshwar - GPCB,,,,,,,,,,,,,,,,,,,,,,,,,,,,,,,,,,,,,,,
05-Jul-2015,04:15,05-Jul-2015,04:30,Gujarat,Ankleshwar,GIDC, Ankleshwar - GPCB,,,,,,,,,,,,,,,,,,,,,,,,,,,,,,,,,,,,,,,
05-Jul-2015,04:30,05-Jul-2015,04:45,Gujarat,Ankleshwar,GIDC, Ankleshwar - GPCB,,,,,,,,,,,,,,,,,,,,,,,,,,,,,,,,,,,,,,,
05-Jul-2015,04:45,05-Jul-2015,05:00,Gujarat,Ankleshwar,GIDC, Ankleshwar - GPCB,,,,,,,,,,,,,,,,,,,,,,,,,,,,,,,,,,,,,,,
05-Jul-2015,05:00,05-Jul-2015,05:15,Gujarat,Ankleshwar,GIDC, Ankleshwar - GPCB,,,,,,,,,,,,,,,,,,,,,,,,,,,,,,,,,,,,,,,
05-Jul-2015,05:15,05-Jul-2015,05:30,Gujarat,Ankleshwar,GIDC, Ankleshwar - GPCB,,,,,,,,,,,,,,,,,,,,,,,,,,,,,,,,,,,,,,,
05-Jul-2015,05:30,05-Jul-2015,05:45,Gujarat,Ankleshwar,GIDC, Ankleshwar - GPCB,,,,,,,,,,,,,,,,,,,,,,,,,,,,,,,,,,,,,,,
05-Jul-2015,05:45,05-Jul-2015,06:00,Gujarat,Ankleshwar,GIDC, Ankleshwar - GPCB,,,,,,,,,,,,,,,,,,,,,,,,,,,,,,,,,,,,,,,
05-Jul-2015,06:00,05-Jul-2015,06:15,Gujarat,Ankleshwar,GIDC, Ankleshwar - GPCB,,,,,,,,,,,,,,,,,,,,,,,,,,,,,,,,,,,,,,,
05-Jul-2015,06:15,05-Jul-2015,06:30,Gujarat,Ankleshwar,GIDC, Ankleshwar - GPCB,,,,,,,,,,,,,,,,,,,,,,,,,,,,,,,,,,,,,,,
05-Jul-2015,06:30,05-Jul-2015,06:45,Gujarat,Ankleshwar,GIDC, Ankleshwar - GPCB,,,,,,,,,,,,,,,,,,,,,,,,,,,,,,,,,,,,,,,
05-Jul-2015,06:45,05-Jul-2015,07:00,Gujarat,Ankleshwar,GIDC, Ankleshwar - GPCB,,,,,,,,,,,,,,,,,,,,,,,,,,,,,,,,,,,,,,,
05-Jul-2015,07:00,05-Jul-2015,07:15,Gujarat,Ankleshwar,GIDC, Ankleshwar - GPCB,,,,,,,,,,,,,,,,,,,,,,,,,,,,,,,,,,,,,,,
05-Jul-2015,07:15,05-Jul-2015,07:30,Gujarat,Ankleshwar,GIDC, Ankleshwar - GPCB,,,,,,,,,,,,,,,,,,,,,,,,,,,,,,,,,,,,,,,
05-Jul-2015,07:30,05-Jul-2015,07:45,Gujarat,Ankleshwar,GIDC, Ankleshwar - GPCB,,,,,,,,,,,,,,,,,,,,,,,,,,,,,,,,,,,,,,,
05-Jul-2015,07:45,05-Jul-2015,08:00,Gujarat,Ankleshwar,GIDC, Ankleshwar - GPCB,,,,,,,,,,,,,,,,,,,,,,,,,,,,,,,,,,,,,,,
05-Jul-2015,08:00,05-Jul-2015,08:15,Gujarat,Ankleshwar,GIDC, Ankleshwar - GPCB,,,,,,,,,,,,,,,,,,,,,,,,,,,,,,,,,,,,,,,
05-Jul-2015,08:15,05-Jul-2015,08:30,Gujarat,Ankleshwar,GIDC, Ankleshwar - GPCB,,,,,,,,,,,,,,,,,,,,,,,,,,,,,,,,,,,,,,,
05-Jul-2015,08:30,05-Jul-2015,08:45,Gujarat,Ankleshwar,GIDC, Ankleshwar - GPCB,,,,,,,,,,,,,,,,,,,,,,,,,,,,,,,,,,,,,,,
05-Jul-2015,08:45,05-Jul-2015,09:00,Gujarat,Ankleshwar,GIDC, Ankleshwar - GPCB,,,,,,,,,,,,,,,,,,,,,,,,,,,,,,,,,,,,,,,
05-Jul-2015,09:00,05-Jul-2015,09:15,Gujarat,Ankleshwar,GIDC, Ankleshwar - GPCB,,,,,,,,,,,,,,,,,,,,,,,,,,,,,,,,,,,,,,,
05-Jul-2015,09:15,05-Jul-2015,09:30,Gujarat,Ankleshwar,GIDC, Ankleshwar - GPCB,,,,,,,,,,,,,,,,,,,,,,,,,,,,,,,,,,,,,,,
05-Jul-2015,09:30,05-Jul-2015,09:45,Gujarat,Ankleshwar,GIDC, Ankleshwar - GPCB,,,,,,,,,,,,,,,,,,,,,,,,,,,,,,,,,,,,,,,
05-Jul-2015,09:45,05-Jul-2015,10:00,Gujarat,Ankleshwar,GIDC, Ankleshwar - GPCB,,,,,,,,,,,,,,,,,,,,,,,,,,,,,,,,,,,,,,,
05-Jul-2015,10:00,05-Jul-2015,10:15,Gujarat,Ankleshwar,GIDC, Ankleshwar - GPCB,,,,,,,,,,,,,,,,,,,,,,,,,,,,,,,,,,,,,,,
05-Jul-2015,10:15,05-Jul-2015,10:30,Gujarat,Ankleshwar,GIDC, Ankleshwar - GPCB,,,,,,,,,,,,,,,,,,,,,,,,,,,,,,,,,,,,,,,
05-Jul-2015,10:30,05-Jul-2015,10:45,Gujarat,Ankleshwar,GIDC, Ankleshwar - GPCB,,,,,,,,,,,,,,,,,,,,,,,,,,,,,,,,,,,,,,,
05-Jul-2015,10:45,05-Jul-2015,11:00,Gujarat,Ankleshwar,GIDC, Ankleshwar - GPCB,,,,,,,,,,,,,,,,,,,,,,,,,,,,,,,,,,,,,,,
05-Jul-2015,11:00,05-Jul-2015,11:15,Gujarat,Ankleshwar,GIDC, Ankleshwar - GPCB,,,,,,,,,,,,,,,,,,,,,,,,,,,,,,,,,,,,,,,
05-Jul-2015,11:15,05-Jul-2015,11:30,Gujarat,Ankleshwar,GIDC, Ankleshwar - GPCB,,,,,,,,,,,,,,,,,,,,,,,,,,,,,,,,,,,,,,,
05-Jul-2015,11:30,05-Jul-2015,11:45,Gujarat,Ankleshwar,GIDC, Ankleshwar - GPCB,,,,,,,,,,,,,,,,,,,,,,,,,,,,,,,,,,,,,,,
05-Jul-2015,11:45,05-Jul-2015,12:00,Gujarat,Ankleshwar,GIDC, Ankleshwar - GPCB,,,,,,,,,,,,,,,,,,,,,,,,,,,,,,,,,,,,,,,
05-Jul-2015,12:00,05-Jul-2015,12:15,Gujarat,Ankleshwar,GIDC, Ankleshwar - GPCB,,,,,,,,,,,,,,,,,,,,,,,,,,,,,,,,,,,,,,,
05-Jul-2015,12:15,05-Jul-2015,12:30,Gujarat,Ankleshwar,GIDC, Ankleshwar - GPCB,,,,,,,,,,,,,,,,,,,,,,,,,,,,,,,,,,,,,,,
05-Jul-2015,12:30,05-Jul-2015,12:45,Gujarat,Ankleshwar,GIDC, Ankleshwar - GPCB,,,,,,,,,,,,,,,,,,,,,,,,,,,,,,,,,,,,,,,
05-Jul-2015,12:45,05-Jul-2015,13:00,Gujarat,Ankleshwar,GIDC, Ankleshwar - GPCB,,,,,,,,,,,,,,,,,,,,,,,,,,,,,,,,,,,,,,,
05-Jul-2015,13:00,05-Jul-2015,13:15,Gujarat,Ankleshwar,GIDC, Ankleshwar - GPCB,,,,,,,,,,,,,,,,,,,,,,,,,,,,,,,,,,,,,,,
05-Jul-2015,13:15,05-Jul-2015,13:30,Gujarat,Ankleshwar,GIDC, Ankleshwar - GPCB,,,,,,,,,,,,,,,,,,,,,,,,,,,,,,,,,,,,,,,
05-Jul-2015,13:30,05-Jul-2015,13:45,Gujarat,Ankleshwar,GIDC, Ankleshwar - GPCB,,,,,,,,,,,,,,,,,,,,,,,,,,,,,,,,,,,,,,,
05-Jul-2015,13:45,05-Jul-2015,14:00,Gujarat,Ankleshwar,GIDC, Ankleshwar - GPCB,,,,,,,,,,,,,,,,,,,,,,,,,,,,,,,,,,,,,,,
05-Jul-2015,14:00,05-Jul-2015,14:15,Gujarat,Ankleshwar,GIDC, Ankleshwar - GPCB,,,,,,,,,,,,,,,,,,,,,,,,,,,,,,,,,,,,,,,
05-Jul-2015,14:15,05-Jul-2015,14:30,Gujarat,Ankleshwar,GIDC, Ankleshwar - GPCB,,,,,,,,,,,,,,,,,,,,,,,,,,,,,,,,,,,,,,,
05-Jul-2015,14:30,05-Jul-2015,14:45,Gujarat,Ankleshwar,GIDC, Ankleshwar - GPCB,,,,,,,,,,,,,,,,,,,,,,,,,,,,,,,,,,,,,,,
05-Jul-2015,14:45,05-Jul-2015,15:00,Gujarat,Ankleshwar,GIDC, Ankleshwar - GPCB,,,,,,,,,,,,,,,,,,,,,,,,,,,,,,,,,,,,,,,
05-Jul-2015,15:00,05-Jul-2015,15:15,Gujarat,Ankleshwar,GIDC, Ankleshwar - GPCB,,,,,,,,,,,,,,,,,,,,,,,,,,,,,,,,,,,,,,,
05-Jul-2015,15:15,05-Jul-2015,15:30,Gujarat,Ankleshwar,GIDC, Ankleshwar - GPCB,,,,,,,,,,,,,,,,,,,,,,,,,,,,,,,,,,,,,,,
05-Jul-2015,15:30,05-Jul-2015,15:45,Gujarat,Ankleshwar,GIDC, Ankleshwar - GPCB,,,,,,,,,,,,,,,,,,,,,,,,,,,,,,,,,,,,,,,
05-Jul-2015,15:45,05-Jul-2015,16:00,Gujarat,Ankleshwar,GIDC, Ankleshwar - GPCB,,,,,,,,,,,,,,,,,,,,,,,,,,,,,,,,,,,,,,,
05-Jul-2015,16:00,05-Jul-2015,16:15,Gujarat,Ankleshwar,GIDC, Ankleshwar - GPCB,,,,,,,,,,,,,,,,,,,,,,,,,,,,,,,,,,,,,,,
05-Jul-2015,16:15,05-Jul-2015,16:30,Gujarat,Ankleshwar,GIDC, Ankleshwar - GPCB,,,,,,,,,,,,,,,,,,,,,,,,,,,,,,,,,,,,,,,
05-Jul-2015,16:30,05-Jul-2015,16:45,Gujarat,Ankleshwar,GIDC, Ankleshwar - GPCB,,,,,,,,,,,,,,,,,,,,,,,,,,,,,,,,,,,,,,,
05-Jul-2015,16:45,05-Jul-2015,17:00,Gujarat,Ankleshwar,GIDC, Ankleshwar - GPCB,,,,,,,,,,,,,,,,,,,,,,,,,,,,,,,,,,,,,,,
05-Jul-2015,17:00,05-Jul-2015,17:15,Gujarat,Ankleshwar,GIDC, Ankleshwar - GPCB,,,,,,,,,,,,,,,,,,,,,,,,,,,,,,,,,,,,,,,
05-Jul-2015,17:15,05-Jul-2015,17:30,Gujarat,Ankleshwar,GIDC, Ankleshwar - GPCB,,,,,,,,,,,,,,,,,,,,,,,,,,,,,,,,,,,,,,,
05-Jul-2015,17:30,05-Jul-2015,17:45,Gujarat,Ankleshwar,GIDC, Ankleshwar - GPCB,,,,,,,,,,,,,,,,,,,,,,,,,,,,,,,,,,,,,,,
05-Jul-2015,17:45,05-Jul-2015,18:00,Gujarat,Ankleshwar,GIDC, Ankleshwar - GPCB,,,,,,,,,,,,,,,,,,,,,,,,,,,,,,,,,,,,,,,
05-Jul-2015,18:00,05-Jul-2015,18:15,Gujarat,Ankleshwar,GIDC, Ankleshwar - GPCB,,,,,,,,,,,,,,,,,,,,,,,,,,,,,,,,,,,,,,,
05-Jul-2015,18:15,05-Jul-2015,18:30,Gujarat,Ankleshwar,GIDC, Ankleshwar - GPCB,,,,,,,,,,,,,,,,,,,,,,,,,,,,,,,,,,,,,,,
05-Jul-2015,18:30,05-Jul-2015,18:45,Gujarat,Ankleshwar,GIDC, Ankleshwar - GPCB,,,,,,,,,,,,,,,,,,,,,,,,,,,,,,,,,,,,,,,
05-Jul-2015,18:45,05-Jul-2015,19:00,Gujarat,Ankleshwar,GIDC, Ankleshwar - GPCB,,,,,,,,,,,,,,,,,,,,,,,,,,,,,,,,,,,,,,,
05-Jul-2015,19:00,05-Jul-2015,19:15,Gujarat,Ankleshwar,GIDC, Ankleshwar - GPCB,,,,,,,,,,,,,,,,,,,,,,,,,,,,,,,,,,,,,,,
05-Jul-2015,19:15,05-Jul-2015,19:30,Gujarat,Ankleshwar,GIDC, Ankleshwar - GPCB,,,,,,,,,,,,,,,,,,,,,,,,,,,,,,,,,,,,,,,
05-Jul-2015,19:30,05-Jul-2015,19:45,Gujarat,Ankleshwar,GIDC, Ankleshwar - GPCB,,,,,,,,,,,,,,,,,,,,,,,,,,,,,,,,,,,,,,,
05-Jul-2015,19:45,05-Jul-2015,20:00,Gujarat,Ankleshwar,GIDC, Ankleshwar - GPCB,,,,,,,,,,,,,,,,,,,,,,,,,,,,,,,,,,,,,,,
05-Jul-2015,20:00,05-Jul-2015,20:15,Gujarat,Ankleshwar,GIDC, Ankleshwar - GPCB,,,,,,,,,,,,,,,,,,,,,,,,,,,,,,,,,,,,,,,
05-Jul-2015,20:15,05-Jul-2015,20:30,Gujarat,Ankleshwar,GIDC, Ankleshwar - GPCB,,,,,,,,,,,,,,,,,,,,,,,,,,,,,,,,,,,,,,,
05-Jul-2015,20:30,05-Jul-2015,20:45,Gujarat,Ankleshwar,GIDC, Ankleshwar - GPCB,,,,,,,,,,,,,,,,,,,,,,,,,,,,,,,,,,,,,,,
05-Jul-2015,20:45,05-Jul-2015,21:00,Gujarat,Ankleshwar,GIDC, Ankleshwar - GPCB,,,,,,,,,,,,,,,,,,,,,,,,,,,,,,,,,,,,,,,
05-Jul-2015,21:00,05-Jul-2015,21:15,Gujarat,Ankleshwar,GIDC, Ankleshwar - GPCB,,,,,,,,,,,,,,,,,,,,,,,,,,,,,,,,,,,,,,,
05-Jul-2015,21:15,05-Jul-2015,21:30,Gujarat,Ankleshwar,GIDC, Ankleshwar - GPCB,,,,,,,,,,,,,,,,,,,,,,,,,,,,,,,,,,,,,,,
05-Jul-2015,21:30,05-Jul-2015,21:45,Gujarat,Ankleshwar,GIDC, Ankleshwar - GPCB,,,,,,,,,,,,,,,,,,,,,,,,,,,,,,,,,,,,,,,
05-Jul-2015,21:45,05-Jul-2015,22:00,Gujarat,Ankleshwar,GIDC, Ankleshwar - GPCB,,,,,,,,,,,,,,,,,,,,,,,,,,,,,,,,,,,,,,,
05-Jul-2015,22:00,05-Jul-2015,22:15,Gujarat,Ankleshwar,GIDC, Ankleshwar - GPCB,,,,,,,,,,,,,,,,,,,,,,,,,,,,,,,,,,,,,,,
05-Jul-2015,22:15,05-Jul-2015,22:30,Gujarat,Ankleshwar,GIDC, Ankleshwar - GPCB,,,,,,,,,,,,,,,,,,,,,,,,,,,,,,,,,,,,,,,
05-Jul-2015,22:30,05-Jul-2015,22:45,Gujarat,Ankleshwar,GIDC, Ankleshwar - GPCB,,,,,,,,,,,,,,,,,,,,,,,,,,,,,,,,,,,,,,,
05-Jul-2015,22:45,05-Jul-2015,23:00,Gujarat,Ankleshwar,GIDC, Ankleshwar - GPCB,,,,,,,,,,,,,,,,,,,,,,,,,,,,,,,,,,,,,,,
05-Jul-2015,23:00,05-Jul-2015,23:15,Gujarat,Ankleshwar,GIDC, Ankleshwar - GPCB,,,,,,,,,,,,,,,,,,,,,,,,,,,,,,,,,,,,,,,
05-Jul-2015,23:15,05-Jul-2015,23:30,Gujarat,Ankleshwar,GIDC, Ankleshwar - GPCB,,,,,,,,,,,,,,,,,,,,,,,,,,,,,,,,,,,,,,,
05-Jul-2015,23:30,05-Jul-2015,23:45,Gujarat,Ankleshwar,GIDC, Ankleshwar - GPCB,,,,,,,,,,,,,,,,,,,,,,,,,,,,,,,,,,,,,,,
05-Jul-2015,23:45,06-Jul-2015,00:00,Gujarat,Ankleshwar,GIDC, Ankleshwar - GPCB,,,,,,,,,,,,,,,,,,,,,,,,,,,,,,,,,,,,,,,
06-Jul-2015,00:00,06-Jul-2015,00:15,Gujarat,Ankleshwar,GIDC, Ankleshwar - GPCB,,,,,,,,,,,,,,,,,,,,,,,,,,,,,,,,,,,,,,,
06-Jul-2015,00:15,06-Jul-2015,00:30,Gujarat,Ankleshwar,GIDC, Ankleshwar - GPCB,,,,,,,,,,,,,,,,,,,,,,,,,,,,,,,,,,,,,,,
06-Jul-2015,00:30,06-Jul-2015,00:45,Gujarat,Ankleshwar,GIDC, Ankleshwar - GPCB,,,,,,,,,,,,,,,,,,,,,,,,,,,,,,,,,,,,,,,
06-Jul-2015,00:45,06-Jul-2015,01:00,Gujarat,Ankleshwar,GIDC, Ankleshwar - GPCB,,,,,,,,,,,,,,,,,,,,,,,,,,,,,,,,,,,,,,,
06-Jul-2015,01:00,06-Jul-2015,01:15,Gujarat,Ankleshwar,GIDC, Ankleshwar - GPCB,,,,,,,,,,,,,,,,,,,,,,,,,,,,,,,,,,,,,,,
06-Jul-2015,01:15,06-Jul-2015,01:30,Gujarat,Ankleshwar,GIDC, Ankleshwar - GPCB,,,,,,,,,,,,,,,,,,,,,,,,,,,,,,,,,,,,,,,
06-Jul-2015,01:30,06-Jul-2015,01:45,Gujarat,Ankleshwar,GIDC, Ankleshwar - GPCB,,,,,,,,,,,,,,,,,,,,,,,,,,,,,,,,,,,,,,,
06-Jul-2015,01:45,06-Jul-2015,02:00,Gujarat,Ankleshwar,GIDC, Ankleshwar - GPCB,,,,,,,,,,,,,,,,,,,,,,,,,,,,,,,,,,,,,,,
06-Jul-2015,02:00,06-Jul-2015,02:15,Gujarat,Ankleshwar,GIDC, Ankleshwar - GPCB,,,,,,,,,,,,,,,,,,,,,,,,,,,,,,,,,,,,,,,
06-Jul-2015,02:15,06-Jul-2015,02:30,Gujarat,Ankleshwar,GIDC, Ankleshwar - GPCB,,,,,,,,,,,,,,,,,,,,,,,,,,,,,,,,,,,,,,,
06-Jul-2015,02:30,06-Jul-2015,02:45,Gujarat,Ankleshwar,GIDC, Ankleshwar - GPCB,,,,,,,,,,,,,,,,,,,,,,,,,,,,,,,,,,,,,,,
06-Jul-2015,02:45,06-Jul-2015,03:00,Gujarat,Ankleshwar,GIDC, Ankleshwar - GPCB,,,,,,,,,,,,,,,,,,,,,,,,,,,,,,,,,,,,,,,
06-Jul-2015,03:00,06-Jul-2015,03:15,Gujarat,Ankleshwar,GIDC, Ankleshwar - GPCB,,,,,,,,,,,,,,,,,,,,,,,,,,,,,,,,,,,,,,,
06-Jul-2015,03:15,06-Jul-2015,03:30,Gujarat,Ankleshwar,GIDC, Ankleshwar - GPCB,,,,,,,,,,,,,,,,,,,,,,,,,,,,,,,,,,,,,,,
06-Jul-2015,03:30,06-Jul-2015,03:45,Gujarat,Ankleshwar,GIDC, Ankleshwar - GPCB,,,,,,,,,,,,,,,,,,,,,,,,,,,,,,,,,,,,,,,
06-Jul-2015,03:45,06-Jul-2015,04:00,Gujarat,Ankleshwar,GIDC, Ankleshwar - GPCB,,,,,,,,,,,,,,,,,,,,,,,,,,,,,,,,,,,,,,,
06-Jul-2015,04:00,06-Jul-2015,04:15,Gujarat,Ankleshwar,GIDC, Ankleshwar - GPCB,,,,,,,,,,,,,,,,,,,,,,,,,,,,,,,,,,,,,,,
06-Jul-2015,04:15,06-Jul-2015,04:30,Gujarat,Ankleshwar,GIDC, Ankleshwar - GPCB,,,,,,,,,,,,,,,,,,,,,,,,,,,,,,,,,,,,,,,
06-Jul-2015,04:30,06-Jul-2015,04:45,Gujarat,Ankleshwar,GIDC, Ankleshwar - GPCB,,,,,,,,,,,,,,,,,,,,,,,,,,,,,,,,,,,,,,,
06-Jul-2015,04:45,06-Jul-2015,05:00,Gujarat,Ankleshwar,GIDC, Ankleshwar - GPCB,,,,,,,,,,,,,,,,,,,,,,,,,,,,,,,,,,,,,,,
06-Jul-2015,05:00,06-Jul-2015,05:15,Gujarat,Ankleshwar,GIDC, Ankleshwar - GPCB,,,,,,,,,,,,,,,,,,,,,,,,,,,,,,,,,,,,,,,
06-Jul-2015,05:15,06-Jul-2015,05:30,Gujarat,Ankleshwar,GIDC, Ankleshwar - GPCB,,,,,,,,,,,,,,,,,,,,,,,,,,,,,,,,,,,,,,,
06-Jul-2015,05:30,06-Jul-2015,05:45,Gujarat,Ankleshwar,GIDC, Ankleshwar - GPCB,,,,,,,,,,,,,,,,,,,,,,,,,,,,,,,,,,,,,,,
06-Jul-2015,05:45,06-Jul-2015,06:00,Gujarat,Ankleshwar,GIDC, Ankleshwar - GPCB,,,,,,,,,,,,,,,,,,,,,,,,,,,,,,,,,,,,,,,
06-Jul-2015,06:00,06-Jul-2015,06:15,Gujarat,Ankleshwar,GIDC, Ankleshwar - GPCB,,,,,,,,,,,,,,,,,,,,,,,,,,,,,,,,,,,,,,,
06-Jul-2015,06:15,06-Jul-2015,06:30,Gujarat,Ankleshwar,GIDC, Ankleshwar - GPCB,,,,,,,,,,,,,,,,,,,,,,,,,,,,,,,,,,,,,,,
06-Jul-2015,06:30,06-Jul-2015,06:45,Gujarat,Ankleshwar,GIDC, Ankleshwar - GPCB,,,,,,,,,,,,,,,,,,,,,,,,,,,,,,,,,,,,,,,
06-Jul-2015,06:45,06-Jul-2015,07:00,Gujarat,Ankleshwar,GIDC, Ankleshwar - GPCB,,,,,,,,,,,,,,,,,,,,,,,,,,,,,,,,,,,,,,,
06-Jul-2015,07:00,06-Jul-2015,07:15,Gujarat,Ankleshwar,GIDC, Ankleshwar - GPCB,,,,,,,,,,,,,,,,,,,,,,,,,,,,,,,,,,,,,,,
06-Jul-2015,07:15,06-Jul-2015,07:30,Gujarat,Ankleshwar,GIDC, Ankleshwar - GPCB,,,,,,,,,,,,,,,,,,,,,,,,,,,,,,,,,,,,,,,
06-Jul-2015,07:30,06-Jul-2015,07:45,Gujarat,Ankleshwar,GIDC, Ankleshwar - GPCB,,,,,,,,,,,,,,,,,,,,,,,,,,,,,,,,,,,,,,,
06-Jul-2015,07:45,06-Jul-2015,08:00,Gujarat,Ankleshwar,GIDC, Ankleshwar - GPCB,,,,,,,,,,,,,,,,,,,,,,,,,,,,,,,,,,,,,,,
06-Jul-2015,08:00,06-Jul-2015,08:15,Gujarat,Ankleshwar,GIDC, Ankleshwar - GPCB,,,,,,,,,,,,,,,,,,,,,,,,,,,,,,,,,,,,,,,
06-Jul-2015,08:15,06-Jul-2015,08:30,Gujarat,Ankleshwar,GIDC, Ankleshwar - GPCB,,,,,,,,,,,,,,,,,,,,,,,,,,,,,,,,,,,,,,,
06-Jul-2015,08:30,06-Jul-2015,08:45,Gujarat,Ankleshwar,GIDC, Ankleshwar - GPCB,,,,,,,,,,,,,,,,,,,,,,,,,,,,,,,,,,,,,,,
06-Jul-2015,08:45,06-Jul-2015,09:00,Gujarat,Ankleshwar,GIDC, Ankleshwar - GPCB,,,,,,,,,,,,,,,,,,,,,,,,,,,,,,,,,,,,,,,
06-Jul-2015,09:00,06-Jul-2015,09:15,Gujarat,Ankleshwar,GIDC, Ankleshwar - GPCB,,,,,,,,,,,,,,,,,,,,,,,,,,,,,,,,,,,,,,,
06-Jul-2015,09:15,06-Jul-2015,09:30,Gujarat,Ankleshwar,GIDC, Ankleshwar - GPCB,,,,,,,,,,,,,,,,,,,,,,,,,,,,,,,,,,,,,,,
06-Jul-2015,09:30,06-Jul-2015,09:45,Gujarat,Ankleshwar,GIDC, Ankleshwar - GPCB,,,,,,,,,,,,,,,,,,,,,,,,,,,,,,,,,,,,,,,
06-Jul-2015,09:45,06-Jul-2015,10:00,Gujarat,Ankleshwar,GIDC, Ankleshwar - GPCB,,,,,,,,,,,,,,,,,,,,,,,,,,,,,,,,,,,,,,,
06-Jul-2015,10:00,06-Jul-2015,10:15,Gujarat,Ankleshwar,GIDC, Ankleshwar - GPCB,,,,,,,,,,,,,,,,,,,,,,,,,,,,,,,,,,,,,,,
06-Jul-2015,10:15,06-Jul-2015,10:30,Gujarat,Ankleshwar,GIDC, Ankleshwar - GPCB,,,,,,,,,,,,,,,,,,,,,,,,,,,,,,,,,,,,,,,
06-Jul-2015,10:30,06-Jul-2015,10:45,Gujarat,Ankleshwar,GIDC, Ankleshwar - GPCB,,,,,,,,,,,,,,,,,,,,,,,,,,,,,,,,,,,,,,,
06-Jul-2015,10:45,06-Jul-2015,11:00,Gujarat,Ankleshwar,GIDC, Ankleshwar - GPCB,,,,,,,,,,,,,,,,,,,,,,,,,,,,,,,,,,,,,,,
06-Jul-2015,11:00,06-Jul-2015,11:15,Gujarat,Ankleshwar,GIDC, Ankleshwar - GPCB,,,,,,,,,,,,,,,,,,,,,,,,,,,,,,,,,,,,,,,
06-Jul-2015,11:15,06-Jul-2015,11:30,Gujarat,Ankleshwar,GIDC, Ankleshwar - GPCB,,,,,,,,,,,,,,,,,,,,,,,,,,,,,,,,,,,,,,,
06-Jul-2015,11:30,06-Jul-2015,11:45,Gujarat,Ankleshwar,GIDC, Ankleshwar - GPCB,,,,,,,,,,,,,,,,,,,,,,,,,,,,,,,,,,,,,,,
06-Jul-2015,11:45,06-Jul-2015,12:00,Gujarat,Ankleshwar,GIDC, Ankleshwar - GPCB,,,,,,,,,,,,,,,,,,,,,,,,,,,,,,,,,,,,,,,
06-Jul-2015,12:00,06-Jul-2015,12:15,Gujarat,Ankleshwar,GIDC, Ankleshwar - GPCB,,,,,,,,,,,,,,,,,,,,,,,,,,,,,,,,,,,,,,,
06-Jul-2015,12:15,06-Jul-2015,12:30,Gujarat,Ankleshwar,GIDC, Ankleshwar - GPCB,,,,,,,,,,,,,,,,,,,,,,,,,,,,,,,,,,,,,,,
06-Jul-2015,12:30,06-Jul-2015,12:45,Gujarat,Ankleshwar,GIDC, Ankleshwar - GPCB,,,,,,,,,,,,,,,,,,,,,,,,,,,,,,,,,,,,,,,
06-Jul-2015,12:45,06-Jul-2015,13:00,Gujarat,Ankleshwar,GIDC, Ankleshwar - GPCB,,,,,,,,,,,,,,,,,,,,,,,,,,,,,,,,,,,,,,,
06-Jul-2015,13:00,06-Jul-2015,13:15,Gujarat,Ankleshwar,GIDC, Ankleshwar - GPCB,,,,,,,,,,,,,,,,,,,,,,,,,,,,,,,,,,,,,,,
06-Jul-2015,13:15,06-Jul-2015,13:30,Gujarat,Ankleshwar,GIDC, Ankleshwar - GPCB,,,,,,,,,,,,,,,,,,,,,,,,,,,,,,,,,,,,,,,
06-Jul-2015,13:30,06-Jul-2015,13:45,Gujarat,Ankleshwar,GIDC, Ankleshwar - GPCB,,,,,,,,,,,,,,,,,,,,,,,,,,,,,,,,,,,,,,,
06-Jul-2015,13:45,06-Jul-2015,14:00,Gujarat,Ankleshwar,GIDC, Ankleshwar - GPCB,,,,,,,,,,,,,,,,,,,,,,,,,,,,,,,,,,,,,,,
06-Jul-2015,14:00,06-Jul-2015,14:15,Gujarat,Ankleshwar,GIDC, Ankleshwar - GPCB,,,,,,,,,,,,,,,,,,,,,,,,,,,,,,,,,,,,,,,
06-Jul-2015,14:15,06-Jul-2015,14:30,Gujarat,Ankleshwar,GIDC, Ankleshwar - GPCB,,,,,,,,,,,,,,,,,,,,,,,,,,,,,,,,,,,,,,,
06-Jul-2015,14:30,06-Jul-2015,14:45,Gujarat,Ankleshwar,GIDC, Ankleshwar - GPCB,,,,,,,,,,,,,,,,,,,,,,,,,,,,,,,,,,,,,,,
06-Jul-2015,14:45,06-Jul-2015,15:00,Gujarat,Ankleshwar,GIDC, Ankleshwar - GPCB,,,,,,,,,,,,,,,,,,,,,,,,,,,,,,,,,,,,,,,
06-Jul-2015,15:00,06-Jul-2015,15:15,Gujarat,Ankleshwar,GIDC, Ankleshwar - GPCB,,,,,,,,,,,,,,,,,,,,,,,,,,,,,,,,,,,,,,,
06-Jul-2015,15:15,06-Jul-2015,15:30,Gujarat,Ankleshwar,GIDC, Ankleshwar - GPCB,,,,,,,,,,,,,,,,,,,,,,,,,,,,,,,,,,,,,,,
06-Jul-2015,15:30,06-Jul-2015,15:45,Gujarat,Ankleshwar,GIDC, Ankleshwar - GPCB,,,,,,,,,,,,,,,,,,,,,,,,,,,,,,,,,,,,,,,
06-Jul-2015,15:45,06-Jul-2015,16:00,Gujarat,Ankleshwar,GIDC, Ankleshwar - GPCB,,,,,,,,,,,,,,,,,,,,,,,,,,,,,,,,,,,,,,,
06-Jul-2015,16:00,06-Jul-2015,16:15,Gujarat,Ankleshwar,GIDC, Ankleshwar - GPCB,,,,,,,,,,,,,,,,,,,,,,,,,,,,,,,,,,,,,,,
06-Jul-2015,16:15,06-Jul-2015,16:30,Gujarat,Ankleshwar,GIDC, Ankleshwar - GPCB,,,,,,,,,,,,,,,,,,,,,,,,,,,,,,,,,,,,,,,
06-Jul-2015,16:30,06-Jul-2015,16:45,Gujarat,Ankleshwar,GIDC, Ankleshwar - GPCB,,,,,,,,,,,,,,,,,,,,,,,,,,,,,,,,,,,,,,,
06-Jul-2015,16:45,06-Jul-2015,17:00,Gujarat,Ankleshwar,GIDC, Ankleshwar - GPCB,,,,,,,,,,,,,,,,,,,,,,,,,,,,,,,,,,,,,,,
06-Jul-2015,17:00,06-Jul-2015,17:15,Gujarat,Ankleshwar,GIDC, Ankleshwar - GPCB,,,,,,,,,,,,,,,,,,,,,,,,,,,,,,,,,,,,,,,
06-Jul-2015,17:15,06-Jul-2015,17:30,Gujarat,Ankleshwar,GIDC, Ankleshwar - GPCB,,,,,,,,,,,,,,,,,,,,,,,,,,,,,,,,,,,,,,,
06-Jul-2015,17:30,06-Jul-2015,17:45,Gujarat,Ankleshwar,GIDC, Ankleshwar - GPCB,,,,,,,,,,,,,,,,,,,,,,,,,,,,,,,,,,,,,,,
06-Jul-2015,17:45,06-Jul-2015,18:00,Gujarat,Ankleshwar,GIDC, Ankleshwar - GPCB,,,,,,,,,,,,,,,,,,,,,,,,,,,,,,,,,,,,,,,
06-Jul-2015,18:00,06-Jul-2015,18:15,Gujarat,Ankleshwar,GIDC, Ankleshwar - GPCB,,,,,,,,,,,,,,,,,,,,,,,,,,,,,,,,,,,,,,,
06-Jul-2015,18:15,06-Jul-2015,18:30,Gujarat,Ankleshwar,GIDC, Ankleshwar - GPCB,,,,,,,,,,,,,,,,,,,,,,,,,,,,,,,,,,,,,,,
06-Jul-2015,18:30,06-Jul-2015,18:45,Gujarat,Ankleshwar,GIDC, Ankleshwar - GPCB,,,,,,,,,,,,,,,,,,,,,,,,,,,,,,,,,,,,,,,
06-Jul-2015,18:45,06-Jul-2015,19:00,Gujarat,Ankleshwar,GIDC, Ankleshwar - GPCB,,,,,,,,,,,,,,,,,,,,,,,,,,,,,,,,,,,,,,,
06-Jul-2015,19:00,06-Jul-2015,19:15,Gujarat,Ankleshwar,GIDC, Ankleshwar - GPCB,,,,,,,,,,,,,,,,,,,,,,,,,,,,,,,,,,,,,,,
06-Jul-2015,19:15,06-Jul-2015,19:30,Gujarat,Ankleshwar,GIDC, Ankleshwar - GPCB,,,,,,,,,,,,,,,,,,,,,,,,,,,,,,,,,,,,,,,
06-Jul-2015,19:30,06-Jul-2015,19:45,Gujarat,Ankleshwar,GIDC, Ankleshwar - GPCB,,,,,,,,,,,,,,,,,,,,,,,,,,,,,,,,,,,,,,,
06-Jul-2015,19:45,06-Jul-2015,20:00,Gujarat,Ankleshwar,GIDC, Ankleshwar - GPCB,,,,,,,,,,,,,,,,,,,,,,,,,,,,,,,,,,,,,,,
06-Jul-2015,20:00,06-Jul-2015,20:15,Gujarat,Ankleshwar,GIDC, Ankleshwar - GPCB,,,,,,,,,,,,,,,,,,,,,,,,,,,,,,,,,,,,,,,
06-Jul-2015,20:15,06-Jul-2015,20:30,Gujarat,Ankleshwar,GIDC, Ankleshwar - GPCB,,,,,,,,,,,,,,,,,,,,,,,,,,,,,,,,,,,,,,,
06-Jul-2015,20:30,06-Jul-2015,20:45,Gujarat,Ankleshwar,GIDC, Ankleshwar - GPCB,,,,,,,,,,,,,,,,,,,,,,,,,,,,,,,,,,,,,,,
06-Jul-2015,20:45,06-Jul-2015,21:00,Gujarat,Ankleshwar,GIDC, Ankleshwar - GPCB,,,,,,,,,,,,,,,,,,,,,,,,,,,,,,,,,,,,,,,
06-Jul-2015,21:00,06-Jul-2015,21:15,Gujarat,Ankleshwar,GIDC, Ankleshwar - GPCB,,,,,,,,,,,,,,,,,,,,,,,,,,,,,,,,,,,,,,,
06-Jul-2015,21:15,06-Jul-2015,21:30,Gujarat,Ankleshwar,GIDC, Ankleshwar - GPCB,,,,,,,,,,,,,,,,,,,,,,,,,,,,,,,,,,,,,,,
06-Jul-2015,21:30,06-Jul-2015,21:45,Gujarat,Ankleshwar,GIDC, Ankleshwar - GPCB,,,,,,,,,,,,,,,,,,,,,,,,,,,,,,,,,,,,,,,
06-Jul-2015,21:45,06-Jul-2015,22:00,Gujarat,Ankleshwar,GIDC, Ankleshwar - GPCB,,,,,,,,,,,,,,,,,,,,,,,,,,,,,,,,,,,,,,,
06-Jul-2015,22:00,06-Jul-2015,22:15,Gujarat,Ankleshwar,GIDC, Ankleshwar - GPCB,,,,,,,,,,,,,,,,,,,,,,,,,,,,,,,,,,,,,,,
06-Jul-2015,22:15,06-Jul-2015,22:30,Gujarat,Ankleshwar,GIDC, Ankleshwar - GPCB,,,,,,,,,,,,,,,,,,,,,,,,,,,,,,,,,,,,,,,
06-Jul-2015,22:30,06-Jul-2015,22:45,Gujarat,Ankleshwar,GIDC, Ankleshwar - GPCB,,,,,,,,,,,,,,,,,,,,,,,,,,,,,,,,,,,,,,,
06-Jul-2015,22:45,06-Jul-2015,23:00,Gujarat,Ankleshwar,GIDC, Ankleshwar - GPCB,,,,,,,,,,,,,,,,,,,,,,,,,,,,,,,,,,,,,,,
06-Jul-2015,23:00,06-Jul-2015,23:15,Gujarat,Ankleshwar,GIDC, Ankleshwar - GPCB,,,,,,,,,,,,,,,,,,,,,,,,,,,,,,,,,,,,,,,
06-Jul-2015,23:15,06-Jul-2015,23:30,Gujarat,Ankleshwar,GIDC, Ankleshwar - GPCB,,,,,,,,,,,,,,,,,,,,,,,,,,,,,,,,,,,,,,,
06-Jul-2015,23:30,06-Jul-2015,23:45,Gujarat,Ankleshwar,GIDC, Ankleshwar - GPCB,,,,,,,,,,,,,,,,,,,,,,,,,,,,,,,,,,,,,,,
06-Jul-2015,23:45,07-Jul-2015,00:00,Gujarat,Ankleshwar,GIDC, Ankleshwar - GPCB,,,,,,,,,,,,,,,,,,,,,,,,,,,,,,,,,,,,,,,
07-Jul-2015,00:00,07-Jul-2015,00:15,Gujarat,Ankleshwar,GIDC, Ankleshwar - GPCB,,,,,,,,,,,,,,,,,,,,,,,,,,,,,,,,,,,,,,,
07-Jul-2015,00:15,07-Jul-2015,00:30,Gujarat,Ankleshwar,GIDC, Ankleshwar - GPCB,,,,,,,,,,,,,,,,,,,,,,,,,,,,,,,,,,,,,,,
07-Jul-2015,00:30,07-Jul-2015,00:45,Gujarat,Ankleshwar,GIDC, Ankleshwar - GPCB,,,,,,,,,,,,,,,,,,,,,,,,,,,,,,,,,,,,,,,
07-Jul-2015,00:45,07-Jul-2015,01:00,Gujarat,Ankleshwar,GIDC, Ankleshwar - GPCB,,,,,,,,,,,,,,,,,,,,,,,,,,,,,,,,,,,,,,,
07-Jul-2015,01:00,07-Jul-2015,01:15,Gujarat,Ankleshwar,GIDC, Ankleshwar - GPCB,,,,,,,,,,,,,,,,,,,,,,,,,,,,,,,,,,,,,,,
07-Jul-2015,01:15,07-Jul-2015,01:30,Gujarat,Ankleshwar,GIDC, Ankleshwar - GPCB,,,,,,,,,,,,,,,,,,,,,,,,,,,,,,,,,,,,,,,
07-Jul-2015,01:30,07-Jul-2015,01:45,Gujarat,Ankleshwar,GIDC, Ankleshwar - GPCB,,,,,,,,,,,,,,,,,,,,,,,,,,,,,,,,,,,,,,,
07-Jul-2015,01:45,07-Jul-2015,02:00,Gujarat,Ankleshwar,GIDC, Ankleshwar - GPCB,,,,,,,,,,,,,,,,,,,,,,,,,,,,,,,,,,,,,,,
07-Jul-2015,02:00,07-Jul-2015,02:15,Gujarat,Ankleshwar,GIDC, Ankleshwar - GPCB,,,,,,,,,,,,,,,,,,,,,,,,,,,,,,,,,,,,,,,
07-Jul-2015,02:15,07-Jul-2015,02:30,Gujarat,Ankleshwar,GIDC, Ankleshwar - GPCB,,,,,,,,,,,,,,,,,,,,,,,,,,,,,,,,,,,,,,,
07-Jul-2015,02:30,07-Jul-2015,02:45,Gujarat,Ankleshwar,GIDC, Ankleshwar - GPCB,,,,,,,,,,,,,,,,,,,,,,,,,,,,,,,,,,,,,,,
07-Jul-2015,02:45,07-Jul-2015,03:00,Gujarat,Ankleshwar,GIDC, Ankleshwar - GPCB,,,,,,,,,,,,,,,,,,,,,,,,,,,,,,,,,,,,,,,
07-Jul-2015,03:00,07-Jul-2015,03:15,Gujarat,Ankleshwar,GIDC, Ankleshwar - GPCB,,,,,,,,,,,,,,,,,,,,,,,,,,,,,,,,,,,,,,,
07-Jul-2015,03:15,07-Jul-2015,03:30,Gujarat,Ankleshwar,GIDC, Ankleshwar - GPCB,,,,,,,,,,,,,,,,,,,,,,,,,,,,,,,,,,,,,,,
07-Jul-2015,03:30,07-Jul-2015,03:45,Gujarat,Ankleshwar,GIDC, Ankleshwar - GPCB,,,,,,,,,,,,,,,,,,,,,,,,,,,,,,,,,,,,,,,
07-Jul-2015,03:45,07-Jul-2015,04:00,Gujarat,Ankleshwar,GIDC, Ankleshwar - GPCB,,,,,,,,,,,,,,,,,,,,,,,,,,,,,,,,,,,,,,,
07-Jul-2015,04:00,07-Jul-2015,04:15,Gujarat,Ankleshwar,GIDC, Ankleshwar - GPCB,,,,,,,,,,,,,,,,,,,,,,,,,,,,,,,,,,,,,,,
07-Jul-2015,04:15,07-Jul-2015,04:30,Gujarat,Ankleshwar,GIDC, Ankleshwar - GPCB,,,,,,,,,,,,,,,,,,,,,,,,,,,,,,,,,,,,,,,
07-Jul-2015,04:30,07-Jul-2015,04:45,Gujarat,Ankleshwar,GIDC, Ankleshwar - GPCB,,,,,,,,,,,,,,,,,,,,,,,,,,,,,,,,,,,,,,,
07-Jul-2015,04:45,07-Jul-2015,05:00,Gujarat,Ankleshwar,GIDC, Ankleshwar - GPCB,,,,,,,,,,,,,,,,,,,,,,,,,,,,,,,,,,,,,,,
07-Jul-2015,05:00,07-Jul-2015,05:15,Gujarat,Ankleshwar,GIDC, Ankleshwar - GPCB,,,,,,,,,,,,,,,,,,,,,,,,,,,,,,,,,,,,,,,
07-Jul-2015,05:15,07-Jul-2015,05:30,Gujarat,Ankleshwar,GIDC, Ankleshwar - GPCB,,,,,,,,,,,,,,,,,,,,,,,,,,,,,,,,,,,,,,,
07-Jul-2015,05:30,07-Jul-2015,05:45,Gujarat,Ankleshwar,GIDC, Ankleshwar - GPCB,,,,,,,,,,,,,,,,,,,,,,,,,,,,,,,,,,,,,,,
07-Jul-2015,05:45,07-Jul-2015,06:00,Gujarat,Ankleshwar,GIDC, Ankleshwar - GPCB,,,,,,,,,,,,,,,,,,,,,,,,,,,,,,,,,,,,,,,
07-Jul-2015,06:00,07-Jul-2015,06:15,Gujarat,Ankleshwar,GIDC, Ankleshwar - GPCB,,,,,,,,,,,,,,,,,,,,,,,,,,,,,,,,,,,,,,,
07-Jul-2015,06:15,07-Jul-2015,06:30,Gujarat,Ankleshwar,GIDC, Ankleshwar - GPCB,,,,,,,,,,,,,,,,,,,,,,,,,,,,,,,,,,,,,,,
07-Jul-2015,06:30,07-Jul-2015,06:45,Gujarat,Ankleshwar,GIDC, Ankleshwar - GPCB,,,,,,,,,,,,,,,,,,,,,,,,,,,,,,,,,,,,,,,
07-Jul-2015,06:45,07-Jul-2015,07:00,Gujarat,Ankleshwar,GIDC, Ankleshwar - GPCB,,,,,,,,,,,,,,,,,,,,,,,,,,,,,,,,,,,,,,,
07-Jul-2015,07:00,07-Jul-2015,07:15,Gujarat,Ankleshwar,GIDC, Ankleshwar - GPCB,,,,,,,,,,,,,,,,,,,,,,,,,,,,,,,,,,,,,,,
07-Jul-2015,07:15,07-Jul-2015,07:30,Gujarat,Ankleshwar,GIDC, Ankleshwar - GPCB,,,,,,,,,,,,,,,,,,,,,,,,,,,,,,,,,,,,,,,
07-Jul-2015,07:30,07-Jul-2015,07:45,Gujarat,Ankleshwar,GIDC, Ankleshwar - GPCB,,,,,,,,,,,,,,,,,,,,,,,,,,,,,,,,,,,,,,,
07-Jul-2015,07:45,07-Jul-2015,08:00,Gujarat,Ankleshwar,GIDC, Ankleshwar - GPCB,,,,,,,,,,,,,,,,,,,,,,,,,,,,,,,,,,,,,,,
07-Jul-2015,08:00,07-Jul-2015,08:15,Gujarat,Ankleshwar,GIDC, Ankleshwar - GPCB,,,,,,,,,,,,,,,,,,,,,,,,,,,,,,,,,,,,,,,
07-Jul-2015,08:15,07-Jul-2015,08:30,Gujarat,Ankleshwar,GIDC, Ankleshwar - GPCB,,,,,,,,,,,,,,,,,,,,,,,,,,,,,,,,,,,,,,,
07-Jul-2015,08:30,07-Jul-2015,08:45,Gujarat,Ankleshwar,GIDC, Ankleshwar - GPCB,,,,,,,,,,,,,,,,,,,,,,,,,,,,,,,,,,,,,,,
07-Jul-2015,08:45,07-Jul-2015,09:00,Gujarat,Ankleshwar,GIDC, Ankleshwar - GPCB,,,,,,,,,,,,,,,,,,,,,,,,,,,,,,,,,,,,,,,
07-Jul-2015,09:00,07-Jul-2015,09:15,Gujarat,Ankleshwar,GIDC, Ankleshwar - GPCB,,,,,,,,,,,,,,,,,,,,,,,,,,,,,,,,,,,,,,,
07-Jul-2015,09:15,07-Jul-2015,09:30,Gujarat,Ankleshwar,GIDC, Ankleshwar - GPCB,,,,,,,,,,,,,,,,,,,,,,,,,,,,,,,,,,,,,,,
07-Jul-2015,09:30,07-Jul-2015,09:45,Gujarat,Ankleshwar,GIDC, Ankleshwar - GPCB,,,,,,,,,,,,,,,,,,,,,,,,,,,,,,,,,,,,,,,
07-Jul-2015,09:45,07-Jul-2015,10:00,Gujarat,Ankleshwar,GIDC, Ankleshwar - GPCB,,,,,,,,,,,,,,,,,,,,,,,,,,,,,,,,,,,,,,,
07-Jul-2015,10:00,07-Jul-2015,10:15,Gujarat,Ankleshwar,GIDC, Ankleshwar - GPCB,,,,,,,,,,,,,,,,,,,,,,,,,,,,,,,,,,,,,,,
07-Jul-2015,10:15,07-Jul-2015,10:30,Gujarat,Ankleshwar,GIDC, Ankleshwar - GPCB,,,,,,,,,,,,,,,,,,,,,,,,,,,,,,,,,,,,,,,
07-Jul-2015,10:30,07-Jul-2015,10:45,Gujarat,Ankleshwar,GIDC, Ankleshwar - GPCB,,,,,,,,,,,,,,,,,,,,,,,,,,,,,,,,,,,,,,,
07-Jul-2015,10:45,07-Jul-2015,11:00,Gujarat,Ankleshwar,GIDC, Ankleshwar - GPCB,,,,,,,,,,,,,,,,,,,,,,,,,,,,,,,,,,,,,,,
07-Jul-2015,11:00,07-Jul-2015,11:15,Gujarat,Ankleshwar,GIDC, Ankleshwar - GPCB,,,,,,,,,,,,,,,,,,,,,,,,,,,,,,,,,,,,,,,
07-Jul-2015,11:15,07-Jul-2015,11:30,Gujarat,Ankleshwar,GIDC, Ankleshwar - GPCB,,,,,,,,,,,,,,,,,,,,,,,,,,,,,,,,,,,,,,,
07-Jul-2015,11:30,07-Jul-2015,11:45,Gujarat,Ankleshwar,GIDC, Ankleshwar - GPCB,,,,,,,,,,,,,,,,,,,,,,,,,,,,,,,,,,,,,,,
07-Jul-2015,11:45,07-Jul-2015,12:00,Gujarat,Ankleshwar,GIDC, Ankleshwar - GPCB,,,,,,,,,,,,,,,,,,,,,,,,,,,,,,,,,,,,,,,
07-Jul-2015,12:00,07-Jul-2015,12:15,Gujarat,Ankleshwar,GIDC, Ankleshwar - GPCB,,,,,,,,,,,,,,,,,,,,,,,,,,,,,,,,,,,,,,,
07-Jul-2015,12:15,07-Jul-2015,12:30,Gujarat,Ankleshwar,GIDC, Ankleshwar - GPCB,,,,,,,,,,,,,,,,,,,,,,,,,,,,,,,,,,,,,,,
07-Jul-2015,12:30,07-Jul-2015,12:45,Gujarat,Ankleshwar,GIDC, Ankleshwar - GPCB,,,,,,,,,,,,,,,,,,,,,,,,,,,,,,,,,,,,,,,
07-Jul-2015,12:45,07-Jul-2015,13:00,Gujarat,Ankleshwar,GIDC, Ankleshwar - GPCB,,,,,,,,,,,,,,,,,,,,,,,,,,,,,,,,,,,,,,,
07-Jul-2015,13:00,07-Jul-2015,13:15,Gujarat,Ankleshwar,GIDC, Ankleshwar - GPCB,,,,,,,,,,,,,,,,,,,,,,,,,,,,,,,,,,,,,,,
07-Jul-2015,13:15,07-Jul-2015,13:30,Gujarat,Ankleshwar,GIDC, Ankleshwar - GPCB,,,,,,,,,,,,,,,,,,,,,,,,,,,,,,,,,,,,,,,
07-Jul-2015,13:30,07-Jul-2015,13:45,Gujarat,Ankleshwar,GIDC, Ankleshwar - GPCB,,,,,,,,,,,,,,,,,,,,,,,,,,,,,,,,,,,,,,,
07-Jul-2015,13:45,07-Jul-2015,14:00,Gujarat,Ankleshwar,GIDC, Ankleshwar - GPCB,,,,,,,,,,,,,,,,,,,,,,,,,,,,,,,,,,,,,,,
07-Jul-2015,14:00,07-Jul-2015,14:15,Gujarat,Ankleshwar,GIDC, Ankleshwar - GPCB,,,,,,,,,,,,,,,,,,,,,,,,,,,,,,,,,,,,,,,
07-Jul-2015,14:15,07-Jul-2015,14:30,Gujarat,Ankleshwar,GIDC, Ankleshwar - GPCB,,,,,,,,,,,,,,,,,,,,,,,,,,,,,,,,,,,,,,,
07-Jul-2015,14:30,07-Jul-2015,14:45,Gujarat,Ankleshwar,GIDC, Ankleshwar - GPCB,,,,,,,,,,,,,,,,,,,,,,,,,,,,,,,,,,,,,,,
07-Jul-2015,14:45,07-Jul-2015,15:00,Gujarat,Ankleshwar,GIDC, Ankleshwar - GPCB,,,,,,,,,,,,,,,,,,,,,,,,,,,,,,,,,,,,,,,
07-Jul-2015,15:00,07-Jul-2015,15:15,Gujarat,Ankleshwar,GIDC, Ankleshwar - GPCB,,,,,,,,,,,,,,,,,,,,,,,,,,,,,,,,,,,,,,,
07-Jul-2015,15:15,07-Jul-2015,15:30,Gujarat,Ankleshwar,GIDC, Ankleshwar - GPCB,,,,,,,,,,,,,,,,,,,,,,,,,,,,,,,,,,,,,,,
07-Jul-2015,15:30,07-Jul-2015,15:45,Gujarat,Ankleshwar,GIDC, Ankleshwar - GPCB,,,,,,,,,,,,,,,,,,,,,,,,,,,,,,,,,,,,,,,
07-Jul-2015,15:45,07-Jul-2015,16:00,Gujarat,Ankleshwar,GIDC, Ankleshwar - GPCB,,,,,,,,,,,,,,,,,,,,,,,,,,,,,,,,,,,,,,,
07-Jul-2015,16:00,07-Jul-2015,16:15,Gujarat,Ankleshwar,GIDC, Ankleshwar - GPCB,,,,,,,,,,,,,,,,,,,,,,,,,,,,,,,,,,,,,,,
07-Jul-2015,16:15,07-Jul-2015,16:30,Gujarat,Ankleshwar,GIDC, Ankleshwar - GPCB,,,,,,,,,,,,,,,,,,,,,,,,,,,,,,,,,,,,,,,
07-Jul-2015,16:30,07-Jul-2015,16:45,Gujarat,Ankleshwar,GIDC, Ankleshwar - GPCB,,,,,,,,,,,,,,,,,,,,,,,,,,,,,,,,,,,,,,,
07-Jul-2015,16:45,07-Jul-2015,17:00,Gujarat,Ankleshwar,GIDC, Ankleshwar - GPCB,,,,,,,,,,,,,,,,,,,,,,,,,,,,,,,,,,,,,,,
07-Jul-2015,17:00,07-Jul-2015,17:15,Gujarat,Ankleshwar,GIDC, Ankleshwar - GPCB,,,,,,,,,,,,,,,,,,,,,,,,,,,,,,,,,,,,,,,
07-Jul-2015,17:15,07-Jul-2015,17:30,Gujarat,Ankleshwar,GIDC, Ankleshwar - GPCB,,,,,,,,,,,,,,,,,,,,,,,,,,,,,,,,,,,,,,,
07-Jul-2015,17:30,07-Jul-2015,17:45,Gujarat,Ankleshwar,GIDC, Ankleshwar - GPCB,,,,,,,,,,,,,,,,,,,,,,,,,,,,,,,,,,,,,,,
07-Jul-2015,17:45,07-Jul-2015,18:00,Gujarat,Ankleshwar,GIDC, Ankleshwar - GPCB,,,,,,,,,,,,,,,,,,,,,,,,,,,,,,,,,,,,,,,
07-Jul-2015,18:00,07-Jul-2015,18:15,Gujarat,Ankleshwar,GIDC, Ankleshwar - GPCB,,,,,,,,,,,,,,,,,,,,,,,,,,,,,,,,,,,,,,,
07-Jul-2015,18:15,07-Jul-2015,18:30,Gujarat,Ankleshwar,GIDC, Ankleshwar - GPCB,,,,,,,,,,,,,,,,,,,,,,,,,,,,,,,,,,,,,,,
07-Jul-2015,18:30,07-Jul-2015,18:45,Gujarat,Ankleshwar,GIDC, Ankleshwar - GPCB,,,,,,,,,,,,,,,,,,,,,,,,,,,,,,,,,,,,,,,
07-Jul-2015,18:45,07-Jul-2015,19:00,Gujarat,Ankleshwar,GIDC, Ankleshwar - GPCB,,,,,,,,,,,,,,,,,,,,,,,,,,,,,,,,,,,,,,,
07-Jul-2015,19:00,07-Jul-2015,19:15,Gujarat,Ankleshwar,GIDC, Ankleshwar - GPCB,,,,,,,,,,,,,,,,,,,,,,,,,,,,,,,,,,,,,,,
07-Jul-2015,19:15,07-Jul-2015,19:30,Gujarat,Ankleshwar,GIDC, Ankleshwar - GPCB,,,,,,,,,,,,,,,,,,,,,,,,,,,,,,,,,,,,,,,
07-Jul-2015,19:30,07-Jul-2015,19:45,Gujarat,Ankleshwar,GIDC, Ankleshwar - GPCB,,,,,,,,,,,,,,,,,,,,,,,,,,,,,,,,,,,,,,,
07-Jul-2015,19:45,07-Jul-2015,20:00,Gujarat,Ankleshwar,GIDC, Ankleshwar - GPCB,,,,,,,,,,,,,,,,,,,,,,,,,,,,,,,,,,,,,,,
07-Jul-2015,20:00,07-Jul-2015,20:15,Gujarat,Ankleshwar,GIDC, Ankleshwar - GPCB,,,,,,,,,,,,,,,,,,,,,,,,,,,,,,,,,,,,,,,
07-Jul-2015,20:15,07-Jul-2015,20:30,Gujarat,Ankleshwar,GIDC, Ankleshwar - GPCB,,,,,,,,,,,,,,,,,,,,,,,,,,,,,,,,,,,,,,,
07-Jul-2015,20:30,07-Jul-2015,20:45,Gujarat,Ankleshwar,GIDC, Ankleshwar - GPCB,,,,,,,,,,,,,,,,,,,,,,,,,,,,,,,,,,,,,,,
07-Jul-2015,20:45,07-Jul-2015,21:00,Gujarat,Ankleshwar,GIDC, Ankleshwar - GPCB,,,,,,,,,,,,,,,,,,,,,,,,,,,,,,,,,,,,,,,
07-Jul-2015,21:00,07-Jul-2015,21:15,Gujarat,Ankleshwar,GIDC, Ankleshwar - GPCB,,,,,,,,,,,,,,,,,,,,,,,,,,,,,,,,,,,,,,,
07-Jul-2015,21:15,07-Jul-2015,21:30,Gujarat,Ankleshwar,GIDC, Ankleshwar - GPCB,,,,,,,,,,,,,,,,,,,,,,,,,,,,,,,,,,,,,,,
07-Jul-2015,21:30,07-Jul-2015,21:45,Gujarat,Ankleshwar,GIDC, Ankleshwar - GPCB,,,,,,,,,,,,,,,,,,,,,,,,,,,,,,,,,,,,,,,
07-Jul-2015,21:45,07-Jul-2015,22:00,Gujarat,Ankleshwar,GIDC, Ankleshwar - GPCB,,,,,,,,,,,,,,,,,,,,,,,,,,,,,,,,,,,,,,,
07-Jul-2015,22:00,07-Jul-2015,22:15,Gujarat,Ankleshwar,GIDC, Ankleshwar - GPCB,,,,,,,,,,,,,,,,,,,,,,,,,,,,,,,,,,,,,,,
07-Jul-2015,22:15,07-Jul-2015,22:30,Gujarat,Ankleshwar,GIDC, Ankleshwar - GPCB,,,,,,,,,,,,,,,,,,,,,,,,,,,,,,,,,,,,,,,
07-Jul-2015,22:30,07-Jul-2015,22:45,Gujarat,Ankleshwar,GIDC, Ankleshwar - GPCB,,,,,,,,,,,,,,,,,,,,,,,,,,,,,,,,,,,,,,,
07-Jul-2015,22:45,07-Jul-2015,23:00,Gujarat,Ankleshwar,GIDC, Ankleshwar - GPCB,,,,,,,,,,,,,,,,,,,,,,,,,,,,,,,,,,,,,,,
07-Jul-2015,23:00,07-Jul-2015,23:15,Gujarat,Ankleshwar,GIDC, Ankleshwar - GPCB,,,,,,,,,,,,,,,,,,,,,,,,,,,,,,,,,,,,,,,
07-Jul-2015,23:15,07-Jul-2015,23:30,Gujarat,Ankleshwar,GIDC, Ankleshwar - GPCB,,,,,,,,,,,,,,,,,,,,,,,,,,,,,,,,,,,,,,,
07-Jul-2015,23:30,07-Jul-2015,23:45,Gujarat,Ankleshwar,GIDC, Ankleshwar - GPCB,,,,,,,,,,,,,,,,,,,,,,,,,,,,,,,,,,,,,,,
07-Jul-2015,23:45,08-Jul-2015,00:00,Gujarat,Ankleshwar,GIDC, Ankleshwar - GPCB,,,,,,,,,,,,,,,,,,,,,,,,,,,,,,,,,,,,,,,
08-Jul-2015,00:00,08-Jul-2015,00:15,Gujarat,Ankleshwar,GIDC, Ankleshwar - GPCB,,,,,,,,,,,,,,,,,,,,,,,,,,,,,,,,,,,,,,,
08-Jul-2015,00:15,08-Jul-2015,00:30,Gujarat,Ankleshwar,GIDC, Ankleshwar - GPCB,,,,,,,,,,,,,,,,,,,,,,,,,,,,,,,,,,,,,,,
08-Jul-2015,00:30,08-Jul-2015,00:45,Gujarat,Ankleshwar,GIDC, Ankleshwar - GPCB,,,,,,,,,,,,,,,,,,,,,,,,,,,,,,,,,,,,,,,
08-Jul-2015,00:45,08-Jul-2015,01:00,Gujarat,Ankleshwar,GIDC, Ankleshwar - GPCB,,,,,,,,,,,,,,,,,,,,,,,,,,,,,,,,,,,,,,,
08-Jul-2015,01:00,08-Jul-2015,01:15,Gujarat,Ankleshwar,GIDC, Ankleshwar - GPCB,,,,,,,,,,,,,,,,,,,,,,,,,,,,,,,,,,,,,,,
08-Jul-2015,01:15,08-Jul-2015,01:30,Gujarat,Ankleshwar,GIDC, Ankleshwar - GPCB,,,,,,,,,,,,,,,,,,,,,,,,,,,,,,,,,,,,,,,
08-Jul-2015,01:30,08-Jul-2015,01:45,Gujarat,Ankleshwar,GIDC, Ankleshwar - GPCB,,,,,,,,,,,,,,,,,,,,,,,,,,,,,,,,,,,,,,,
08-Jul-2015,01:45,08-Jul-2015,02:00,Gujarat,Ankleshwar,GIDC, Ankleshwar - GPCB,,,,,,,,,,,,,,,,,,,,,,,,,,,,,,,,,,,,,,,
08-Jul-2015,02:00,08-Jul-2015,02:15,Gujarat,Ankleshwar,GIDC, Ankleshwar - GPCB,,,,,,,,,,,,,,,,,,,,,,,,,,,,,,,,,,,,,,,
08-Jul-2015,02:15,08-Jul-2015,02:30,Gujarat,Ankleshwar,GIDC, Ankleshwar - GPCB,,,,,,,,,,,,,,,,,,,,,,,,,,,,,,,,,,,,,,,
08-Jul-2015,02:30,08-Jul-2015,02:45,Gujarat,Ankleshwar,GIDC, Ankleshwar - GPCB,,,,,,,,,,,,,,,,,,,,,,,,,,,,,,,,,,,,,,,
08-Jul-2015,02:45,08-Jul-2015,03:00,Gujarat,Ankleshwar,GIDC, Ankleshwar - GPCB,,,,,,,,,,,,,,,,,,,,,,,,,,,,,,,,,,,,,,,
08-Jul-2015,03:00,08-Jul-2015,03:15,Gujarat,Ankleshwar,GIDC, Ankleshwar - GPCB,,,,,,,,,,,,,,,,,,,,,,,,,,,,,,,,,,,,,,,
08-Jul-2015,03:15,08-Jul-2015,03:30,Gujarat,Ankleshwar,GIDC, Ankleshwar - GPCB,,,,,,,,,,,,,,,,,,,,,,,,,,,,,,,,,,,,,,,
08-Jul-2015,03:30,08-Jul-2015,03:45,Gujarat,Ankleshwar,GIDC, Ankleshwar - GPCB,,,,,,,,,,,,,,,,,,,,,,,,,,,,,,,,,,,,,,,
08-Jul-2015,03:45,08-Jul-2015,04:00,Gujarat,Ankleshwar,GIDC, Ankleshwar - GPCB,,,,,,,,,,,,,,,,,,,,,,,,,,,,,,,,,,,,,,,
08-Jul-2015,04:00,08-Jul-2015,04:15,Gujarat,Ankleshwar,GIDC, Ankleshwar - GPCB,,,,,,,,,,,,,,,,,,,,,,,,,,,,,,,,,,,,,,,
08-Jul-2015,04:15,08-Jul-2015,04:30,Gujarat,Ankleshwar,GIDC, Ankleshwar - GPCB,,,,,,,,,,,,,,,,,,,,,,,,,,,,,,,,,,,,,,,
08-Jul-2015,04:30,08-Jul-2015,04:45,Gujarat,Ankleshwar,GIDC, Ankleshwar - GPCB,,,,,,,,,,,,,,,,,,,,,,,,,,,,,,,,,,,,,,,
08-Jul-2015,04:45,08-Jul-2015,05:00,Gujarat,Ankleshwar,GIDC, Ankleshwar - GPCB,,,,,,,,,,,,,,,,,,,,,,,,,,,,,,,,,,,,,,,
08-Jul-2015,05:00,08-Jul-2015,05:15,Gujarat,Ankleshwar,GIDC, Ankleshwar - GPCB,,,,,,,,,,,,,,,,,,,,,,,,,,,,,,,,,,,,,,,
08-Jul-2015,05:15,08-Jul-2015,05:30,Gujarat,Ankleshwar,GIDC, Ankleshwar - GPCB,,,,,,,,,,,,,,,,,,,,,,,,,,,,,,,,,,,,,,,
08-Jul-2015,05:30,08-Jul-2015,05:45,Gujarat,Ankleshwar,GIDC, Ankleshwar - GPCB,,,,,,,,,,,,,,,,,,,,,,,,,,,,,,,,,,,,,,,
08-Jul-2015,05:45,08-Jul-2015,06:00,Gujarat,Ankleshwar,GIDC, Ankleshwar - GPCB,,,,,,,,,,,,,,,,,,,,,,,,,,,,,,,,,,,,,,,
08-Jul-2015,06:00,08-Jul-2015,06:15,Gujarat,Ankleshwar,GIDC, Ankleshwar - GPCB,,,,,,,,,,,,,,,,,,,,,,,,,,,,,,,,,,,,,,,
08-Jul-2015,06:15,08-Jul-2015,06:30,Gujarat,Ankleshwar,GIDC, Ankleshwar - GPCB,,,,,,,,,,,,,,,,,,,,,,,,,,,,,,,,,,,,,,,
08-Jul-2015,06:30,08-Jul-2015,06:45,Gujarat,Ankleshwar,GIDC, Ankleshwar - GPCB,,,,,,,,,,,,,,,,,,,,,,,,,,,,,,,,,,,,,,,
08-Jul-2015,06:45,08-Jul-2015,07:00,Gujarat,Ankleshwar,GIDC, Ankleshwar - GPCB,,,,,,,,,,,,,,,,,,,,,,,,,,,,,,,,,,,,,,,
08-Jul-2015,07:00,08-Jul-2015,07:15,Gujarat,Ankleshwar,GIDC, Ankleshwar - GPCB,,,,,,,,,,,,,,,,,,,,,,,,,,,,,,,,,,,,,,,
08-Jul-2015,07:15,08-Jul-2015,07:30,Gujarat,Ankleshwar,GIDC, Ankleshwar - GPCB,,,,,,,,,,,,,,,,,,,,,,,,,,,,,,,,,,,,,,,
08-Jul-2015,07:30,08-Jul-2015,07:45,Gujarat,Ankleshwar,GIDC, Ankleshwar - GPCB,,,,,,,,,,,,,,,,,,,,,,,,,,,,,,,,,,,,,,,
08-Jul-2015,07:45,08-Jul-2015,08:00,Gujarat,Ankleshwar,GIDC, Ankleshwar - GPCB,,,,,,,,,,,,,,,,,,,,,,,,,,,,,,,,,,,,,,,
08-Jul-2015,08:00,08-Jul-2015,08:15,Gujarat,Ankleshwar,GIDC, Ankleshwar - GPCB,,,,,,,,,,,,,,,,,,,,,,,,,,,,,,,,,,,,,,,
08-Jul-2015,08:15,08-Jul-2015,08:30,Gujarat,Ankleshwar,GIDC, Ankleshwar - GPCB,,,,,,,,,,,,,,,,,,,,,,,,,,,,,,,,,,,,,,,
08-Jul-2015,08:30,08-Jul-2015,08:45,Gujarat,Ankleshwar,GIDC, Ankleshwar - GPCB,,,,,,,,,,,,,,,,,,,,,,,,,,,,,,,,,,,,,,,
08-Jul-2015,08:45,08-Jul-2015,09:00,Gujarat,Ankleshwar,GIDC, Ankleshwar - GPCB,,,,,,,,,,,,,,,,,,,,,,,,,,,,,,,,,,,,,,,
08-Jul-2015,09:00,08-Jul-2015,09:15,Gujarat,Ankleshwar,GIDC, Ankleshwar - GPCB,,,,,,,,,,,,,,,,,,,,,,,,,,,,,,,,,,,,,,,
08-Jul-2015,09:15,08-Jul-2015,09:30,Gujarat,Ankleshwar,GIDC, Ankleshwar - GPCB,,,,,,,,,,,,,,,,,,,,,,,,,,,,,,,,,,,,,,,
08-Jul-2015,09:30,08-Jul-2015,09:45,Gujarat,Ankleshwar,GIDC, Ankleshwar - GPCB,,,,,,,,,,,,,,,,,,,,,,,,,,,,,,,,,,,,,,,
08-Jul-2015,09:45,08-Jul-2015,10:00,Gujarat,Ankleshwar,GIDC, Ankleshwar - GPCB,,,,,,,,,,,,,,,,,,,,,,,,,,,,,,,,,,,,,,,
08-Jul-2015,10:00,08-Jul-2015,10:15,Gujarat,Ankleshwar,GIDC, Ankleshwar - GPCB,,,,,,,,,,,,,,,,,,,,,,,,,,,,,,,,,,,,,,,
08-Jul-2015,10:15,08-Jul-2015,10:30,Gujarat,Ankleshwar,GIDC, Ankleshwar - GPCB,,,,,,,,,,,,,,,,,,,,,,,,,,,,,,,,,,,,,,,
08-Jul-2015,10:30,08-Jul-2015,10:45,Gujarat,Ankleshwar,GIDC, Ankleshwar - GPCB,,,,,,,,,,,,,,,,,,,,,,,,,,,,,,,,,,,,,,,
08-Jul-2015,10:45,08-Jul-2015,11:00,Gujarat,Ankleshwar,GIDC, Ankleshwar - GPCB,,,,,,,,,,,,,,,,,,,,,,,,,,,,,,,,,,,,,,,
08-Jul-2015,11:00,08-Jul-2015,11:15,Gujarat,Ankleshwar,GIDC, Ankleshwar - GPCB,,,,,,,,,,,,,,,,,,,,,,,,,,,,,,,,,,,,,,,
08-Jul-2015,11:15,08-Jul-2015,11:30,Gujarat,Ankleshwar,GIDC, Ankleshwar - GPCB,,,,,,,,,,,,,,,,,,,,,,,,,,,,,,,,,,,,,,,
08-Jul-2015,11:30,08-Jul-2015,11:45,Gujarat,Ankleshwar,GIDC, Ankleshwar - GPCB,,,,,,,,,,,,,,,,,,,,,,,,,,,,,,,,,,,,,,,
08-Jul-2015,11:45,08-Jul-2015,12:00,Gujarat,Ankleshwar,GIDC, Ankleshwar - GPCB,,,,,,,,,,,,,,,,,,,,,,,,,,,,,,,,,,,,,,,
08-Jul-2015,12:00,08-Jul-2015,12:15,Gujarat,Ankleshwar,GIDC, Ankleshwar - GPCB,,,,,,,,,,,,,,,,,,,,,,,,,,,,,,,,,,,,,,,
08-Jul-2015,12:15,08-Jul-2015,12:30,Gujarat,Ankleshwar,GIDC, Ankleshwar - GPCB,,,,,,,,,,,,,,,,,,,,,,,,,,,,,,,,,,,,,,,
08-Jul-2015,12:30,08-Jul-2015,12:45,Gujarat,Ankleshwar,GIDC, Ankleshwar - GPCB,,,,,,,,,,,,,,,,,,,,,,,,,,,,,,,,,,,,,,,
08-Jul-2015,12:45,08-Jul-2015,13:00,Gujarat,Ankleshwar,GIDC, Ankleshwar - GPCB,,,,,,,,,,,,,,,,,,,,,,,,,,,,,,,,,,,,,,,
08-Jul-2015,13:00,08-Jul-2015,13:15,Gujarat,Ankleshwar,GIDC, Ankleshwar - GPCB,,,,,,,,,,,,,,,,,,,,,,,,,,,,,,,,,,,,,,,
08-Jul-2015,13:15,08-Jul-2015,13:30,Gujarat,Ankleshwar,GIDC, Ankleshwar - GPCB,,,,,,,,,,,,,,,,,,,,,,,,,,,,,,,,,,,,,,,
08-Jul-2015,13:30,08-Jul-2015,13:45,Gujarat,Ankleshwar,GIDC, Ankleshwar - GPCB,,,,,,,,,,,,,,,,,,,,,,,,,,,,,,,,,,,,,,,
08-Jul-2015,13:45,08-Jul-2015,14:00,Gujarat,Ankleshwar,GIDC, Ankleshwar - GPCB,,,,,,,,,,,,,,,,,,,,,,,,,,,,,,,,,,,,,,,
08-Jul-2015,14:00,08-Jul-2015,14:15,Gujarat,Ankleshwar,GIDC, Ankleshwar - GPCB,,,,,,,,,,,,,,,,,,,,,,,,,,,,,,,,,,,,,,,
08-Jul-2015,14:15,08-Jul-2015,14:30,Gujarat,Ankleshwar,GIDC, Ankleshwar - GPCB,,,,,,,,,,,,,,,,,,,,,,,,,,,,,,,,,,,,,,,
08-Jul-2015,14:30,08-Jul-2015,14:45,Gujarat,Ankleshwar,GIDC, Ankleshwar - GPCB,,,,,,,,,,,,,,,,,,,,,,,,,,,,,,,,,,,,,,,
08-Jul-2015,14:45,08-Jul-2015,15:00,Gujarat,Ankleshwar,GIDC, Ankleshwar - GPCB,,,,,,,,,,,,,,,,,,,,,,,,,,,,,,,,,,,,,,,
08-Jul-2015,15:00,08-Jul-2015,15:15,Gujarat,Ankleshwar,GIDC, Ankleshwar - GPCB,,,,,,,,,,,,,,,,,,,,,,,,,,,,,,,,,,,,,,,
08-Jul-2015,15:15,08-Jul-2015,15:30,Gujarat,Ankleshwar,GIDC, Ankleshwar - GPCB,,,,,,,,,,,,,,,,,,,,,,,,,,,,,,,,,,,,,,,
08-Jul-2015,15:30,08-Jul-2015,15:45,Gujarat,Ankleshwar,GIDC, Ankleshwar - GPCB,,,,,,,,,,,,,,,,,,,,,,,,,,,,,,,,,,,,,,,
08-Jul-2015,15:45,08-Jul-2015,16:00,Gujarat,Ankleshwar,GIDC, Ankleshwar - GPCB,,,,,,,,,,,,,,,,,,,,,,,,,,,,,,,,,,,,,,,
08-Jul-2015,16:00,08-Jul-2015,16:15,Gujarat,Ankleshwar,GIDC, Ankleshwar - GPCB,,,,,,,,,,,,,,,,,,,,,,,,,,,,,,,,,,,,,,,
08-Jul-2015,16:15,08-Jul-2015,16:30,Gujarat,Ankleshwar,GIDC, Ankleshwar - GPCB,,,,,,,,,,,,,,,,,,,,,,,,,,,,,,,,,,,,,,,
08-Jul-2015,16:30,08-Jul-2015,16:45,Gujarat,Ankleshwar,GIDC, Ankleshwar - GPCB,,,,,,,,,,,,,,,,,,,,,,,,,,,,,,,,,,,,,,,
08-Jul-2015,16:45,08-Jul-2015,17:00,Gujarat,Ankleshwar,GIDC, Ankleshwar - GPCB,,,,,,,,,,,,,,,,,,,,,,,,,,,,,,,,,,,,,,,
08-Jul-2015,17:00,08-Jul-2015,17:15,Gujarat,Ankleshwar,GIDC, Ankleshwar - GPCB,,,,,,,,,,,,,,,,,,,,,,,,,,,,,,,,,,,,,,,
08-Jul-2015,17:15,08-Jul-2015,17:30,Gujarat,Ankleshwar,GIDC, Ankleshwar - GPCB,,,,,,,,,,,,,,,,,,,,,,,,,,,,,,,,,,,,,,,
08-Jul-2015,17:30,08-Jul-2015,17:45,Gujarat,Ankleshwar,GIDC, Ankleshwar - GPCB,,,,,,,,,,,,,,,,,,,,,,,,,,,,,,,,,,,,,,,
08-Jul-2015,17:45,08-Jul-2015,18:00,Gujarat,Ankleshwar,GIDC, Ankleshwar - GPCB,,,,,,,,,,,,,,,,,,,,,,,,,,,,,,,,,,,,,,,
08-Jul-2015,18:00,08-Jul-2015,18:15,Gujarat,Ankleshwar,GIDC, Ankleshwar - GPCB,,,,,,,,,,,,,,,,,,,,,,,,,,,,,,,,,,,,,,,
08-Jul-2015,18:15,08-Jul-2015,18:30,Gujarat,Ankleshwar,GIDC, Ankleshwar - GPCB,,,,,,,,,,,,,,,,,,,,,,,,,,,,,,,,,,,,,,,
08-Jul-2015,18:30,08-Jul-2015,18:45,Gujarat,Ankleshwar,GIDC, Ankleshwar - GPCB,,,,,,,,,,,,,,,,,,,,,,,,,,,,,,,,,,,,,,,
08-Jul-2015,18:45,08-Jul-2015,19:00,Gujarat,Ankleshwar,GIDC, Ankleshwar - GPCB,,,,,,,,,,,,,,,,,,,,,,,,,,,,,,,,,,,,,,,
08-Jul-2015,19:00,08-Jul-2015,19:15,Gujarat,Ankleshwar,GIDC, Ankleshwar - GPCB,,,,,,,,,,,,,,,,,,,,,,,,,,,,,,,,,,,,,,,
08-Jul-2015,19:15,08-Jul-2015,19:30,Gujarat,Ankleshwar,GIDC, Ankleshwar - GPCB,,,,,,,,,,,,,,,,,,,,,,,,,,,,,,,,,,,,,,,
08-Jul-2015,19:30,08-Jul-2015,19:45,Gujarat,Ankleshwar,GIDC, Ankleshwar - GPCB,,,,,,,,,,,,,,,,,,,,,,,,,,,,,,,,,,,,,,,
08-Jul-2015,19:45,08-Jul-2015,20:00,Gujarat,Ankleshwar,GIDC, Ankleshwar - GPCB,,,,,,,,,,,,,,,,,,,,,,,,,,,,,,,,,,,,,,,
08-Jul-2015,20:00,08-Jul-2015,20:15,Gujarat,Ankleshwar,GIDC, Ankleshwar - GPCB,,,,,,,,,,,,,,,,,,,,,,,,,,,,,,,,,,,,,,,
08-Jul-2015,20:15,08-Jul-2015,20:30,Gujarat,Ankleshwar,GIDC, Ankleshwar - GPCB,,,,,,,,,,,,,,,,,,,,,,,,,,,,,,,,,,,,,,,
08-Jul-2015,20:30,08-Jul-2015,20:45,Gujarat,Ankleshwar,GIDC, Ankleshwar - GPCB,,,,,,,,,,,,,,,,,,,,,,,,,,,,,,,,,,,,,,,
08-Jul-2015,20:45,08-Jul-2015,21:00,Gujarat,Ankleshwar,GIDC, Ankleshwar - GPCB,,,,,,,,,,,,,,,,,,,,,,,,,,,,,,,,,,,,,,,
08-Jul-2015,21:00,08-Jul-2015,21:15,Gujarat,Ankleshwar,GIDC, Ankleshwar - GPCB,,,,,,,,,,,,,,,,,,,,,,,,,,,,,,,,,,,,,,,
08-Jul-2015,21:15,08-Jul-2015,21:30,Gujarat,Ankleshwar,GIDC, Ankleshwar - GPCB,,,,,,,,,,,,,,,,,,,,,,,,,,,,,,,,,,,,,,,
08-Jul-2015,21:30,08-Jul-2015,21:45,Gujarat,Ankleshwar,GIDC, Ankleshwar - GPCB,,,,,,,,,,,,,,,,,,,,,,,,,,,,,,,,,,,,,,,
08-Jul-2015,21:45,08-Jul-2015,22:00,Gujarat,Ankleshwar,GIDC, Ankleshwar - GPCB,,,,,,,,,,,,,,,,,,,,,,,,,,,,,,,,,,,,,,,
08-Jul-2015,22:00,08-Jul-2015,22:15,Gujarat,Ankleshwar,GIDC, Ankleshwar - GPCB,,,,,,,,,,,,,,,,,,,,,,,,,,,,,,,,,,,,,,,
08-Jul-2015,22:15,08-Jul-2015,22:30,Gujarat,Ankleshwar,GIDC, Ankleshwar - GPCB,,,,,,,,,,,,,,,,,,,,,,,,,,,,,,,,,,,,,,,
08-Jul-2015,22:30,08-Jul-2015,22:45,Gujarat,Ankleshwar,GIDC, Ankleshwar - GPCB,,,,,,,,,,,,,,,,,,,,,,,,,,,,,,,,,,,,,,,
08-Jul-2015,22:45,08-Jul-2015,23:00,Gujarat,Ankleshwar,GIDC, Ankleshwar - GPCB,,,,,,,,,,,,,,,,,,,,,,,,,,,,,,,,,,,,,,,
08-Jul-2015,23:00,08-Jul-2015,23:15,Gujarat,Ankleshwar,GIDC, Ankleshwar - GPCB,,,,,,,,,,,,,,,,,,,,,,,,,,,,,,,,,,,,,,,
08-Jul-2015,23:15,08-Jul-2015,23:30,Gujarat,Ankleshwar,GIDC, Ankleshwar - GPCB,,,,,,,,,,,,,,,,,,,,,,,,,,,,,,,,,,,,,,,
08-Jul-2015,23:30,08-Jul-2015,23:45,Gujarat,Ankleshwar,GIDC, Ankleshwar - GPCB,,,,,,,,,,,,,,,,,,,,,,,,,,,,,,,,,,,,,,,
08-Jul-2015,23:45,09-Jul-2015,00:00,Gujarat,Ankleshwar,GIDC, Ankleshwar - GPCB,,,,,,,,,,,,,,,,,,,,,,,,,,,,,,,,,,,,,,,
09-Jul-2015,00:00,09-Jul-2015,00:15,Gujarat,Ankleshwar,GIDC, Ankleshwar - GPCB,,,,,,,,,,,,,,,,,,,,,,,,,,,,,,,,,,,,,,,
09-Jul-2015,00:15,09-Jul-2015,00:30,Gujarat,Ankleshwar,GIDC, Ankleshwar - GPCB,,,,,,,,,,,,,,,,,,,,,,,,,,,,,,,,,,,,,,,
09-Jul-2015,00:30,09-Jul-2015,00:45,Gujarat,Ankleshwar,GIDC, Ankleshwar - GPCB,,,,,,,,,,,,,,,,,,,,,,,,,,,,,,,,,,,,,,,
09-Jul-2015,00:45,09-Jul-2015,01:00,Gujarat,Ankleshwar,GIDC, Ankleshwar - GPCB,,,,,,,,,,,,,,,,,,,,,,,,,,,,,,,,,,,,,,,
09-Jul-2015,01:00,09-Jul-2015,01:15,Gujarat,Ankleshwar,GIDC, Ankleshwar - GPCB,,,,,,,,,,,,,,,,,,,,,,,,,,,,,,,,,,,,,,,
09-Jul-2015,01:15,09-Jul-2015,01:30,Gujarat,Ankleshwar,GIDC, Ankleshwar - GPCB,,,,,,,,,,,,,,,,,,,,,,,,,,,,,,,,,,,,,,,
09-Jul-2015,01:30,09-Jul-2015,01:45,Gujarat,Ankleshwar,GIDC, Ankleshwar - GPCB,,,,,,,,,,,,,,,,,,,,,,,,,,,,,,,,,,,,,,,
09-Jul-2015,01:45,09-Jul-2015,02:00,Gujarat,Ankleshwar,GIDC, Ankleshwar - GPCB,,,,,,,,,,,,,,,,,,,,,,,,,,,,,,,,,,,,,,,
09-Jul-2015,02:00,09-Jul-2015,02:15,Gujarat,Ankleshwar,GIDC, Ankleshwar - GPCB,,,,,,,,,,,,,,,,,,,,,,,,,,,,,,,,,,,,,,,
09-Jul-2015,02:15,09-Jul-2015,02:30,Gujarat,Ankleshwar,GIDC, Ankleshwar - GPCB,,,,,,,,,,,,,,,,,,,,,,,,,,,,,,,,,,,,,,,
09-Jul-2015,02:30,09-Jul-2015,02:45,Gujarat,Ankleshwar,GIDC, Ankleshwar - GPCB,,,,,,,,,,,,,,,,,,,,,,,,,,,,,,,,,,,,,,,
09-Jul-2015,02:45,09-Jul-2015,03:00,Gujarat,Ankleshwar,GIDC, Ankleshwar - GPCB,,,,,,,,,,,,,,,,,,,,,,,,,,,,,,,,,,,,,,,
09-Jul-2015,03:00,09-Jul-2015,03:15,Gujarat,Ankleshwar,GIDC, Ankleshwar - GPCB,,,,,,,,,,,,,,,,,,,,,,,,,,,,,,,,,,,,,,,
09-Jul-2015,03:15,09-Jul-2015,03:30,Gujarat,Ankleshwar,GIDC, Ankleshwar - GPCB,,,,,,,,,,,,,,,,,,,,,,,,,,,,,,,,,,,,,,,
09-Jul-2015,03:30,09-Jul-2015,03:45,Gujarat,Ankleshwar,GIDC, Ankleshwar - GPCB,,,,,,,,,,,,,,,,,,,,,,,,,,,,,,,,,,,,,,,
09-Jul-2015,03:45,09-Jul-2015,04:00,Gujarat,Ankleshwar,GIDC, Ankleshwar - GPCB,,,,,,,,,,,,,,,,,,,,,,,,,,,,,,,,,,,,,,,
09-Jul-2015,04:00,09-Jul-2015,04:15,Gujarat,Ankleshwar,GIDC, Ankleshwar - GPCB,,,,,,,,,,,,,,,,,,,,,,,,,,,,,,,,,,,,,,,
09-Jul-2015,04:15,09-Jul-2015,04:30,Gujarat,Ankleshwar,GIDC, Ankleshwar - GPCB,,,,,,,,,,,,,,,,,,,,,,,,,,,,,,,,,,,,,,,
09-Jul-2015,04:30,09-Jul-2015,04:45,Gujarat,Ankleshwar,GIDC, Ankleshwar - GPCB,,,,,,,,,,,,,,,,,,,,,,,,,,,,,,,,,,,,,,,
09-Jul-2015,04:45,09-Jul-2015,05:00,Gujarat,Ankleshwar,GIDC, Ankleshwar - GPCB,,,,,,,,,,,,,,,,,,,,,,,,,,,,,,,,,,,,,,,
09-Jul-2015,05:00,09-Jul-2015,05:15,Gujarat,Ankleshwar,GIDC, Ankleshwar - GPCB,,,,,,,,,,,,,,,,,,,,,,,,,,,,,,,,,,,,,,,
09-Jul-2015,05:15,09-Jul-2015,05:30,Gujarat,Ankleshwar,GIDC, Ankleshwar - GPCB,,,,,,,,,,,,,,,,,,,,,,,,,,,,,,,,,,,,,,,
09-Jul-2015,05:30,09-Jul-2015,05:45,Gujarat,Ankleshwar,GIDC, Ankleshwar - GPCB,,,,,,,,,,,,,,,,,,,,,,,,,,,,,,,,,,,,,,,
09-Jul-2015,05:45,09-Jul-2015,06:00,Gujarat,Ankleshwar,GIDC, Ankleshwar - GPCB,,,,,,,,,,,,,,,,,,,,,,,,,,,,,,,,,,,,,,,
09-Jul-2015,06:00,09-Jul-2015,06:15,Gujarat,Ankleshwar,GIDC, Ankleshwar - GPCB,,,,,,,,,,,,,,,,,,,,,,,,,,,,,,,,,,,,,,,
09-Jul-2015,06:15,09-Jul-2015,06:30,Gujarat,Ankleshwar,GIDC, Ankleshwar - GPCB,,,,,,,,,,,,,,,,,,,,,,,,,,,,,,,,,,,,,,,
09-Jul-2015,06:30,09-Jul-2015,06:45,Gujarat,Ankleshwar,GIDC, Ankleshwar - GPCB,,,,,,,,,,,,,,,,,,,,,,,,,,,,,,,,,,,,,,,
09-Jul-2015,06:45,09-Jul-2015,07:00,Gujarat,Ankleshwar,GIDC, Ankleshwar - GPCB,,,,,,,,,,,,,,,,,,,,,,,,,,,,,,,,,,,,,,,
09-Jul-2015,07:00,09-Jul-2015,07:15,Gujarat,Ankleshwar,GIDC, Ankleshwar - GPCB,,,,,,,,,,,,,,,,,,,,,,,,,,,,,,,,,,,,,,,
09-Jul-2015,07:15,09-Jul-2015,07:30,Gujarat,Ankleshwar,GIDC, Ankleshwar - GPCB,,,,,,,,,,,,,,,,,,,,,,,,,,,,,,,,,,,,,,,
09-Jul-2015,07:30,09-Jul-2015,07:45,Gujarat,Ankleshwar,GIDC, Ankleshwar - GPCB,,,,,,,,,,,,,,,,,,,,,,,,,,,,,,,,,,,,,,,
09-Jul-2015,07:45,09-Jul-2015,08:00,Gujarat,Ankleshwar,GIDC, Ankleshwar - GPCB,,,,,,,,,,,,,,,,,,,,,,,,,,,,,,,,,,,,,,,
09-Jul-2015,08:00,09-Jul-2015,08:15,Gujarat,Ankleshwar,GIDC, Ankleshwar - GPCB,,,,,,,,,,,,,,,,,,,,,,,,,,,,,,,,,,,,,,,
09-Jul-2015,08:15,09-Jul-2015,08:30,Gujarat,Ankleshwar,GIDC, Ankleshwar - GPCB,,,,,,,,,,,,,,,,,,,,,,,,,,,,,,,,,,,,,,,
09-Jul-2015,08:30,09-Jul-2015,08:45,Gujarat,Ankleshwar,GIDC, Ankleshwar - GPCB,,,,,,,,,,,,,,,,,,,,,,,,,,,,,,,,,,,,,,,
09-Jul-2015,08:45,09-Jul-2015,09:00,Gujarat,Ankleshwar,GIDC, Ankleshwar - GPCB,,,,,,,,,,,,,,,,,,,,,,,,,,,,,,,,,,,,,,,
09-Jul-2015,09:00,09-Jul-2015,09:15,Gujarat,Ankleshwar,GIDC, Ankleshwar - GPCB,,,,,,,,,,,,,,,,,,,,,,,,,,,,,,,,,,,,,,,
09-Jul-2015,09:15,09-Jul-2015,09:30,Gujarat,Ankleshwar,GIDC, Ankleshwar - GPCB,,,,,,,,,,,,,,,,,,,,,,,,,,,,,,,,,,,,,,,
09-Jul-2015,09:30,09-Jul-2015,09:45,Gujarat,Ankleshwar,GIDC, Ankleshwar - GPCB,,,,,,,,,,,,,,,,,,,,,,,,,,,,,,,,,,,,,,,
09-Jul-2015,09:45,09-Jul-2015,10:00,Gujarat,Ankleshwar,GIDC, Ankleshwar - GPCB,,,,,,,,,,,,,,,,,,,,,,,,,,,,,,,,,,,,,,,
09-Jul-2015,10:00,09-Jul-2015,10:15,Gujarat,Ankleshwar,GIDC, Ankleshwar - GPCB,,,,,,,,,,,,,,,,,,,,,,,,,,,,,,,,,,,,,,,
09-Jul-2015,10:15,09-Jul-2015,10:30,Gujarat,Ankleshwar,GIDC, Ankleshwar - GPCB,,,,,,,,,,,,,,,,,,,,,,,,,,,,,,,,,,,,,,,
09-Jul-2015,10:30,09-Jul-2015,10:45,Gujarat,Ankleshwar,GIDC, Ankleshwar - GPCB,,,,,,,,,,,,,,,,,,,,,,,,,,,,,,,,,,,,,,,
09-Jul-2015,10:45,09-Jul-2015,11:00,Gujarat,Ankleshwar,GIDC, Ankleshwar - GPCB,,,,,,,,,,,,,,,,,,,,,,,,,,,,,,,,,,,,,,,
09-Jul-2015,11:00,09-Jul-2015,11:15,Gujarat,Ankleshwar,GIDC, Ankleshwar - GPCB,,,,,,,,,,,,,,,,,,,,,,,,,,,,,,,,,,,,,,,
09-Jul-2015,11:15,09-Jul-2015,11:30,Gujarat,Ankleshwar,GIDC, Ankleshwar - GPCB,,,,,,,,,,,,,,,,,,,,,,,,,,,,,,,,,,,,,,,
09-Jul-2015,11:30,09-Jul-2015,11:45,Gujarat,Ankleshwar,GIDC, Ankleshwar - GPCB,,,,,,,,,,,,,,,,,,,,,,,,,,,,,,,,,,,,,,,
09-Jul-2015,11:45,09-Jul-2015,12:00,Gujarat,Ankleshwar,GIDC, Ankleshwar - GPCB,,,,,,,,,,,,,,,,,,,,,,,,,,,,,,,,,,,,,,,
09-Jul-2015,12:00,09-Jul-2015,12:15,Gujarat,Ankleshwar,GIDC, Ankleshwar - GPCB,,,,,,,,,,,,,,,,,,,,,,,,,,,,,,,,,,,,,,,
09-Jul-2015,12:15,09-Jul-2015,12:30,Gujarat,Ankleshwar,GIDC, Ankleshwar - GPCB,,,,,,,,,,,,,,,,,,,,,,,,,,,,,,,,,,,,,,,
09-Jul-2015,12:30,09-Jul-2015,12:45,Gujarat,Ankleshwar,GIDC, Ankleshwar - GPCB,,,,,,,,,,,,,,,,,,,,,,,,,,,,,,,,,,,,,,,
09-Jul-2015,12:45,09-Jul-2015,13:00,Gujarat,Ankleshwar,GIDC, Ankleshwar - GPCB,,,,,,,,,,,,,,,,,,,,,,,,,,,,,,,,,,,,,,,
09-Jul-2015,13:00,09-Jul-2015,13:15,Gujarat,Ankleshwar,GIDC, Ankleshwar - GPCB,,,,,,,,,,,,,,,,,,,,,,,,,,,,,,,,,,,,,,,
09-Jul-2015,13:15,09-Jul-2015,13:30,Gujarat,Ankleshwar,GIDC, Ankleshwar - GPCB,,,,,,,,,,,,,,,,,,,,,,,,,,,,,,,,,,,,,,,
09-Jul-2015,13:30,09-Jul-2015,13:45,Gujarat,Ankleshwar,GIDC, Ankleshwar - GPCB,,,,,,,,,,,,,,,,,,,,,,,,,,,,,,,,,,,,,,,
09-Jul-2015,13:45,09-Jul-2015,14:00,Gujarat,Ankleshwar,GIDC, Ankleshwar - GPCB,,,,,,,,,,,,,,,,,,,,,,,,,,,,,,,,,,,,,,,
09-Jul-2015,14:00,09-Jul-2015,14:15,Gujarat,Ankleshwar,GIDC, Ankleshwar - GPCB,,,,,,,,,,,,,,,,,,,,,,,,,,,,,,,,,,,,,,,
09-Jul-2015,14:15,09-Jul-2015,14:30,Gujarat,Ankleshwar,GIDC, Ankleshwar - GPCB,,,,,,,,,,,,,,,,,,,,,,,,,,,,,,,,,,,,,,,
09-Jul-2015,14:30,09-Jul-2015,14:45,Gujarat,Ankleshwar,GIDC, Ankleshwar - GPCB,,,,,,,,,,,,,,,,,,,,,,,,,,,,,,,,,,,,,,,
09-Jul-2015,14:45,09-Jul-2015,15:00,Gujarat,Ankleshwar,GIDC, Ankleshwar - GPCB,,,,,,,,,,,,,,,,,,,,,,,,,,,,,,,,,,,,,,,
09-Jul-2015,15:00,09-Jul-2015,15:15,Gujarat,Ankleshwar,GIDC, Ankleshwar - GPCB,,,,,,,,,,,,,,,,,,,,,,,,,,,,,,,,,,,,,,,
09-Jul-2015,15:15,09-Jul-2015,15:30,Gujarat,Ankleshwar,GIDC, Ankleshwar - GPCB,,,,,,,,,,,,,,,,,,,,,,,,,,,,,,,,,,,,,,,
09-Jul-2015,15:30,09-Jul-2015,15:45,Gujarat,Ankleshwar,GIDC, Ankleshwar - GPCB,,,,,,,,,,,,,,,,,,,,,,,,,,,,,,,,,,,,,,,
09-Jul-2015,15:45,09-Jul-2015,16:00,Gujarat,Ankleshwar,GIDC, Ankleshwar - GPCB,,,,,,,,,,,,,,,,,,,,,,,,,,,,,,,,,,,,,,,
09-Jul-2015,16:00,09-Jul-2015,16:15,Gujarat,Ankleshwar,GIDC, Ankleshwar - GPCB,,,,,,,,,,,,,,,,,,,,,,,,,,,,,,,,,,,,,,,
09-Jul-2015,16:15,09-Jul-2015,16:30,Gujarat,Ankleshwar,GIDC, Ankleshwar - GPCB,,,,,,,,,,,,,,,,,,,,,,,,,,,,,,,,,,,,,,,
09-Jul-2015,16:30,09-Jul-2015,16:45,Gujarat,Ankleshwar,GIDC, Ankleshwar - GPCB,,,,,,,,,,,,,,,,,,,,,,,,,,,,,,,,,,,,,,,
09-Jul-2015,16:45,09-Jul-2015,17:00,Gujarat,Ankleshwar,GIDC, Ankleshwar - GPCB,,,,,,,,,,,,,,,,,,,,,,,,,,,,,,,,,,,,,,,
09-Jul-2015,17:00,09-Jul-2015,17:15,Gujarat,Ankleshwar,GIDC, Ankleshwar - GPCB,,,,,,,,,,,,,,,,,,,,,,,,,,,,,,,,,,,,,,,
09-Jul-2015,17:15,09-Jul-2015,17:30,Gujarat,Ankleshwar,GIDC, Ankleshwar - GPCB,,,,,,,,,,,,,,,,,,,,,,,,,,,,,,,,,,,,,,,
09-Jul-2015,17:30,09-Jul-2015,17:45,Gujarat,Ankleshwar,GIDC, Ankleshwar - GPCB,,,,,,,,,,,,,,,,,,,,,,,,,,,,,,,,,,,,,,,
09-Jul-2015,17:45,09-Jul-2015,18:00,Gujarat,Ankleshwar,GIDC, Ankleshwar - GPCB,,,,,,,,,,,,,,,,,,,,,,,,,,,,,,,,,,,,,,,
09-Jul-2015,18:00,09-Jul-2015,18:15,Gujarat,Ankleshwar,GIDC, Ankleshwar - GPCB,,,,,,,,,,,,,,,,,,,,,,,,,,,,,,,,,,,,,,,
09-Jul-2015,18:15,09-Jul-2015,18:30,Gujarat,Ankleshwar,GIDC, Ankleshwar - GPCB,,,,,,,,,,,,,,,,,,,,,,,,,,,,,,,,,,,,,,,
09-Jul-2015,18:30,09-Jul-2015,18:45,Gujarat,Ankleshwar,GIDC, Ankleshwar - GPCB,,,,,,,,,,,,,,,,,,,,,,,,,,,,,,,,,,,,,,,
09-Jul-2015,18:45,09-Jul-2015,19:00,Gujarat,Ankleshwar,GIDC, Ankleshwar - GPCB,,,,,,,,,,,,,,,,,,,,,,,,,,,,,,,,,,,,,,,
09-Jul-2015,19:00,09-Jul-2015,19:15,Gujarat,Ankleshwar,GIDC, Ankleshwar - GPCB,,,,,,,,,,,,,,,,,,,,,,,,,,,,,,,,,,,,,,,
09-Jul-2015,19:15,09-Jul-2015,19:30,Gujarat,Ankleshwar,GIDC, Ankleshwar - GPCB,,,,,,,,,,,,,,,,,,,,,,,,,,,,,,,,,,,,,,,
09-Jul-2015,19:30,09-Jul-2015,19:45,Gujarat,Ankleshwar,GIDC, Ankleshwar - GPCB,,,,,,,,,,,,,,,,,,,,,,,,,,,,,,,,,,,,,,,
09-Jul-2015,19:45,09-Jul-2015,20:00,Gujarat,Ankleshwar,GIDC, Ankleshwar - GPCB,,,,,,,,,,,,,,,,,,,,,,,,,,,,,,,,,,,,,,,
09-Jul-2015,20:00,09-Jul-2015,20:15,Gujarat,Ankleshwar,GIDC, Ankleshwar - GPCB,,,,,,,,,,,,,,,,,,,,,,,,,,,,,,,,,,,,,,,
09-Jul-2015,20:15,09-Jul-2015,20:30,Gujarat,Ankleshwar,GIDC, Ankleshwar - GPCB,,,,,,,,,,,,,,,,,,,,,,,,,,,,,,,,,,,,,,,
09-Jul-2015,20:30,09-Jul-2015,20:45,Gujarat,Ankleshwar,GIDC, Ankleshwar - GPCB,,,,,,,,,,,,,,,,,,,,,,,,,,,,,,,,,,,,,,,
09-Jul-2015,20:45,09-Jul-2015,21:00,Gujarat,Ankleshwar,GIDC, Ankleshwar - GPCB,,,,,,,,,,,,,,,,,,,,,,,,,,,,,,,,,,,,,,,
09-Jul-2015,21:00,09-Jul-2015,21:15,Gujarat,Ankleshwar,GIDC, Ankleshwar - GPCB,,,,,,,,,,,,,,,,,,,,,,,,,,,,,,,,,,,,,,,
09-Jul-2015,21:15,09-Jul-2015,21:30,Gujarat,Ankleshwar,GIDC, Ankleshwar - GPCB,,,,,,,,,,,,,,,,,,,,,,,,,,,,,,,,,,,,,,,
09-Jul-2015,21:30,09-Jul-2015,21:45,Gujarat,Ankleshwar,GIDC, Ankleshwar - GPCB,,,,,,,,,,,,,,,,,,,,,,,,,,,,,,,,,,,,,,,
09-Jul-2015,21:45,09-Jul-2015,22:00,Gujarat,Ankleshwar,GIDC, Ankleshwar - GPCB,,,,,,,,,,,,,,,,,,,,,,,,,,,,,,,,,,,,,,,
09-Jul-2015,22:00,09-Jul-2015,22:15,Gujarat,Ankleshwar,GIDC, Ankleshwar - GPCB,,,,,,,,,,,,,,,,,,,,,,,,,,,,,,,,,,,,,,,
09-Jul-2015,22:15,09-Jul-2015,22:30,Gujarat,Ankleshwar,GIDC, Ankleshwar - GPCB,,,,,,,,,,,,,,,,,,,,,,,,,,,,,,,,,,,,,,,
09-Jul-2015,22:30,09-Jul-2015,22:45,Gujarat,Ankleshwar,GIDC, Ankleshwar - GPCB,,,,,,,,,,,,,,,,,,,,,,,,,,,,,,,,,,,,,,,
09-Jul-2015,22:45,09-Jul-2015,23:00,Gujarat,Ankleshwar,GIDC, Ankleshwar - GPCB,,,,,,,,,,,,,,,,,,,,,,,,,,,,,,,,,,,,,,,
09-Jul-2015,23:00,09-Jul-2015,23:15,Gujarat,Ankleshwar,GIDC, Ankleshwar - GPCB,,,,,,,,,,,,,,,,,,,,,,,,,,,,,,,,,,,,,,,
09-Jul-2015,23:15,09-Jul-2015,23:30,Gujarat,Ankleshwar,GIDC, Ankleshwar - GPCB,,,,,,,,,,,,,,,,,,,,,,,,,,,,,,,,,,,,,,,
09-Jul-2015,23:30,09-Jul-2015,23:45,Gujarat,Ankleshwar,GIDC, Ankleshwar - GPCB,,,,,,,,,,,,,,,,,,,,,,,,,,,,,,,,,,,,,,,
09-Jul-2015,23:45,10-Jul-2015,00:00,Gujarat,Ankleshwar,GIDC, Ankleshwar - GPCB,,,,,,,,,,,,,,,,,,,,,,,,,,,,,,,,,,,,,,,
10-Jul-2015,00:00,10-Jul-2015,00:15,Gujarat,Ankleshwar,GIDC, Ankleshwar - GPCB,,,,,,,,,,,,,,,,,,,,,,,,,,,,,,,,,,,,,,,
10-Jul-2015,00:15,10-Jul-2015,00:30,Gujarat,Ankleshwar,GIDC, Ankleshwar - GPCB,,,,,,,,,,,,,,,,,,,,,,,,,,,,,,,,,,,,,,,
10-Jul-2015,00:30,10-Jul-2015,00:45,Gujarat,Ankleshwar,GIDC, Ankleshwar - GPCB,,,,,,,,,,,,,,,,,,,,,,,,,,,,,,,,,,,,,,,
10-Jul-2015,00:45,10-Jul-2015,01:00,Gujarat,Ankleshwar,GIDC, Ankleshwar - GPCB,,,,,,,,,,,,,,,,,,,,,,,,,,,,,,,,,,,,,,,
10-Jul-2015,01:00,10-Jul-2015,01:15,Gujarat,Ankleshwar,GIDC, Ankleshwar - GPCB,,,,,,,,,,,,,,,,,,,,,,,,,,,,,,,,,,,,,,,
10-Jul-2015,01:15,10-Jul-2015,01:30,Gujarat,Ankleshwar,GIDC, Ankleshwar - GPCB,,,,,,,,,,,,,,,,,,,,,,,,,,,,,,,,,,,,,,,
10-Jul-2015,01:30,10-Jul-2015,01:45,Gujarat,Ankleshwar,GIDC, Ankleshwar - GPCB,,,,,,,,,,,,,,,,,,,,,,,,,,,,,,,,,,,,,,,
10-Jul-2015,01:45,10-Jul-2015,02:00,Gujarat,Ankleshwar,GIDC, Ankleshwar - GPCB,,,,,,,,,,,,,,,,,,,,,,,,,,,,,,,,,,,,,,,
10-Jul-2015,02:00,10-Jul-2015,02:15,Gujarat,Ankleshwar,GIDC, Ankleshwar - GPCB,,,,,,,,,,,,,,,,,,,,,,,,,,,,,,,,,,,,,,,
10-Jul-2015,02:15,10-Jul-2015,02:30,Gujarat,Ankleshwar,GIDC, Ankleshwar - GPCB,,,,,,,,,,,,,,,,,,,,,,,,,,,,,,,,,,,,,,,
10-Jul-2015,02:30,10-Jul-2015,02:45,Gujarat,Ankleshwar,GIDC, Ankleshwar - GPCB,,,,,,,,,,,,,,,,,,,,,,,,,,,,,,,,,,,,,,,
10-Jul-2015,02:45,10-Jul-2015,03:00,Gujarat,Ankleshwar,GIDC, Ankleshwar - GPCB,,,,,,,,,,,,,,,,,,,,,,,,,,,,,,,,,,,,,,,
10-Jul-2015,03:00,10-Jul-2015,03:15,Gujarat,Ankleshwar,GIDC, Ankleshwar - GPCB,,,,,,,,,,,,,,,,,,,,,,,,,,,,,,,,,,,,,,,
10-Jul-2015,03:15,10-Jul-2015,03:30,Gujarat,Ankleshwar,GIDC, Ankleshwar - GPCB,,,,,,,,,,,,,,,,,,,,,,,,,,,,,,,,,,,,,,,
10-Jul-2015,03:30,10-Jul-2015,03:45,Gujarat,Ankleshwar,GIDC, Ankleshwar - GPCB,,,,,,,,,,,,,,,,,,,,,,,,,,,,,,,,,,,,,,,
10-Jul-2015,03:45,10-Jul-2015,04:00,Gujarat,Ankleshwar,GIDC, Ankleshwar - GPCB,,,,,,,,,,,,,,,,,,,,,,,,,,,,,,,,,,,,,,,
10-Jul-2015,04:00,10-Jul-2015,04:15,Gujarat,Ankleshwar,GIDC, Ankleshwar - GPCB,,,,,,,,,,,,,,,,,,,,,,,,,,,,,,,,,,,,,,,
10-Jul-2015,04:15,10-Jul-2015,04:30,Gujarat,Ankleshwar,GIDC, Ankleshwar - GPCB,,,,,,,,,,,,,,,,,,,,,,,,,,,,,,,,,,,,,,,
10-Jul-2015,04:30,10-Jul-2015,04:45,Gujarat,Ankleshwar,GIDC, Ankleshwar - GPCB,,,,,,,,,,,,,,,,,,,,,,,,,,,,,,,,,,,,,,,
10-Jul-2015,04:45,10-Jul-2015,05:00,Gujarat,Ankleshwar,GIDC, Ankleshwar - GPCB,,,,,,,,,,,,,,,,,,,,,,,,,,,,,,,,,,,,,,,
10-Jul-2015,05:00,10-Jul-2015,05:15,Gujarat,Ankleshwar,GIDC, Ankleshwar - GPCB,,,,,,,,,,,,,,,,,,,,,,,,,,,,,,,,,,,,,,,
10-Jul-2015,05:15,10-Jul-2015,05:30,Gujarat,Ankleshwar,GIDC, Ankleshwar - GPCB,,,,,,,,,,,,,,,,,,,,,,,,,,,,,,,,,,,,,,,
10-Jul-2015,05:30,10-Jul-2015,05:45,Gujarat,Ankleshwar,GIDC, Ankleshwar - GPCB,,,,,,,,,,,,,,,,,,,,,,,,,,,,,,,,,,,,,,,
10-Jul-2015,05:45,10-Jul-2015,06:00,Gujarat,Ankleshwar,GIDC, Ankleshwar - GPCB,,,,,,,,,,,,,,,,,,,,,,,,,,,,,,,,,,,,,,,
10-Jul-2015,06:00,10-Jul-2015,06:15,Gujarat,Ankleshwar,GIDC, Ankleshwar - GPCB,,,,,,,,,,,,,,,,,,,,,,,,,,,,,,,,,,,,,,,
10-Jul-2015,06:15,10-Jul-2015,06:30,Gujarat,Ankleshwar,GIDC, Ankleshwar - GPCB,,,,,,,,,,,,,,,,,,,,,,,,,,,,,,,,,,,,,,,
10-Jul-2015,06:30,10-Jul-2015,06:45,Gujarat,Ankleshwar,GIDC, Ankleshwar - GPCB,,,,,,,,,,,,,,,,,,,,,,,,,,,,,,,,,,,,,,,
10-Jul-2015,06:45,10-Jul-2015,07:00,Gujarat,Ankleshwar,GIDC, Ankleshwar - GPCB,,,,,,,,,,,,,,,,,,,,,,,,,,,,,,,,,,,,,,,
10-Jul-2015,07:00,10-Jul-2015,07:15,Gujarat,Ankleshwar,GIDC, Ankleshwar - GPCB,,,,,,,,,,,,,,,,,,,,,,,,,,,,,,,,,,,,,,,
10-Jul-2015,07:15,10-Jul-2015,07:30,Gujarat,Ankleshwar,GIDC, Ankleshwar - GPCB,,,,,,,,,,,,,,,,,,,,,,,,,,,,,,,,,,,,,,,
10-Jul-2015,07:30,10-Jul-2015,07:45,Gujarat,Ankleshwar,GIDC, Ankleshwar - GPCB,,,,,,,,,,,,,,,,,,,,,,,,,,,,,,,,,,,,,,,
10-Jul-2015,07:45,10-Jul-2015,08:00,Gujarat,Ankleshwar,GIDC, Ankleshwar - GPCB,,,,,,,,,,,,,,,,,,,,,,,,,,,,,,,,,,,,,,,
10-Jul-2015,08:00,10-Jul-2015,08:15,Gujarat,Ankleshwar,GIDC, Ankleshwar - GPCB,,,,,,,,,,,,,,,,,,,,,,,,,,,,,,,,,,,,,,,
10-Jul-2015,08:15,10-Jul-2015,08:30,Gujarat,Ankleshwar,GIDC, Ankleshwar - GPCB,,,,,,,,,,,,,,,,,,,,,,,,,,,,,,,,,,,,,,,
10-Jul-2015,08:30,10-Jul-2015,08:45,Gujarat,Ankleshwar,GIDC, Ankleshwar - GPCB,,,,,,,,,,,,,,,,,,,,,,,,,,,,,,,,,,,,,,,
10-Jul-2015,08:45,10-Jul-2015,09:00,Gujarat,Ankleshwar,GIDC, Ankleshwar - GPCB,,,,,,,,,,,,,,,,,,,,,,,,,,,,,,,,,,,,,,,
10-Jul-2015,09:00,10-Jul-2015,09:15,Gujarat,Ankleshwar,GIDC, Ankleshwar - GPCB,,,,,,,,,,,,,,,,,,,,,,,,,,,,,,,,,,,,,,,
10-Jul-2015,09:15,10-Jul-2015,09:30,Gujarat,Ankleshwar,GIDC, Ankleshwar - GPCB,,,,,,,,,,,,,,,,,,,,,,,,,,,,,,,,,,,,,,,
10-Jul-2015,09:30,10-Jul-2015,09:45,Gujarat,Ankleshwar,GIDC, Ankleshwar - GPCB,,,,,,,,,,,,,,,,,,,,,,,,,,,,,,,,,,,,,,,
10-Jul-2015,09:45,10-Jul-2015,10:00,Gujarat,Ankleshwar,GIDC, Ankleshwar - GPCB,,,,,,,,,,,,,,,,,,,,,,,,,,,,,,,,,,,,,,,
10-Jul-2015,10:00,10-Jul-2015,10:15,Gujarat,Ankleshwar,GIDC, Ankleshwar - GPCB,,,,,,,,,,,,,,,,,,,,,,,,,,,,,,,,,,,,,,,
10-Jul-2015,10:15,10-Jul-2015,10:30,Gujarat,Ankleshwar,GIDC, Ankleshwar - GPCB,,,,,,,,,,,,,,,,,,,,,,,,,,,,,,,,,,,,,,,
10-Jul-2015,10:30,10-Jul-2015,10:45,Gujarat,Ankleshwar,GIDC, Ankleshwar - GPCB,,,,,,,,,,,,,,,,,,,,,,,,,,,,,,,,,,,,,,,
10-Jul-2015,10:45,10-Jul-2015,11:00,Gujarat,Ankleshwar,GIDC, Ankleshwar - GPCB,,,,,,,,,,,,,,,,,,,,,,,,,,,,,,,,,,,,,,,
10-Jul-2015,11:00,10-Jul-2015,11:15,Gujarat,Ankleshwar,GIDC, Ankleshwar - GPCB,,,,,,,,,,,,,,,,,,,,,,,,,,,,,,,,,,,,,,,
10-Jul-2015,11:15,10-Jul-2015,11:30,Gujarat,Ankleshwar,GIDC, Ankleshwar - GPCB,,,,,,,,,,,,,,,,,,,,,,,,,,,,,,,,,,,,,,,
10-Jul-2015,11:30,10-Jul-2015,11:45,Gujarat,Ankleshwar,GIDC, Ankleshwar - GPCB,,,,,,,,,,,,,,,,,,,,,,,,,,,,,,,,,,,,,,,
10-Jul-2015,11:45,10-Jul-2015,12:00,Gujarat,Ankleshwar,GIDC, Ankleshwar - GPCB,,,,,,,,,,,,,,,,,,,,,,,,,,,,,,,,,,,,,,,
10-Jul-2015,12:00,10-Jul-2015,12:15,Gujarat,Ankleshwar,GIDC, Ankleshwar - GPCB,,,,,,,,,,,,,,,,,,,,,,,,,,,,,,,,,,,,,,,
10-Jul-2015,12:15,10-Jul-2015,12:30,Gujarat,Ankleshwar,GIDC, Ankleshwar - GPCB,,,,,,,,,,,,,,,,,,,,,,,,,,,,,,,,,,,,,,,
10-Jul-2015,12:30,10-Jul-2015,12:45,Gujarat,Ankleshwar,GIDC, Ankleshwar - GPCB,,,,,,,,,,,,,,,,,,,,,,,,,,,,,,,,,,,,,,,
10-Jul-2015,12:45,10-Jul-2015,13:00,Gujarat,Ankleshwar,GIDC, Ankleshwar - GPCB,,,,,,,,,,,,,,,,,,,,,,,,,,,,,,,,,,,,,,,
10-Jul-2015,13:00,10-Jul-2015,13:15,Gujarat,Ankleshwar,GIDC, Ankleshwar - GPCB,,,,,,,,,,,,,,,,,,,,,,,,,,,,,,,,,,,,,,,
10-Jul-2015,13:15,10-Jul-2015,13:30,Gujarat,Ankleshwar,GIDC, Ankleshwar - GPCB,,,,,,,,,,,,,,,,,,,,,,,,,,,,,,,,,,,,,,,
10-Jul-2015,13:30,10-Jul-2015,13:45,Gujarat,Ankleshwar,GIDC, Ankleshwar - GPCB,,,,,,,,,,,,,,,,,,,,,,,,,,,,,,,,,,,,,,,
10-Jul-2015,13:45,10-Jul-2015,14:00,Gujarat,Ankleshwar,GIDC, Ankleshwar - GPCB,,,,,,,,,,,,,,,,,,,,,,,,,,,,,,,,,,,,,,,
10-Jul-2015,14:00,10-Jul-2015,14:15,Gujarat,Ankleshwar,GIDC, Ankleshwar - GPCB,,,,,,,,,,,,,,,,,,,,,,,,,,,,,,,,,,,,,,,
10-Jul-2015,14:15,10-Jul-2015,14:30,Gujarat,Ankleshwar,GIDC, Ankleshwar - GPCB,,,,,,,,,,,,,,,,,,,,,,,,,,,,,,,,,,,,,,,
10-Jul-2015,14:30,10-Jul-2015,14:45,Gujarat,Ankleshwar,GIDC, Ankleshwar - GPCB,,,,,,,,,,,,,,,,,,,,,,,,,,,,,,,,,,,,,,,
10-Jul-2015,14:45,10-Jul-2015,15:00,Gujarat,Ankleshwar,GIDC, Ankleshwar - GPCB,,,,,,,,,,,,,,,,,,,,,,,,,,,,,,,,,,,,,,,
10-Jul-2015,15:00,10-Jul-2015,15:15,Gujarat,Ankleshwar,GIDC, Ankleshwar - GPCB,,,,,,,,,,,,,,,,,,,,,,,,,,,,,,,,,,,,,,,
10-Jul-2015,15:15,10-Jul-2015,15:30,Gujarat,Ankleshwar,GIDC, Ankleshwar - GPCB,,,,,,,,,,,,,,,,,,,,,,,,,,,,,,,,,,,,,,,
10-Jul-2015,15:30,10-Jul-2015,15:45,Gujarat,Ankleshwar,GIDC, Ankleshwar - GPCB,,,,,,,,,,,,,,,,,,,,,,,,,,,,,,,,,,,,,,,
10-Jul-2015,15:45,10-Jul-2015,16:00,Gujarat,Ankleshwar,GIDC, Ankleshwar - GPCB,,,,,,,,,,,,,,,,,,,,,,,,,,,,,,,,,,,,,,,
10-Jul-2015,16:00,10-Jul-2015,16:15,Gujarat,Ankleshwar,GIDC, Ankleshwar - GPCB,,,,,,,,,,,,,,,,,,,,,,,,,,,,,,,,,,,,,,,
10-Jul-2015,16:15,10-Jul-2015,16:30,Gujarat,Ankleshwar,GIDC, Ankleshwar - GPCB,,,,,,,,,,,,,,,,,,,,,,,,,,,,,,,,,,,,,,,
10-Jul-2015,16:30,10-Jul-2015,16:45,Gujarat,Ankleshwar,GIDC, Ankleshwar - GPCB,,,,,,,,,,,,,,,,,,,,,,,,,,,,,,,,,,,,,,,
10-Jul-2015,16:45,10-Jul-2015,17:00,Gujarat,Ankleshwar,GIDC, Ankleshwar - GPCB,,,,,,,,,,,,,,,,,,,,,,,,,,,,,,,,,,,,,,,
10-Jul-2015,17:00,10-Jul-2015,17:15,Gujarat,Ankleshwar,GIDC, Ankleshwar - GPCB,,,,,,,,,,,,,,,,,,,,,,,,,,,,,,,,,,,,,,,
10-Jul-2015,17:15,10-Jul-2015,17:30,Gujarat,Ankleshwar,GIDC, Ankleshwar - GPCB,,,,,,,,,,,,,,,,,,,,,,,,,,,,,,,,,,,,,,,
10-Jul-2015,17:30,10-Jul-2015,17:45,Gujarat,Ankleshwar,GIDC, Ankleshwar - GPCB,,,,,,,,,,,,,,,,,,,,,,,,,,,,,,,,,,,,,,,
10-Jul-2015,17:45,10-Jul-2015,18:00,Gujarat,Ankleshwar,GIDC, Ankleshwar - GPCB,,,,,,,,,,,,,,,,,,,,,,,,,,,,,,,,,,,,,,,
10-Jul-2015,18:00,10-Jul-2015,18:15,Gujarat,Ankleshwar,GIDC, Ankleshwar - GPCB,,,,,,,,,,,,,,,,,,,,,,,,,,,,,,,,,,,,,,,
10-Jul-2015,18:15,10-Jul-2015,18:30,Gujarat,Ankleshwar,GIDC, Ankleshwar - GPCB,,,,,,,,,,,,,,,,,,,,,,,,,,,,,,,,,,,,,,,
10-Jul-2015,18:30,10-Jul-2015,18:45,Gujarat,Ankleshwar,GIDC, Ankleshwar - GPCB,,,,,,,,,,,,,,,,,,,,,,,,,,,,,,,,,,,,,,,
10-Jul-2015,18:45,10-Jul-2015,19:00,Gujarat,Ankleshwar,GIDC, Ankleshwar - GPCB,,,,,,,,,,,,,,,,,,,,,,,,,,,,,,,,,,,,,,,
10-Jul-2015,19:00,10-Jul-2015,19:15,Gujarat,Ankleshwar,GIDC, Ankleshwar - GPCB,,,,,,,,,,,,,,,,,,,,,,,,,,,,,,,,,,,,,,,
10-Jul-2015,19:15,10-Jul-2015,19:30,Gujarat,Ankleshwar,GIDC, Ankleshwar - GPCB,,,,,,,,,,,,,,,,,,,,,,,,,,,,,,,,,,,,,,,
10-Jul-2015,19:30,10-Jul-2015,19:45,Gujarat,Ankleshwar,GIDC, Ankleshwar - GPCB,,,,,,,,,,,,,,,,,,,,,,,,,,,,,,,,,,,,,,,
10-Jul-2015,19:45,10-Jul-2015,20:00,Gujarat,Ankleshwar,GIDC, Ankleshwar - GPCB,,,,,,,,,,,,,,,,,,,,,,,,,,,,,,,,,,,,,,,
10-Jul-2015,20:00,10-Jul-2015,20:15,Gujarat,Ankleshwar,GIDC, Ankleshwar - GPCB,,,,,,,,,,,,,,,,,,,,,,,,,,,,,,,,,,,,,,,
10-Jul-2015,20:15,10-Jul-2015,20:30,Gujarat,Ankleshwar,GIDC, Ankleshwar - GPCB,,,,,,,,,,,,,,,,,,,,,,,,,,,,,,,,,,,,,,,
10-Jul-2015,20:30,10-Jul-2015,20:45,Gujarat,Ankleshwar,GIDC, Ankleshwar - GPCB,,,,,,,,,,,,,,,,,,,,,,,,,,,,,,,,,,,,,,,
10-Jul-2015,20:45,10-Jul-2015,21:00,Gujarat,Ankleshwar,GIDC, Ankleshwar - GPCB,,,,,,,,,,,,,,,,,,,,,,,,,,,,,,,,,,,,,,,
10-Jul-2015,21:00,10-Jul-2015,21:15,Gujarat,Ankleshwar,GIDC, Ankleshwar - GPCB,,,,,,,,,,,,,,,,,,,,,,,,,,,,,,,,,,,,,,,
10-Jul-2015,21:15,10-Jul-2015,21:30,Gujarat,Ankleshwar,GIDC, Ankleshwar - GPCB,,,,,,,,,,,,,,,,,,,,,,,,,,,,,,,,,,,,,,,
10-Jul-2015,21:30,10-Jul-2015,21:45,Gujarat,Ankleshwar,GIDC, Ankleshwar - GPCB,,,,,,,,,,,,,,,,,,,,,,,,,,,,,,,,,,,,,,,
10-Jul-2015,21:45,10-Jul-2015,22:00,Gujarat,Ankleshwar,GIDC, Ankleshwar - GPCB,,,,,,,,,,,,,,,,,,,,,,,,,,,,,,,,,,,,,,,
10-Jul-2015,22:00,10-Jul-2015,22:15,Gujarat,Ankleshwar,GIDC, Ankleshwar - GPCB,,,,,,,,,,,,,,,,,,,,,,,,,,,,,,,,,,,,,,,
10-Jul-2015,22:15,10-Jul-2015,22:30,Gujarat,Ankleshwar,GIDC, Ankleshwar - GPCB,,,,,,,,,,,,,,,,,,,,,,,,,,,,,,,,,,,,,,,
10-Jul-2015,22:30,10-Jul-2015,22:45,Gujarat,Ankleshwar,GIDC, Ankleshwar - GPCB,,,,,,,,,,,,,,,,,,,,,,,,,,,,,,,,,,,,,,,
10-Jul-2015,22:45,10-Jul-2015,23:00,Gujarat,Ankleshwar,GIDC, Ankleshwar - GPCB,,,,,,,,,,,,,,,,,,,,,,,,,,,,,,,,,,,,,,,
10-Jul-2015,23:00,10-Jul-2015,23:15,Gujarat,Ankleshwar,GIDC, Ankleshwar - GPCB,,,,,,,,,,,,,,,,,,,,,,,,,,,,,,,,,,,,,,,
10-Jul-2015,23:15,10-Jul-2015,23:30,Gujarat,Ankleshwar,GIDC, Ankleshwar - GPCB,,,,,,,,,,,,,,,,,,,,,,,,,,,,,,,,,,,,,,,
10-Jul-2015,23:30,10-Jul-2015,23:45,Gujarat,Ankleshwar,GIDC, Ankleshwar - GPCB,,,,,,,,,,,,,,,,,,,,,,,,,,,,,,,,,,,,,,,
10-Jul-2015,23:45,11-Jul-2015,00:00,Gujarat,Ankleshwar,GIDC, Ankleshwar - GPCB,,,,,,,,,,,,,,,,,,,,,,,,,,,,,,,,,,,,,,,
11-Jul-2015,00:00,11-Jul-2015,00:15,Gujarat,Ankleshwar,GIDC, Ankleshwar - GPCB,,,,,,,,,,,,,,,,,,,,,,,,,,,,,,,,,,,,,,,
11-Jul-2015,00:15,11-Jul-2015,00:30,Gujarat,Ankleshwar,GIDC, Ankleshwar - GPCB,,,,,,,,,,,,,,,,,,,,,,,,,,,,,,,,,,,,,,,
11-Jul-2015,00:30,11-Jul-2015,00:45,Gujarat,Ankleshwar,GIDC, Ankleshwar - GPCB,,,,,,,,,,,,,,,,,,,,,,,,,,,,,,,,,,,,,,,
11-Jul-2015,00:45,11-Jul-2015,01:00,Gujarat,Ankleshwar,GIDC, Ankleshwar - GPCB,,,,,,,,,,,,,,,,,,,,,,,,,,,,,,,,,,,,,,,
11-Jul-2015,01:00,11-Jul-2015,01:15,Gujarat,Ankleshwar,GIDC, Ankleshwar - GPCB,,,,,,,,,,,,,,,,,,,,,,,,,,,,,,,,,,,,,,,
11-Jul-2015,01:15,11-Jul-2015,01:30,Gujarat,Ankleshwar,GIDC, Ankleshwar - GPCB,,,,,,,,,,,,,,,,,,,,,,,,,,,,,,,,,,,,,,,
11-Jul-2015,01:30,11-Jul-2015,01:45,Gujarat,Ankleshwar,GIDC, Ankleshwar - GPCB,,,,,,,,,,,,,,,,,,,,,,,,,,,,,,,,,,,,,,,
11-Jul-2015,01:45,11-Jul-2015,02:00,Gujarat,Ankleshwar,GIDC, Ankleshwar - GPCB,,,,,,,,,,,,,,,,,,,,,,,,,,,,,,,,,,,,,,,
11-Jul-2015,02:00,11-Jul-2015,02:15,Gujarat,Ankleshwar,GIDC, Ankleshwar - GPCB,,,,,,,,,,,,,,,,,,,,,,,,,,,,,,,,,,,,,,,
11-Jul-2015,02:15,11-Jul-2015,02:30,Gujarat,Ankleshwar,GIDC, Ankleshwar - GPCB,,,,,,,,,,,,,,,,,,,,,,,,,,,,,,,,,,,,,,,
11-Jul-2015,02:30,11-Jul-2015,02:45,Gujarat,Ankleshwar,GIDC, Ankleshwar - GPCB,,,,,,,,,,,,,,,,,,,,,,,,,,,,,,,,,,,,,,,
11-Jul-2015,02:45,11-Jul-2015,03:00,Gujarat,Ankleshwar,GIDC, Ankleshwar - GPCB,,,,,,,,,,,,,,,,,,,,,,,,,,,,,,,,,,,,,,,
11-Jul-2015,03:00,11-Jul-2015,03:15,Gujarat,Ankleshwar,GIDC, Ankleshwar - GPCB,,,,,,,,,,,,,,,,,,,,,,,,,,,,,,,,,,,,,,,
11-Jul-2015,03:15,11-Jul-2015,03:30,Gujarat,Ankleshwar,GIDC, Ankleshwar - GPCB,,,,,,,,,,,,,,,,,,,,,,,,,,,,,,,,,,,,,,,
11-Jul-2015,03:30,11-Jul-2015,03:45,Gujarat,Ankleshwar,GIDC, Ankleshwar - GPCB,,,,,,,,,,,,,,,,,,,,,,,,,,,,,,,,,,,,,,,
11-Jul-2015,03:45,11-Jul-2015,04:00,Gujarat,Ankleshwar,GIDC, Ankleshwar - GPCB,,,,,,,,,,,,,,,,,,,,,,,,,,,,,,,,,,,,,,,
11-Jul-2015,04:00,11-Jul-2015,04:15,Gujarat,Ankleshwar,GIDC, Ankleshwar - GPCB,,,,,,,,,,,,,,,,,,,,,,,,,,,,,,,,,,,,,,,
11-Jul-2015,04:15,11-Jul-2015,04:30,Gujarat,Ankleshwar,GIDC, Ankleshwar - GPCB,,,,,,,,,,,,,,,,,,,,,,,,,,,,,,,,,,,,,,,
11-Jul-2015,04:30,11-Jul-2015,04:45,Gujarat,Ankleshwar,GIDC, Ankleshwar - GPCB,,,,,,,,,,,,,,,,,,,,,,,,,,,,,,,,,,,,,,,
11-Jul-2015,04:45,11-Jul-2015,05:00,Gujarat,Ankleshwar,GIDC, Ankleshwar - GPCB,,,,,,,,,,,,,,,,,,,,,,,,,,,,,,,,,,,,,,,
11-Jul-2015,05:00,11-Jul-2015,05:15,Gujarat,Ankleshwar,GIDC, Ankleshwar - GPCB,,,,,,,,,,,,,,,,,,,,,,,,,,,,,,,,,,,,,,,
11-Jul-2015,05:15,11-Jul-2015,05:30,Gujarat,Ankleshwar,GIDC, Ankleshwar - GPCB,,,,,,,,,,,,,,,,,,,,,,,,,,,,,,,,,,,,,,,
11-Jul-2015,05:30,11-Jul-2015,05:45,Gujarat,Ankleshwar,GIDC, Ankleshwar - GPCB,,,,,,,,,,,,,,,,,,,,,,,,,,,,,,,,,,,,,,,
11-Jul-2015,05:45,11-Jul-2015,06:00,Gujarat,Ankleshwar,GIDC, Ankleshwar - GPCB,,,,,,,,,,,,,,,,,,,,,,,,,,,,,,,,,,,,,,,
11-Jul-2015,06:00,11-Jul-2015,06:15,Gujarat,Ankleshwar,GIDC, Ankleshwar - GPCB,,,,,,,,,,,,,,,,,,,,,,,,,,,,,,,,,,,,,,,
11-Jul-2015,06:15,11-Jul-2015,06:30,Gujarat,Ankleshwar,GIDC, Ankleshwar - GPCB,,,,,,,,,,,,,,,,,,,,,,,,,,,,,,,,,,,,,,,
11-Jul-2015,06:30,11-Jul-2015,06:45,Gujarat,Ankleshwar,GIDC, Ankleshwar - GPCB,,,,,,,,,,,,,,,,,,,,,,,,,,,,,,,,,,,,,,,
11-Jul-2015,06:45,11-Jul-2015,07:00,Gujarat,Ankleshwar,GIDC, Ankleshwar - GPCB,,,,,,,,,,,,,,,,,,,,,,,,,,,,,,,,,,,,,,,
11-Jul-2015,07:00,11-Jul-2015,07:15,Gujarat,Ankleshwar,GIDC, Ankleshwar - GPCB,,,,,,,,,,,,,,,,,,,,,,,,,,,,,,,,,,,,,,,
11-Jul-2015,07:15,11-Jul-2015,07:30,Gujarat,Ankleshwar,GIDC, Ankleshwar - GPCB,,,,,,,,,,,,,,,,,,,,,,,,,,,,,,,,,,,,,,,
11-Jul-2015,07:30,11-Jul-2015,07:45,Gujarat,Ankleshwar,GIDC, Ankleshwar - GPCB,,,,,,,,,,,,,,,,,,,,,,,,,,,,,,,,,,,,,,,
11-Jul-2015,07:45,11-Jul-2015,08:00,Gujarat,Ankleshwar,GIDC, Ankleshwar - GPCB,,,,,,,,,,,,,,,,,,,,,,,,,,,,,,,,,,,,,,,
11-Jul-2015,08:00,11-Jul-2015,08:15,Gujarat,Ankleshwar,GIDC, Ankleshwar - GPCB,,,,,,,,,,,,,,,,,,,,,,,,,,,,,,,,,,,,,,,
11-Jul-2015,08:15,11-Jul-2015,08:30,Gujarat,Ankleshwar,GIDC, Ankleshwar - GPCB,,,,,,,,,,,,,,,,,,,,,,,,,,,,,,,,,,,,,,,
11-Jul-2015,08:30,11-Jul-2015,08:45,Gujarat,Ankleshwar,GIDC, Ankleshwar - GPCB,,,,,,,,,,,,,,,,,,,,,,,,,,,,,,,,,,,,,,,
11-Jul-2015,08:45,11-Jul-2015,09:00,Gujarat,Ankleshwar,GIDC, Ankleshwar - GPCB,,,,,,,,,,,,,,,,,,,,,,,,,,,,,,,,,,,,,,,
11-Jul-2015,09:00,11-Jul-2015,09:15,Gujarat,Ankleshwar,GIDC, Ankleshwar - GPCB,,,,,,,,,,,,,,,,,,,,,,,,,,,,,,,,,,,,,,,
11-Jul-2015,09:15,11-Jul-2015,09:30,Gujarat,Ankleshwar,GIDC, Ankleshwar - GPCB,,,,,,,,,,,,,,,,,,,,,,,,,,,,,,,,,,,,,,,
11-Jul-2015,09:30,11-Jul-2015,09:45,Gujarat,Ankleshwar,GIDC, Ankleshwar - GPCB,,,,,,,,,,,,,,,,,,,,,,,,,,,,,,,,,,,,,,,
11-Jul-2015,09:45,11-Jul-2015,10:00,Gujarat,Ankleshwar,GIDC, Ankleshwar - GPCB,,,,,,,,,,,,,,,,,,,,,,,,,,,,,,,,,,,,,,,
11-Jul-2015,10:00,11-Jul-2015,10:15,Gujarat,Ankleshwar,GIDC, Ankleshwar - GPCB,,,,,,,,,,,,,,,,,,,,,,,,,,,,,,,,,,,,,,,
11-Jul-2015,10:15,11-Jul-2015,10:30,Gujarat,Ankleshwar,GIDC, Ankleshwar - GPCB,,,,,,,,,,,,,,,,,,,,,,,,,,,,,,,,,,,,,,,
11-Jul-2015,10:30,11-Jul-2015,10:45,Gujarat,Ankleshwar,GIDC, Ankleshwar - GPCB,,,,,,,,,,,,,,,,,,,,,,,,,,,,,,,,,,,,,,,
11-Jul-2015,10:45,11-Jul-2015,11:00,Gujarat,Ankleshwar,GIDC, Ankleshwar - GPCB,,,,,,,,,,,,,,,,,,,,,,,,,,,,,,,,,,,,,,,
11-Jul-2015,11:00,11-Jul-2015,11:15,Gujarat,Ankleshwar,GIDC, Ankleshwar - GPCB,,,,,,,,,,,,,,,,,,,,,,,,,,,,,,,,,,,,,,,
11-Jul-2015,11:15,11-Jul-2015,11:30,Gujarat,Ankleshwar,GIDC, Ankleshwar - GPCB,,,,,,,,,,,,,,,,,,,,,,,,,,,,,,,,,,,,,,,
11-Jul-2015,11:30,11-Jul-2015,11:45,Gujarat,Ankleshwar,GIDC, Ankleshwar - GPCB,,,,,,,,,,,,,,,,,,,,,,,,,,,,,,,,,,,,,,,
11-Jul-2015,11:45,11-Jul-2015,12:00,Gujarat,Ankleshwar,GIDC, Ankleshwar - GPCB,,,,,,,,,,,,,,,,,,,,,,,,,,,,,,,,,,,,,,,
11-Jul-2015,12:00,11-Jul-2015,12:15,Gujarat,Ankleshwar,GIDC, Ankleshwar - GPCB,,,,,,,,,,,,,,,,,,,,,,,,,,,,,,,,,,,,,,,
11-Jul-2015,12:15,11-Jul-2015,12:30,Gujarat,Ankleshwar,GIDC, Ankleshwar - GPCB,,,,,,,,,,,,,,,,,,,,,,,,,,,,,,,,,,,,,,,
11-Jul-2015,12:30,11-Jul-2015,12:45,Gujarat,Ankleshwar,GIDC, Ankleshwar - GPCB,,,,,,,,,,,,,,,,,,,,,,,,,,,,,,,,,,,,,,,
11-Jul-2015,12:45,11-Jul-2015,13:00,Gujarat,Ankleshwar,GIDC, Ankleshwar - GPCB,,,,,,,,,,,,,,,,,,,,,,,,,,,,,,,,,,,,,,,
11-Jul-2015,13:00,11-Jul-2015,13:15,Gujarat,Ankleshwar,GIDC, Ankleshwar - GPCB,,,,,,,,,,,,,,,,,,,,,,,,,,,,,,,,,,,,,,,
11-Jul-2015,13:15,11-Jul-2015,13:30,Gujarat,Ankleshwar,GIDC, Ankleshwar - GPCB,,,,,,,,,,,,,,,,,,,,,,,,,,,,,,,,,,,,,,,
11-Jul-2015,13:30,11-Jul-2015,13:45,Gujarat,Ankleshwar,GIDC, Ankleshwar - GPCB,,,,,,,,,,,,,,,,,,,,,,,,,,,,,,,,,,,,,,,
11-Jul-2015,13:45,11-Jul-2015,14:00,Gujarat,Ankleshwar,GIDC, Ankleshwar - GPCB,,,,,,,,,,,,,,,,,,,,,,,,,,,,,,,,,,,,,,,
11-Jul-2015,14:00,11-Jul-2015,14:15,Gujarat,Ankleshwar,GIDC, Ankleshwar - GPCB,,,,,,,,,,,,,,,,,,,,,,,,,,,,,,,,,,,,,,,
11-Jul-2015,14:15,11-Jul-2015,14:30,Gujarat,Ankleshwar,GIDC, Ankleshwar - GPCB,,,,,,,,,,,,,,,,,,,,,,,,,,,,,,,,,,,,,,,
11-Jul-2015,14:30,11-Jul-2015,14:45,Gujarat,Ankleshwar,GIDC, Ankleshwar - GPCB,,,,,,,,,,,,,,,,,,,,,,,,,,,,,,,,,,,,,,,
11-Jul-2015,14:45,11-Jul-2015,15:00,Gujarat,Ankleshwar,GIDC, Ankleshwar - GPCB,,,,,,,,,,,,,,,,,,,,,,,,,,,,,,,,,,,,,,,
11-Jul-2015,15:00,11-Jul-2015,15:15,Gujarat,Ankleshwar,GIDC, Ankleshwar - GPCB,,,,,,,,,,,,,,,,,,,,,,,,,,,,,,,,,,,,,,,
11-Jul-2015,15:15,11-Jul-2015,15:30,Gujarat,Ankleshwar,GIDC, Ankleshwar - GPCB,,,,,,,,,,,,,,,,,,,,,,,,,,,,,,,,,,,,,,,
11-Jul-2015,15:30,11-Jul-2015,15:45,Gujarat,Ankleshwar,GIDC, Ankleshwar - GPCB,,,,,,,,,,,,,,,,,,,,,,,,,,,,,,,,,,,,,,,
11-Jul-2015,15:45,11-Jul-2015,16:00,Gujarat,Ankleshwar,GIDC, Ankleshwar - GPCB,,,,,,,,,,,,,,,,,,,,,,,,,,,,,,,,,,,,,,,
11-Jul-2015,16:00,11-Jul-2015,16:15,Gujarat,Ankleshwar,GIDC, Ankleshwar - GPCB,,,,,,,,,,,,,,,,,,,,,,,,,,,,,,,,,,,,,,,
11-Jul-2015,16:15,11-Jul-2015,16:30,Gujarat,Ankleshwar,GIDC, Ankleshwar - GPCB,,,,,,,,,,,,,,,,,,,,,,,,,,,,,,,,,,,,,,,
11-Jul-2015,16:30,11-Jul-2015,16:45,Gujarat,Ankleshwar,GIDC, Ankleshwar - GPCB,,,,,,,,,,,,,,,,,,,,,,,,,,,,,,,,,,,,,,,
11-Jul-2015,16:45,11-Jul-2015,17:00,Gujarat,Ankleshwar,GIDC, Ankleshwar - GPCB,,,,,,,,,,,,,,,,,,,,,,,,,,,,,,,,,,,,,,,
11-Jul-2015,17:00,11-Jul-2015,17:15,Gujarat,Ankleshwar,GIDC, Ankleshwar - GPCB,,,,,,,,,,,,,,,,,,,,,,,,,,,,,,,,,,,,,,,
11-Jul-2015,17:15,11-Jul-2015,17:30,Gujarat,Ankleshwar,GIDC, Ankleshwar - GPCB,,,,,,,,,,,,,,,,,,,,,,,,,,,,,,,,,,,,,,,
11-Jul-2015,17:30,11-Jul-2015,17:45,Gujarat,Ankleshwar,GIDC, Ankleshwar - GPCB,,,,,,,,,,,,,,,,,,,,,,,,,,,,,,,,,,,,,,,
11-Jul-2015,17:45,11-Jul-2015,18:00,Gujarat,Ankleshwar,GIDC, Ankleshwar - GPCB,,,,,,,,,,,,,,,,,,,,,,,,,,,,,,,,,,,,,,,
11-Jul-2015,18:00,11-Jul-2015,18:15,Gujarat,Ankleshwar,GIDC, Ankleshwar - GPCB,,,,,,,,,,,,,,,,,,,,,,,,,,,,,,,,,,,,,,,
11-Jul-2015,18:15,11-Jul-2015,18:30,Gujarat,Ankleshwar,GIDC, Ankleshwar - GPCB,,,,,,,,,,,,,,,,,,,,,,,,,,,,,,,,,,,,,,,
11-Jul-2015,18:30,11-Jul-2015,18:45,Gujarat,Ankleshwar,GIDC, Ankleshwar - GPCB,,,,,,,,,,,,,,,,,,,,,,,,,,,,,,,,,,,,,,,
11-Jul-2015,18:45,11-Jul-2015,19:00,Gujarat,Ankleshwar,GIDC, Ankleshwar - GPCB,,,,,,,,,,,,,,,,,,,,,,,,,,,,,,,,,,,,,,,
11-Jul-2015,19:00,11-Jul-2015,19:15,Gujarat,Ankleshwar,GIDC, Ankleshwar - GPCB,,,,,,,,,,,,,,,,,,,,,,,,,,,,,,,,,,,,,,,
11-Jul-2015,19:15,11-Jul-2015,19:30,Gujarat,Ankleshwar,GIDC, Ankleshwar - GPCB,,,,,,,,,,,,,,,,,,,,,,,,,,,,,,,,,,,,,,,
11-Jul-2015,19:30,11-Jul-2015,19:45,Gujarat,Ankleshwar,GIDC, Ankleshwar - GPCB,,,,,,,,,,,,,,,,,,,,,,,,,,,,,,,,,,,,,,,
11-Jul-2015,19:45,11-Jul-2015,20:00,Gujarat,Ankleshwar,GIDC, Ankleshwar - GPCB,,,,,,,,,,,,,,,,,,,,,,,,,,,,,,,,,,,,,,,
11-Jul-2015,20:00,11-Jul-2015,20:15,Gujarat,Ankleshwar,GIDC, Ankleshwar - GPCB,,,,,,,,,,,,,,,,,,,,,,,,,,,,,,,,,,,,,,,
11-Jul-2015,20:15,11-Jul-2015,20:30,Gujarat,Ankleshwar,GIDC, Ankleshwar - GPCB,,,,,,,,,,,,,,,,,,,,,,,,,,,,,,,,,,,,,,,
11-Jul-2015,20:30,11-Jul-2015,20:45,Gujarat,Ankleshwar,GIDC, Ankleshwar - GPCB,,,,,,,,,,,,,,,,,,,,,,,,,,,,,,,,,,,,,,,
11-Jul-2015,20:45,11-Jul-2015,21:00,Gujarat,Ankleshwar,GIDC, Ankleshwar - GPCB,,,,,,,,,,,,,,,,,,,,,,,,,,,,,,,,,,,,,,,
11-Jul-2015,21:00,11-Jul-2015,21:15,Gujarat,Ankleshwar,GIDC, Ankleshwar - GPCB,,,,,,,,,,,,,,,,,,,,,,,,,,,,,,,,,,,,,,,
11-Jul-2015,21:15,11-Jul-2015,21:30,Gujarat,Ankleshwar,GIDC, Ankleshwar - GPCB,,,,,,,,,,,,,,,,,,,,,,,,,,,,,,,,,,,,,,,
11-Jul-2015,21:30,11-Jul-2015,21:45,Gujarat,Ankleshwar,GIDC, Ankleshwar - GPCB,,,,,,,,,,,,,,,,,,,,,,,,,,,,,,,,,,,,,,,
11-Jul-2015,21:45,11-Jul-2015,22:00,Gujarat,Ankleshwar,GIDC, Ankleshwar - GPCB,,,,,,,,,,,,,,,,,,,,,,,,,,,,,,,,,,,,,,,
11-Jul-2015,22:00,11-Jul-2015,22:15,Gujarat,Ankleshwar,GIDC, Ankleshwar - GPCB,,,,,,,,,,,,,,,,,,,,,,,,,,,,,,,,,,,,,,,
11-Jul-2015,22:15,11-Jul-2015,22:30,Gujarat,Ankleshwar,GIDC, Ankleshwar - GPCB,,,,,,,,,,,,,,,,,,,,,,,,,,,,,,,,,,,,,,,
11-Jul-2015,22:30,11-Jul-2015,22:45,Gujarat,Ankleshwar,GIDC, Ankleshwar - GPCB,,,,,,,,,,,,,,,,,,,,,,,,,,,,,,,,,,,,,,,
11-Jul-2015,22:45,11-Jul-2015,23:00,Gujarat,Ankleshwar,GIDC, Ankleshwar - GPCB,,,,,,,,,,,,,,,,,,,,,,,,,,,,,,,,,,,,,,,
11-Jul-2015,23:00,11-Jul-2015,23:15,Gujarat,Ankleshwar,GIDC, Ankleshwar - GPCB,,,,,,,,,,,,,,,,,,,,,,,,,,,,,,,,,,,,,,,
11-Jul-2015,23:15,11-Jul-2015,23:30,Gujarat,Ankleshwar,GIDC, Ankleshwar - GPCB,,,,,,,,,,,,,,,,,,,,,,,,,,,,,,,,,,,,,,,
11-Jul-2015,23:30,11-Jul-2015,23:45,Gujarat,Ankleshwar,GIDC, Ankleshwar - GPCB,,,,,,,,,,,,,,,,,,,,,,,,,,,,,,,,,,,,,,,
11-Jul-2015,23:45,12-Jul-2015,00:00,Gujarat,Ankleshwar,GIDC, Ankleshwar - GPCB,,,,,,,,,,,,,,,,,,,,,,,,,,,,,,,,,,,,,,,
12-Jul-2015,00:00,12-Jul-2015,00:15,Gujarat,Ankleshwar,GIDC, Ankleshwar - GPCB,,,,,,,,,,,,,,,,,,,,,,,,,,,,,,,,,,,,,,,
12-Jul-2015,00:15,12-Jul-2015,00:30,Gujarat,Ankleshwar,GIDC, Ankleshwar - GPCB,,,,,,,,,,,,,,,,,,,,,,,,,,,,,,,,,,,,,,,
12-Jul-2015,00:30,12-Jul-2015,00:45,Gujarat,Ankleshwar,GIDC, Ankleshwar - GPCB,,,,,,,,,,,,,,,,,,,,,,,,,,,,,,,,,,,,,,,
12-Jul-2015,00:45,12-Jul-2015,01:00,Gujarat,Ankleshwar,GIDC, Ankleshwar - GPCB,,,,,,,,,,,,,,,,,,,,,,,,,,,,,,,,,,,,,,,
12-Jul-2015,01:00,12-Jul-2015,01:15,Gujarat,Ankleshwar,GIDC, Ankleshwar - GPCB,,,,,,,,,,,,,,,,,,,,,,,,,,,,,,,,,,,,,,,
12-Jul-2015,01:15,12-Jul-2015,01:30,Gujarat,Ankleshwar,GIDC, Ankleshwar - GPCB,,,,,,,,,,,,,,,,,,,,,,,,,,,,,,,,,,,,,,,
12-Jul-2015,01:30,12-Jul-2015,01:45,Gujarat,Ankleshwar,GIDC, Ankleshwar - GPCB,,,,,,,,,,,,,,,,,,,,,,,,,,,,,,,,,,,,,,,
12-Jul-2015,01:45,12-Jul-2015,02:00,Gujarat,Ankleshwar,GIDC, Ankleshwar - GPCB,,,,,,,,,,,,,,,,,,,,,,,,,,,,,,,,,,,,,,,
12-Jul-2015,02:00,12-Jul-2015,02:15,Gujarat,Ankleshwar,GIDC, Ankleshwar - GPCB,,,,,,,,,,,,,,,,,,,,,,,,,,,,,,,,,,,,,,,
12-Jul-2015,02:15,12-Jul-2015,02:30,Gujarat,Ankleshwar,GIDC, Ankleshwar - GPCB,,,,,,,,,,,,,,,,,,,,,,,,,,,,,,,,,,,,,,,
12-Jul-2015,02:30,12-Jul-2015,02:45,Gujarat,Ankleshwar,GIDC, Ankleshwar - GPCB,,,,,,,,,,,,,,,,,,,,,,,,,,,,,,,,,,,,,,,
12-Jul-2015,02:45,12-Jul-2015,03:00,Gujarat,Ankleshwar,GIDC, Ankleshwar - GPCB,,,,,,,,,,,,,,,,,,,,,,,,,,,,,,,,,,,,,,,
12-Jul-2015,03:00,12-Jul-2015,03:15,Gujarat,Ankleshwar,GIDC, Ankleshwar - GPCB,,,,,,,,,,,,,,,,,,,,,,,,,,,,,,,,,,,,,,,
12-Jul-2015,03:15,12-Jul-2015,03:30,Gujarat,Ankleshwar,GIDC, Ankleshwar - GPCB,,,,,,,,,,,,,,,,,,,,,,,,,,,,,,,,,,,,,,,
12-Jul-2015,03:30,12-Jul-2015,03:45,Gujarat,Ankleshwar,GIDC, Ankleshwar - GPCB,,,,,,,,,,,,,,,,,,,,,,,,,,,,,,,,,,,,,,,
12-Jul-2015,03:45,12-Jul-2015,04:00,Gujarat,Ankleshwar,GIDC, Ankleshwar - GPCB,,,,,,,,,,,,,,,,,,,,,,,,,,,,,,,,,,,,,,,
12-Jul-2015,04:00,12-Jul-2015,04:15,Gujarat,Ankleshwar,GIDC, Ankleshwar - GPCB,,,,,,,,,,,,,,,,,,,,,,,,,,,,,,,,,,,,,,,
12-Jul-2015,04:15,12-Jul-2015,04:30,Gujarat,Ankleshwar,GIDC, Ankleshwar - GPCB,,,,,,,,,,,,,,,,,,,,,,,,,,,,,,,,,,,,,,,
12-Jul-2015,04:30,12-Jul-2015,04:45,Gujarat,Ankleshwar,GIDC, Ankleshwar - GPCB,,,,,,,,,,,,,,,,,,,,,,,,,,,,,,,,,,,,,,,
12-Jul-2015,04:45,12-Jul-2015,05:00,Gujarat,Ankleshwar,GIDC, Ankleshwar - GPCB,,,,,,,,,,,,,,,,,,,,,,,,,,,,,,,,,,,,,,,
12-Jul-2015,05:00,12-Jul-2015,05:15,Gujarat,Ankleshwar,GIDC, Ankleshwar - GPCB,,,,,,,,,,,,,,,,,,,,,,,,,,,,,,,,,,,,,,,
12-Jul-2015,05:15,12-Jul-2015,05:30,Gujarat,Ankleshwar,GIDC, Ankleshwar - GPCB,,,,,,,,,,,,,,,,,,,,,,,,,,,,,,,,,,,,,,,
12-Jul-2015,05:30,12-Jul-2015,05:45,Gujarat,Ankleshwar,GIDC, Ankleshwar - GPCB,,,,,,,,,,,,,,,,,,,,,,,,,,,,,,,,,,,,,,,
12-Jul-2015,05:45,12-Jul-2015,06:00,Gujarat,Ankleshwar,GIDC, Ankleshwar - GPCB,,,,,,,,,,,,,,,,,,,,,,,,,,,,,,,,,,,,,,,
12-Jul-2015,06:00,12-Jul-2015,06:15,Gujarat,Ankleshwar,GIDC, Ankleshwar - GPCB,,,,,,,,,,,,,,,,,,,,,,,,,,,,,,,,,,,,,,,
12-Jul-2015,06:15,12-Jul-2015,06:30,Gujarat,Ankleshwar,GIDC, Ankleshwar - GPCB,,,,,,,,,,,,,,,,,,,,,,,,,,,,,,,,,,,,,,,
12-Jul-2015,06:30,12-Jul-2015,06:45,Gujarat,Ankleshwar,GIDC, Ankleshwar - GPCB,,,,,,,,,,,,,,,,,,,,,,,,,,,,,,,,,,,,,,,
12-Jul-2015,06:45,12-Jul-2015,07:00,Gujarat,Ankleshwar,GIDC, Ankleshwar - GPCB,,,,,,,,,,,,,,,,,,,,,,,,,,,,,,,,,,,,,,,
12-Jul-2015,07:00,12-Jul-2015,07:15,Gujarat,Ankleshwar,GIDC, Ankleshwar - GPCB,,,,,,,,,,,,,,,,,,,,,,,,,,,,,,,,,,,,,,,
12-Jul-2015,07:15,12-Jul-2015,07:30,Gujarat,Ankleshwar,GIDC, Ankleshwar - GPCB,,,,,,,,,,,,,,,,,,,,,,,,,,,,,,,,,,,,,,,
12-Jul-2015,07:30,12-Jul-2015,07:45,Gujarat,Ankleshwar,GIDC, Ankleshwar - GPCB,,,,,,,,,,,,,,,,,,,,,,,,,,,,,,,,,,,,,,,
12-Jul-2015,07:45,12-Jul-2015,08:00,Gujarat,Ankleshwar,GIDC, Ankleshwar - GPCB,,,,,,,,,,,,,,,,,,,,,,,,,,,,,,,,,,,,,,,
12-Jul-2015,08:00,12-Jul-2015,08:15,Gujarat,Ankleshwar,GIDC, Ankleshwar - GPCB,,,,,,,,,,,,,,,,,,,,,,,,,,,,,,,,,,,,,,,
12-Jul-2015,08:15,12-Jul-2015,08:30,Gujarat,Ankleshwar,GIDC, Ankleshwar - GPCB,,,,,,,,,,,,,,,,,,,,,,,,,,,,,,,,,,,,,,,
12-Jul-2015,08:30,12-Jul-2015,08:45,Gujarat,Ankleshwar,GIDC, Ankleshwar - GPCB,,,,,,,,,,,,,,,,,,,,,,,,,,,,,,,,,,,,,,,
12-Jul-2015,08:45,12-Jul-2015,09:00,Gujarat,Ankleshwar,GIDC, Ankleshwar - GPCB,,,,,,,,,,,,,,,,,,,,,,,,,,,,,,,,,,,,,,,
12-Jul-2015,09:00,12-Jul-2015,09:15,Gujarat,Ankleshwar,GIDC, Ankleshwar - GPCB,,,,,,,,,,,,,,,,,,,,,,,,,,,,,,,,,,,,,,,
12-Jul-2015,09:15,12-Jul-2015,09:30,Gujarat,Ankleshwar,GIDC, Ankleshwar - GPCB,,,,,,,,,,,,,,,,,,,,,,,,,,,,,,,,,,,,,,,
12-Jul-2015,09:30,12-Jul-2015,09:45,Gujarat,Ankleshwar,GIDC, Ankleshwar - GPCB,,,,,,,,,,,,,,,,,,,,,,,,,,,,,,,,,,,,,,,
12-Jul-2015,09:45,12-Jul-2015,10:00,Gujarat,Ankleshwar,GIDC, Ankleshwar - GPCB,,,,,,,,,,,,,,,,,,,,,,,,,,,,,,,,,,,,,,,
12-Jul-2015,10:00,12-Jul-2015,10:15,Gujarat,Ankleshwar,GIDC, Ankleshwar - GPCB,,,,,,,,,,,,,,,,,,,,,,,,,,,,,,,,,,,,,,,
12-Jul-2015,10:15,12-Jul-2015,10:30,Gujarat,Ankleshwar,GIDC, Ankleshwar - GPCB,,,,,,,,,,,,,,,,,,,,,,,,,,,,,,,,,,,,,,,
12-Jul-2015,10:30,12-Jul-2015,10:45,Gujarat,Ankleshwar,GIDC, Ankleshwar - GPCB,,,,,,,,,,,,,,,,,,,,,,,,,,,,,,,,,,,,,,,
12-Jul-2015,10:45,12-Jul-2015,11:00,Gujarat,Ankleshwar,GIDC, Ankleshwar - GPCB,,,,,,,,,,,,,,,,,,,,,,,,,,,,,,,,,,,,,,,
12-Jul-2015,11:00,12-Jul-2015,11:15,Gujarat,Ankleshwar,GIDC, Ankleshwar - GPCB,,,,,,,,,,,,,,,,,,,,,,,,,,,,,,,,,,,,,,,
12-Jul-2015,11:15,12-Jul-2015,11:30,Gujarat,Ankleshwar,GIDC, Ankleshwar - GPCB,,,,,,,,,,,,,,,,,,,,,,,,,,,,,,,,,,,,,,,
12-Jul-2015,11:30,12-Jul-2015,11:45,Gujarat,Ankleshwar,GIDC, Ankleshwar - GPCB,,,,,,,,,,,,,,,,,,,,,,,,,,,,,,,,,,,,,,,
12-Jul-2015,11:45,12-Jul-2015,12:00,Gujarat,Ankleshwar,GIDC, Ankleshwar - GPCB,,,,,,,,,,,,,,,,,,,,,,,,,,,,,,,,,,,,,,,
12-Jul-2015,12:00,12-Jul-2015,12:15,Gujarat,Ankleshwar,GIDC, Ankleshwar - GPCB,,,,,,,,,,,,,,,,,,,,,,,,,,,,,,,,,,,,,,,
12-Jul-2015,12:15,12-Jul-2015,12:30,Gujarat,Ankleshwar,GIDC, Ankleshwar - GPCB,,,,,,,,,,,,,,,,,,,,,,,,,,,,,,,,,,,,,,,
12-Jul-2015,12:30,12-Jul-2015,12:45,Gujarat,Ankleshwar,GIDC, Ankleshwar - GPCB,,,,,,,,,,,,,,,,,,,,,,,,,,,,,,,,,,,,,,,
12-Jul-2015,12:45,12-Jul-2015,13:00,Gujarat,Ankleshwar,GIDC, Ankleshwar - GPCB,,,,,,,,,,,,,,,,,,,,,,,,,,,,,,,,,,,,,,,
12-Jul-2015,13:00,12-Jul-2015,13:15,Gujarat,Ankleshwar,GIDC, Ankleshwar - GPCB,,,,,,,,,,,,,,,,,,,,,,,,,,,,,,,,,,,,,,,
12-Jul-2015,13:15,12-Jul-2015,13:30,Gujarat,Ankleshwar,GIDC, Ankleshwar - GPCB,,,,,,,,,,,,,,,,,,,,,,,,,,,,,,,,,,,,,,,
12-Jul-2015,13:30,12-Jul-2015,13:45,Gujarat,Ankleshwar,GIDC, Ankleshwar - GPCB,,,,,,,,,,,,,,,,,,,,,,,,,,,,,,,,,,,,,,,
12-Jul-2015,13:45,12-Jul-2015,14:00,Gujarat,Ankleshwar,GIDC, Ankleshwar - GPCB,,,,,,,,,,,,,,,,,,,,,,,,,,,,,,,,,,,,,,,
12-Jul-2015,14:00,12-Jul-2015,14:15,Gujarat,Ankleshwar,GIDC, Ankleshwar - GPCB,,,,,,,,,,,,,,,,,,,,,,,,,,,,,,,,,,,,,,,
12-Jul-2015,14:15,12-Jul-2015,14:30,Gujarat,Ankleshwar,GIDC, Ankleshwar - GPCB,,,,,,,,,,,,,,,,,,,,,,,,,,,,,,,,,,,,,,,
12-Jul-2015,14:30,12-Jul-2015,14:45,Gujarat,Ankleshwar,GIDC, Ankleshwar - GPCB,,,,,,,,,,,,,,,,,,,,,,,,,,,,,,,,,,,,,,,
12-Jul-2015,14:45,12-Jul-2015,15:00,Gujarat,Ankleshwar,GIDC, Ankleshwar - GPCB,,,,,,,,,,,,,,,,,,,,,,,,,,,,,,,,,,,,,,,
12-Jul-2015,15:00,12-Jul-2015,15:15,Gujarat,Ankleshwar,GIDC, Ankleshwar - GPCB,,,,,,,,,,,,,,,,,,,,,,,,,,,,,,,,,,,,,,,
12-Jul-2015,15:15,12-Jul-2015,15:30,Gujarat,Ankleshwar,GIDC, Ankleshwar - GPCB,,,,,,,,,,,,,,,,,,,,,,,,,,,,,,,,,,,,,,,
12-Jul-2015,15:30,12-Jul-2015,15:45,Gujarat,Ankleshwar,GIDC, Ankleshwar - GPCB,,,,,,,,,,,,,,,,,,,,,,,,,,,,,,,,,,,,,,,
12-Jul-2015,15:45,12-Jul-2015,16:00,Gujarat,Ankleshwar,GIDC, Ankleshwar - GPCB,,,,,,,,,,,,,,,,,,,,,,,,,,,,,,,,,,,,,,,
12-Jul-2015,16:00,12-Jul-2015,16:15,Gujarat,Ankleshwar,GIDC, Ankleshwar - GPCB,,,,,,,,,,,,,,,,,,,,,,,,,,,,,,,,,,,,,,,
12-Jul-2015,16:15,12-Jul-2015,16:30,Gujarat,Ankleshwar,GIDC, Ankleshwar - GPCB,,,,,,,,,,,,,,,,,,,,,,,,,,,,,,,,,,,,,,,
12-Jul-2015,16:30,12-Jul-2015,16:45,Gujarat,Ankleshwar,GIDC, Ankleshwar - GPCB,,,,,,,,,,,,,,,,,,,,,,,,,,,,,,,,,,,,,,,
12-Jul-2015,16:45,12-Jul-2015,17:00,Gujarat,Ankleshwar,GIDC, Ankleshwar - GPCB,,,,,,,,,,,,,,,,,,,,,,,,,,,,,,,,,,,,,,,
12-Jul-2015,17:00,12-Jul-2015,17:15,Gujarat,Ankleshwar,GIDC, Ankleshwar - GPCB,,,,,,,,,,,,,,,,,,,,,,,,,,,,,,,,,,,,,,,
12-Jul-2015,17:15,12-Jul-2015,17:30,Gujarat,Ankleshwar,GIDC, Ankleshwar - GPCB,,,,,,,,,,,,,,,,,,,,,,,,,,,,,,,,,,,,,,,
12-Jul-2015,17:30,12-Jul-2015,17:45,Gujarat,Ankleshwar,GIDC, Ankleshwar - GPCB,,,,,,,,,,,,,,,,,,,,,,,,,,,,,,,,,,,,,,,
12-Jul-2015,17:45,12-Jul-2015,18:00,Gujarat,Ankleshwar,GIDC, Ankleshwar - GPCB,,,,,,,,,,,,,,,,,,,,,,,,,,,,,,,,,,,,,,,
12-Jul-2015,18:00,12-Jul-2015,18:15,Gujarat,Ankleshwar,GIDC, Ankleshwar - GPCB,,,,,,,,,,,,,,,,,,,,,,,,,,,,,,,,,,,,,,,
12-Jul-2015,18:15,12-Jul-2015,18:30,Gujarat,Ankleshwar,GIDC, Ankleshwar - GPCB,,,,,,,,,,,,,,,,,,,,,,,,,,,,,,,,,,,,,,,
12-Jul-2015,18:30,12-Jul-2015,18:45,Gujarat,Ankleshwar,GIDC, Ankleshwar - GPCB,,,,,,,,,,,,,,,,,,,,,,,,,,,,,,,,,,,,,,,
12-Jul-2015,18:45,12-Jul-2015,19:00,Gujarat,Ankleshwar,GIDC, Ankleshwar - GPCB,,,,,,,,,,,,,,,,,,,,,,,,,,,,,,,,,,,,,,,
12-Jul-2015,19:00,12-Jul-2015,19:15,Gujarat,Ankleshwar,GIDC, Ankleshwar - GPCB,,,,,,,,,,,,,,,,,,,,,,,,,,,,,,,,,,,,,,,
12-Jul-2015,19:15,12-Jul-2015,19:30,Gujarat,Ankleshwar,GIDC, Ankleshwar - GPCB,,,,,,,,,,,,,,,,,,,,,,,,,,,,,,,,,,,,,,,
12-Jul-2015,19:30,12-Jul-2015,19:45,Gujarat,Ankleshwar,GIDC, Ankleshwar - GPCB,,,,,,,,,,,,,,,,,,,,,,,,,,,,,,,,,,,,,,,
12-Jul-2015,19:45,12-Jul-2015,20:00,Gujarat,Ankleshwar,GIDC, Ankleshwar - GPCB,,,,,,,,,,,,,,,,,,,,,,,,,,,,,,,,,,,,,,,
12-Jul-2015,20:00,12-Jul-2015,20:15,Gujarat,Ankleshwar,GIDC, Ankleshwar - GPCB,,,,,,,,,,,,,,,,,,,,,,,,,,,,,,,,,,,,,,,
12-Jul-2015,20:15,12-Jul-2015,20:30,Gujarat,Ankleshwar,GIDC, Ankleshwar - GPCB,,,,,,,,,,,,,,,,,,,,,,,,,,,,,,,,,,,,,,,
12-Jul-2015,20:30,12-Jul-2015,20:45,Gujarat,Ankleshwar,GIDC, Ankleshwar - GPCB,,,,,,,,,,,,,,,,,,,,,,,,,,,,,,,,,,,,,,,
12-Jul-2015,20:45,12-Jul-2015,21:00,Gujarat,Ankleshwar,GIDC, Ankleshwar - GPCB,,,,,,,,,,,,,,,,,,,,,,,,,,,,,,,,,,,,,,,
12-Jul-2015,21:00,12-Jul-2015,21:15,Gujarat,Ankleshwar,GIDC, Ankleshwar - GPCB,,,,,,,,,,,,,,,,,,,,,,,,,,,,,,,,,,,,,,,
12-Jul-2015,21:15,12-Jul-2015,21:30,Gujarat,Ankleshwar,GIDC, Ankleshwar - GPCB,,,,,,,,,,,,,,,,,,,,,,,,,,,,,,,,,,,,,,,
12-Jul-2015,21:30,12-Jul-2015,21:45,Gujarat,Ankleshwar,GIDC, Ankleshwar - GPCB,,,,,,,,,,,,,,,,,,,,,,,,,,,,,,,,,,,,,,,
12-Jul-2015,21:45,12-Jul-2015,22:00,Gujarat,Ankleshwar,GIDC, Ankleshwar - GPCB,,,,,,,,,,,,,,,,,,,,,,,,,,,,,,,,,,,,,,,
12-Jul-2015,22:00,12-Jul-2015,22:15,Gujarat,Ankleshwar,GIDC, Ankleshwar - GPCB,,,,,,,,,,,,,,,,,,,,,,,,,,,,,,,,,,,,,,,
12-Jul-2015,22:15,12-Jul-2015,22:30,Gujarat,Ankleshwar,GIDC, Ankleshwar - GPCB,,,,,,,,,,,,,,,,,,,,,,,,,,,,,,,,,,,,,,,
12-Jul-2015,22:30,12-Jul-2015,22:45,Gujarat,Ankleshwar,GIDC, Ankleshwar - GPCB,,,,,,,,,,,,,,,,,,,,,,,,,,,,,,,,,,,,,,,
12-Jul-2015,22:45,12-Jul-2015,23:00,Gujarat,Ankleshwar,GIDC, Ankleshwar - GPCB,,,,,,,,,,,,,,,,,,,,,,,,,,,,,,,,,,,,,,,
12-Jul-2015,23:00,12-Jul-2015,23:15,Gujarat,Ankleshwar,GIDC, Ankleshwar - GPCB,,,,,,,,,,,,,,,,,,,,,,,,,,,,,,,,,,,,,,,
12-Jul-2015,23:15,12-Jul-2015,23:30,Gujarat,Ankleshwar,GIDC, Ankleshwar - GPCB,,,,,,,,,,,,,,,,,,,,,,,,,,,,,,,,,,,,,,,
12-Jul-2015,23:30,12-Jul-2015,23:45,Gujarat,Ankleshwar,GIDC, Ankleshwar - GPCB,,,,,,,,,,,,,,,,,,,,,,,,,,,,,,,,,,,,,,,
12-Jul-2015,23:45,13-Jul-2015,00:00,Gujarat,Ankleshwar,GIDC, Ankleshwar - GPCB,,,,,,,,,,,,,,,,,,,,,,,,,,,,,,,,,,,,,,,
13-Jul-2015,00:00,13-Jul-2015,00:15,Gujarat,Ankleshwar,GIDC, Ankleshwar - GPCB,,,,,,,,,,,,,,,,,,,,,,,,,,,,,,,,,,,,,,,
13-Jul-2015,00:15,13-Jul-2015,00:30,Gujarat,Ankleshwar,GIDC, Ankleshwar - GPCB,,,,,,,,,,,,,,,,,,,,,,,,,,,,,,,,,,,,,,,
13-Jul-2015,00:30,13-Jul-2015,00:45,Gujarat,Ankleshwar,GIDC, Ankleshwar - GPCB,,,,,,,,,,,,,,,,,,,,,,,,,,,,,,,,,,,,,,,
13-Jul-2015,00:45,13-Jul-2015,01:00,Gujarat,Ankleshwar,GIDC, Ankleshwar - GPCB,,,,,,,,,,,,,,,,,,,,,,,,,,,,,,,,,,,,,,,
13-Jul-2015,01:00,13-Jul-2015,01:15,Gujarat,Ankleshwar,GIDC, Ankleshwar - GPCB,,,,,,,,,,,,,,,,,,,,,,,,,,,,,,,,,,,,,,,
13-Jul-2015,01:15,13-Jul-2015,01:30,Gujarat,Ankleshwar,GIDC, Ankleshwar - GPCB,,,,,,,,,,,,,,,,,,,,,,,,,,,,,,,,,,,,,,,
13-Jul-2015,01:30,13-Jul-2015,01:45,Gujarat,Ankleshwar,GIDC, Ankleshwar - GPCB,,,,,,,,,,,,,,,,,,,,,,,,,,,,,,,,,,,,,,,
13-Jul-2015,01:45,13-Jul-2015,02:00,Gujarat,Ankleshwar,GIDC, Ankleshwar - GPCB,,,,,,,,,,,,,,,,,,,,,,,,,,,,,,,,,,,,,,,
13-Jul-2015,02:00,13-Jul-2015,02:15,Gujarat,Ankleshwar,GIDC, Ankleshwar - GPCB,,,,,,,,,,,,,,,,,,,,,,,,,,,,,,,,,,,,,,,
13-Jul-2015,02:15,13-Jul-2015,02:30,Gujarat,Ankleshwar,GIDC, Ankleshwar - GPCB,,,,,,,,,,,,,,,,,,,,,,,,,,,,,,,,,,,,,,,
13-Jul-2015,02:30,13-Jul-2015,02:45,Gujarat,Ankleshwar,GIDC, Ankleshwar - GPCB,,,,,,,,,,,,,,,,,,,,,,,,,,,,,,,,,,,,,,,
13-Jul-2015,02:45,13-Jul-2015,03:00,Gujarat,Ankleshwar,GIDC, Ankleshwar - GPCB,,,,,,,,,,,,,,,,,,,,,,,,,,,,,,,,,,,,,,,
13-Jul-2015,03:00,13-Jul-2015,03:15,Gujarat,Ankleshwar,GIDC, Ankleshwar - GPCB,,,,,,,,,,,,,,,,,,,,,,,,,,,,,,,,,,,,,,,
13-Jul-2015,03:15,13-Jul-2015,03:30,Gujarat,Ankleshwar,GIDC, Ankleshwar - GPCB,,,,,,,,,,,,,,,,,,,,,,,,,,,,,,,,,,,,,,,
13-Jul-2015,03:30,13-Jul-2015,03:45,Gujarat,Ankleshwar,GIDC, Ankleshwar - GPCB,,,,,,,,,,,,,,,,,,,,,,,,,,,,,,,,,,,,,,,
13-Jul-2015,03:45,13-Jul-2015,04:00,Gujarat,Ankleshwar,GIDC, Ankleshwar - GPCB,,,,,,,,,,,,,,,,,,,,,,,,,,,,,,,,,,,,,,,
13-Jul-2015,04:00,13-Jul-2015,04:15,Gujarat,Ankleshwar,GIDC, Ankleshwar - GPCB,,,,,,,,,,,,,,,,,,,,,,,,,,,,,,,,,,,,,,,
13-Jul-2015,04:15,13-Jul-2015,04:30,Gujarat,Ankleshwar,GIDC, Ankleshwar - GPCB,,,,,,,,,,,,,,,,,,,,,,,,,,,,,,,,,,,,,,,
13-Jul-2015,04:30,13-Jul-2015,04:45,Gujarat,Ankleshwar,GIDC, Ankleshwar - GPCB,,,,,,,,,,,,,,,,,,,,,,,,,,,,,,,,,,,,,,,
13-Jul-2015,04:45,13-Jul-2015,05:00,Gujarat,Ankleshwar,GIDC, Ankleshwar - GPCB,,,,,,,,,,,,,,,,,,,,,,,,,,,,,,,,,,,,,,,
13-Jul-2015,05:00,13-Jul-2015,05:15,Gujarat,Ankleshwar,GIDC, Ankleshwar - GPCB,,,,,,,,,,,,,,,,,,,,,,,,,,,,,,,,,,,,,,,
13-Jul-2015,05:15,13-Jul-2015,05:30,Gujarat,Ankleshwar,GIDC, Ankleshwar - GPCB,,,,,,,,,,,,,,,,,,,,,,,,,,,,,,,,,,,,,,,
13-Jul-2015,05:30,13-Jul-2015,05:45,Gujarat,Ankleshwar,GIDC, Ankleshwar - GPCB,,,,,,,,,,,,,,,,,,,,,,,,,,,,,,,,,,,,,,,
13-Jul-2015,05:45,13-Jul-2015,06:00,Gujarat,Ankleshwar,GIDC, Ankleshwar - GPCB,,,,,,,,,,,,,,,,,,,,,,,,,,,,,,,,,,,,,,,
13-Jul-2015,06:00,13-Jul-2015,06:15,Gujarat,Ankleshwar,GIDC, Ankleshwar - GPCB,,,,,,,,,,,,,,,,,,,,,,,,,,,,,,,,,,,,,,,
13-Jul-2015,06:15,13-Jul-2015,06:30,Gujarat,Ankleshwar,GIDC, Ankleshwar - GPCB,,,,,,,,,,,,,,,,,,,,,,,,,,,,,,,,,,,,,,,
13-Jul-2015,06:30,13-Jul-2015,06:45,Gujarat,Ankleshwar,GIDC, Ankleshwar - GPCB,,,,,,,,,,,,,,,,,,,,,,,,,,,,,,,,,,,,,,,
13-Jul-2015,06:45,13-Jul-2015,07:00,Gujarat,Ankleshwar,GIDC, Ankleshwar - GPCB,,,,,,,,,,,,,,,,,,,,,,,,,,,,,,,,,,,,,,,
13-Jul-2015,07:00,13-Jul-2015,07:15,Gujarat,Ankleshwar,GIDC, Ankleshwar - GPCB,,,,,,,,,,,,,,,,,,,,,,,,,,,,,,,,,,,,,,,
13-Jul-2015,07:15,13-Jul-2015,07:30,Gujarat,Ankleshwar,GIDC, Ankleshwar - GPCB,,,,,,,,,,,,,,,,,,,,,,,,,,,,,,,,,,,,,,,
13-Jul-2015,07:30,13-Jul-2015,07:45,Gujarat,Ankleshwar,GIDC, Ankleshwar - GPCB,,,,,,,,,,,,,,,,,,,,,,,,,,,,,,,,,,,,,,,
13-Jul-2015,07:45,13-Jul-2015,08:00,Gujarat,Ankleshwar,GIDC, Ankleshwar - GPCB,,,,,,,,,,,,,,,,,,,,,,,,,,,,,,,,,,,,,,,
13-Jul-2015,08:00,13-Jul-2015,08:15,Gujarat,Ankleshwar,GIDC, Ankleshwar - GPCB,,,,,,,,,,,,,,,,,,,,,,,,,,,,,,,,,,,,,,,
13-Jul-2015,08:15,13-Jul-2015,08:30,Gujarat,Ankleshwar,GIDC, Ankleshwar - GPCB,,,,,,,,,,,,,,,,,,,,,,,,,,,,,,,,,,,,,,,
13-Jul-2015,08:30,13-Jul-2015,08:45,Gujarat,Ankleshwar,GIDC, Ankleshwar - GPCB,,,,,,,,,,,,,,,,,,,,,,,,,,,,,,,,,,,,,,,
13-Jul-2015,08:45,13-Jul-2015,09:00,Gujarat,Ankleshwar,GIDC, Ankleshwar - GPCB,,,,,,,,,,,,,,,,,,,,,,,,,,,,,,,,,,,,,,,
13-Jul-2015,09:00,13-Jul-2015,09:15,Gujarat,Ankleshwar,GIDC, Ankleshwar - GPCB,,,,,,,,,,,,,,,,,,,,,,,,,,,,,,,,,,,,,,,
13-Jul-2015,09:15,13-Jul-2015,09:30,Gujarat,Ankleshwar,GIDC, Ankleshwar - GPCB,,,,,,,,,,,,,,,,,,,,,,,,,,,,,,,,,,,,,,,
13-Jul-2015,09:30,13-Jul-2015,09:45,Gujarat,Ankleshwar,GIDC, Ankleshwar - GPCB,,,,,,,,,,,,,,,,,,,,,,,,,,,,,,,,,,,,,,,
13-Jul-2015,09:45,13-Jul-2015,10:00,Gujarat,Ankleshwar,GIDC, Ankleshwar - GPCB,,,,,,,,,,,,,,,,,,,,,,,,,,,,,,,,,,,,,,,
13-Jul-2015,10:00,13-Jul-2015,10:15,Gujarat,Ankleshwar,GIDC, Ankleshwar - GPCB,,,,,,,,,,,,,,,,,,,,,,,,,,,,,,,,,,,,,,,
13-Jul-2015,10:15,13-Jul-2015,10:30,Gujarat,Ankleshwar,GIDC, Ankleshwar - GPCB,,,,,,,,,,,,,,,,,,,,,,,,,,,,,,,,,,,,,,,
13-Jul-2015,10:30,13-Jul-2015,10:45,Gujarat,Ankleshwar,GIDC, Ankleshwar - GPCB,,,,,,,,,,,,,,,,,,,,,,,,,,,,,,,,,,,,,,,
13-Jul-2015,10:45,13-Jul-2015,11:00,Gujarat,Ankleshwar,GIDC, Ankleshwar - GPCB,,,,,,,,,,,,,,,,,,,,,,,,,,,,,,,,,,,,,,,
13-Jul-2015,11:00,13-Jul-2015,11:15,Gujarat,Ankleshwar,GIDC, Ankleshwar - GPCB,,,,,,,,,,,,,,,,,,,,,,,,,,,,,,,,,,,,,,,
13-Jul-2015,11:15,13-Jul-2015,11:30,Gujarat,Ankleshwar,GIDC, Ankleshwar - GPCB,,,,,,,,,,,,,,,,,,,,,,,,,,,,,,,,,,,,,,,
13-Jul-2015,11:30,13-Jul-2015,11:45,Gujarat,Ankleshwar,GIDC, Ankleshwar - GPCB,,,,,,,,,,,,,,,,,,,,,,,,,,,,,,,,,,,,,,,
13-Jul-2015,11:45,13-Jul-2015,12:00,Gujarat,Ankleshwar,GIDC, Ankleshwar - GPCB,,,,,,,,,,,,,,,,,,,,,,,,,,,,,,,,,,,,,,,
13-Jul-2015,12:00,13-Jul-2015,12:15,Gujarat,Ankleshwar,GIDC, Ankleshwar - GPCB,,,,,,,,,,,,,,,,,,,,,,,,,,,,,,,,,,,,,,,
13-Jul-2015,12:15,13-Jul-2015,12:30,Gujarat,Ankleshwar,GIDC, Ankleshwar - GPCB,,,,,,,,,,,,,,,,,,,,,,,,,,,,,,,,,,,,,,,
13-Jul-2015,12:30,13-Jul-2015,12:45,Gujarat,Ankleshwar,GIDC, Ankleshwar - GPCB,,,,,,,,,,,,,,,,,,,,,,,,,,,,,,,,,,,,,,,
13-Jul-2015,12:45,13-Jul-2015,13:00,Gujarat,Ankleshwar,GIDC, Ankleshwar - GPCB,,,,,,,,,,,,,,,,,,,,,,,,,,,,,,,,,,,,,,,
13-Jul-2015,13:00,13-Jul-2015,13:15,Gujarat,Ankleshwar,GIDC, Ankleshwar - GPCB,,,,,,,,,,,,,,,,,,,,,,,,,,,,,,,,,,,,,,,
13-Jul-2015,13:15,13-Jul-2015,13:30,Gujarat,Ankleshwar,GIDC, Ankleshwar - GPCB,,,,,,,,,,,,,,,,,,,,,,,,,,,,,,,,,,,,,,,
13-Jul-2015,13:30,13-Jul-2015,13:45,Gujarat,Ankleshwar,GIDC, Ankleshwar - GPCB,,,,,,,,,,,,,,,,,,,,,,,,,,,,,,,,,,,,,,,
13-Jul-2015,13:45,13-Jul-2015,14:00,Gujarat,Ankleshwar,GIDC, Ankleshwar - GPCB,,,,,,,,,,,,,,,,,,,,,,,,,,,,,,,,,,,,,,,
13-Jul-2015,14:00,13-Jul-2015,14:15,Gujarat,Ankleshwar,GIDC, Ankleshwar - GPCB,,,,,,,,,,,,,,,,,,,,,,,,,,,,,,,,,,,,,,,
13-Jul-2015,14:15,13-Jul-2015,14:30,Gujarat,Ankleshwar,GIDC, Ankleshwar - GPCB,,,,,,,,,,,,,,,,,,,,,,,,,,,,,,,,,,,,,,,
13-Jul-2015,14:30,13-Jul-2015,14:45,Gujarat,Ankleshwar,GIDC, Ankleshwar - GPCB,,,,,,,,,,,,,,,,,,,,,,,,,,,,,,,,,,,,,,,
13-Jul-2015,14:45,13-Jul-2015,15:00,Gujarat,Ankleshwar,GIDC, Ankleshwar - GPCB,,,,,,,,,,,,,,,,,,,,,,,,,,,,,,,,,,,,,,,
13-Jul-2015,15:00,13-Jul-2015,15:15,Gujarat,Ankleshwar,GIDC, Ankleshwar - GPCB,,,,,,,,,,,,,,,,,,,,,,,,,,,,,,,,,,,,,,,
13-Jul-2015,15:15,13-Jul-2015,15:30,Gujarat,Ankleshwar,GIDC, Ankleshwar - GPCB,,,,,,,,,,,,,,,,,,,,,,,,,,,,,,,,,,,,,,,
13-Jul-2015,15:30,13-Jul-2015,15:45,Gujarat,Ankleshwar,GIDC, Ankleshwar - GPCB,,,,,,,,,,,,,,,,,,,,,,,,,,,,,,,,,,,,,,,
13-Jul-2015,15:45,13-Jul-2015,16:00,Gujarat,Ankleshwar,GIDC, Ankleshwar - GPCB,,,,,,,,,,,,,,,,,,,,,,,,,,,,,,,,,,,,,,,
13-Jul-2015,16:00,13-Jul-2015,16:15,Gujarat,Ankleshwar,GIDC, Ankleshwar - GPCB,,,,,,,,,,,,,,,,,,,,,,,,,,,,,,,,,,,,,,,
13-Jul-2015,16:15,13-Jul-2015,16:30,Gujarat,Ankleshwar,GIDC, Ankleshwar - GPCB,,,,,,,,,,,,,,,,,,,,,,,,,,,,,,,,,,,,,,,
13-Jul-2015,16:30,13-Jul-2015,16:45,Gujarat,Ankleshwar,GIDC, Ankleshwar - GPCB,,,,,,,,,,,,,,,,,,,,,,,,,,,,,,,,,,,,,,,
13-Jul-2015,16:45,13-Jul-2015,17:00,Gujarat,Ankleshwar,GIDC, Ankleshwar - GPCB,,,,,,,,,,,,,,,,,,,,,,,,,,,,,,,,,,,,,,,
13-Jul-2015,17:00,13-Jul-2015,17:15,Gujarat,Ankleshwar,GIDC, Ankleshwar - GPCB,,,,,,,,,,,,,,,,,,,,,,,,,,,,,,,,,,,,,,,
13-Jul-2015,17:15,13-Jul-2015,17:30,Gujarat,Ankleshwar,GIDC, Ankleshwar - GPCB,,,,,,,,,,,,,,,,,,,,,,,,,,,,,,,,,,,,,,,
13-Jul-2015,17:30,13-Jul-2015,17:45,Gujarat,Ankleshwar,GIDC, Ankleshwar - GPCB,,,,,,,,,,,,,,,,,,,,,,,,,,,,,,,,,,,,,,,
13-Jul-2015,17:45,13-Jul-2015,18:00,Gujarat,Ankleshwar,GIDC, Ankleshwar - GPCB,,,,,,,,,,,,,,,,,,,,,,,,,,,,,,,,,,,,,,,
13-Jul-2015,18:00,13-Jul-2015,18:15,Gujarat,Ankleshwar,GIDC, Ankleshwar - GPCB,,,,,,,,,,,,,,,,,,,,,,,,,,,,,,,,,,,,,,,
13-Jul-2015,18:15,13-Jul-2015,18:30,Gujarat,Ankleshwar,GIDC, Ankleshwar - GPCB,,,,,,,,,,,,,,,,,,,,,,,,,,,,,,,,,,,,,,,
13-Jul-2015,18:30,13-Jul-2015,18:45,Gujarat,Ankleshwar,GIDC, Ankleshwar - GPCB,,,,,,,,,,,,,,,,,,,,,,,,,,,,,,,,,,,,,,,
13-Jul-2015,18:45,13-Jul-2015,19:00,Gujarat,Ankleshwar,GIDC, Ankleshwar - GPCB,,,,,,,,,,,,,,,,,,,,,,,,,,,,,,,,,,,,,,,
13-Jul-2015,19:00,13-Jul-2015,19:15,Gujarat,Ankleshwar,GIDC, Ankleshwar - GPCB,,,,,,,,,,,,,,,,,,,,,,,,,,,,,,,,,,,,,,,
13-Jul-2015,19:15,13-Jul-2015,19:30,Gujarat,Ankleshwar,GIDC, Ankleshwar - GPCB,,,,,,,,,,,,,,,,,,,,,,,,,,,,,,,,,,,,,,,
13-Jul-2015,19:30,13-Jul-2015,19:45,Gujarat,Ankleshwar,GIDC, Ankleshwar - GPCB,,,,,,,,,,,,,,,,,,,,,,,,,,,,,,,,,,,,,,,
13-Jul-2015,19:45,13-Jul-2015,20:00,Gujarat,Ankleshwar,GIDC, Ankleshwar - GPCB,,,,,,,,,,,,,,,,,,,,,,,,,,,,,,,,,,,,,,,
13-Jul-2015,20:00,13-Jul-2015,20:15,Gujarat,Ankleshwar,GIDC, Ankleshwar - GPCB,,,,,,,,,,,,,,,,,,,,,,,,,,,,,,,,,,,,,,,
13-Jul-2015,20:15,13-Jul-2015,20:30,Gujarat,Ankleshwar,GIDC, Ankleshwar - GPCB,,,,,,,,,,,,,,,,,,,,,,,,,,,,,,,,,,,,,,,
13-Jul-2015,20:30,13-Jul-2015,20:45,Gujarat,Ankleshwar,GIDC, Ankleshwar - GPCB,,,,,,,,,,,,,,,,,,,,,,,,,,,,,,,,,,,,,,,
13-Jul-2015,20:45,13-Jul-2015,21:00,Gujarat,Ankleshwar,GIDC, Ankleshwar - GPCB,,,,,,,,,,,,,,,,,,,,,,,,,,,,,,,,,,,,,,,
13-Jul-2015,21:00,13-Jul-2015,21:15,Gujarat,Ankleshwar,GIDC, Ankleshwar - GPCB,,,,,,,,,,,,,,,,,,,,,,,,,,,,,,,,,,,,,,,
13-Jul-2015,21:15,13-Jul-2015,21:30,Gujarat,Ankleshwar,GIDC, Ankleshwar - GPCB,,,,,,,,,,,,,,,,,,,,,,,,,,,,,,,,,,,,,,,
13-Jul-2015,21:30,13-Jul-2015,21:45,Gujarat,Ankleshwar,GIDC, Ankleshwar - GPCB,,,,,,,,,,,,,,,,,,,,,,,,,,,,,,,,,,,,,,,
13-Jul-2015,21:45,13-Jul-2015,22:00,Gujarat,Ankleshwar,GIDC, Ankleshwar - GPCB,,,,,,,,,,,,,,,,,,,,,,,,,,,,,,,,,,,,,,,
13-Jul-2015,22:00,13-Jul-2015,22:15,Gujarat,Ankleshwar,GIDC, Ankleshwar - GPCB,,,,,,,,,,,,,,,,,,,,,,,,,,,,,,,,,,,,,,,
13-Jul-2015,22:15,13-Jul-2015,22:30,Gujarat,Ankleshwar,GIDC, Ankleshwar - GPCB,,,,,,,,,,,,,,,,,,,,,,,,,,,,,,,,,,,,,,,
13-Jul-2015,22:30,13-Jul-2015,22:45,Gujarat,Ankleshwar,GIDC, Ankleshwar - GPCB,,,,,,,,,,,,,,,,,,,,,,,,,,,,,,,,,,,,,,,
13-Jul-2015,22:45,13-Jul-2015,23:00,Gujarat,Ankleshwar,GIDC, Ankleshwar - GPCB,,,,,,,,,,,,,,,,,,,,,,,,,,,,,,,,,,,,,,,
13-Jul-2015,23:00,13-Jul-2015,23:15,Gujarat,Ankleshwar,GIDC, Ankleshwar - GPCB,,,,,,,,,,,,,,,,,,,,,,,,,,,,,,,,,,,,,,,
13-Jul-2015,23:15,13-Jul-2015,23:30,Gujarat,Ankleshwar,GIDC, Ankleshwar - GPCB,,,,,,,,,,,,,,,,,,,,,,,,,,,,,,,,,,,,,,,
13-Jul-2015,23:30,13-Jul-2015,23:45,Gujarat,Ankleshwar,GIDC, Ankleshwar - GPCB,,,,,,,,,,,,,,,,,,,,,,,,,,,,,,,,,,,,,,,
13-Jul-2015,23:45,14-Jul-2015,00:00,Gujarat,Ankleshwar,GIDC, Ankleshwar - GPCB,,,,,,,,,,,,,,,,,,,,,,,,,,,,,,,,,,,,,,,
14-Jul-2015,00:00,14-Jul-2015,00:15,Gujarat,Ankleshwar,GIDC, Ankleshwar - GPCB,,,,,,,,,,,,,,,,,,,,,,,,,,,,,,,,,,,,,,,
14-Jul-2015,00:15,14-Jul-2015,00:30,Gujarat,Ankleshwar,GIDC, Ankleshwar - GPCB,,,,,,,,,,,,,,,,,,,,,,,,,,,,,,,,,,,,,,,
14-Jul-2015,00:30,14-Jul-2015,00:45,Gujarat,Ankleshwar,GIDC, Ankleshwar - GPCB,,,,,,,,,,,,,,,,,,,,,,,,,,,,,,,,,,,,,,,
14-Jul-2015,00:45,14-Jul-2015,01:00,Gujarat,Ankleshwar,GIDC, Ankleshwar - GPCB,,,,,,,,,,,,,,,,,,,,,,,,,,,,,,,,,,,,,,,
14-Jul-2015,01:00,14-Jul-2015,01:15,Gujarat,Ankleshwar,GIDC, Ankleshwar - GPCB,,,,,,,,,,,,,,,,,,,,,,,,,,,,,,,,,,,,,,,
14-Jul-2015,01:15,14-Jul-2015,01:30,Gujarat,Ankleshwar,GIDC, Ankleshwar - GPCB,,,,,,,,,,,,,,,,,,,,,,,,,,,,,,,,,,,,,,,
14-Jul-2015,01:30,14-Jul-2015,01:45,Gujarat,Ankleshwar,GIDC, Ankleshwar - GPCB,,,,,,,,,,,,,,,,,,,,,,,,,,,,,,,,,,,,,,,
14-Jul-2015,01:45,14-Jul-2015,02:00,Gujarat,Ankleshwar,GIDC, Ankleshwar - GPCB,,,,,,,,,,,,,,,,,,,,,,,,,,,,,,,,,,,,,,,
14-Jul-2015,02:00,14-Jul-2015,02:15,Gujarat,Ankleshwar,GIDC, Ankleshwar - GPCB,,,,,,,,,,,,,,,,,,,,,,,,,,,,,,,,,,,,,,,
14-Jul-2015,02:15,14-Jul-2015,02:30,Gujarat,Ankleshwar,GIDC, Ankleshwar - GPCB,,,,,,,,,,,,,,,,,,,,,,,,,,,,,,,,,,,,,,,
14-Jul-2015,02:30,14-Jul-2015,02:45,Gujarat,Ankleshwar,GIDC, Ankleshwar - GPCB,,,,,,,,,,,,,,,,,,,,,,,,,,,,,,,,,,,,,,,
14-Jul-2015,02:45,14-Jul-2015,03:00,Gujarat,Ankleshwar,GIDC, Ankleshwar - GPCB,,,,,,,,,,,,,,,,,,,,,,,,,,,,,,,,,,,,,,,
14-Jul-2015,03:00,14-Jul-2015,03:15,Gujarat,Ankleshwar,GIDC, Ankleshwar - GPCB,,,,,,,,,,,,,,,,,,,,,,,,,,,,,,,,,,,,,,,
14-Jul-2015,03:15,14-Jul-2015,03:30,Gujarat,Ankleshwar,GIDC, Ankleshwar - GPCB,,,,,,,,,,,,,,,,,,,,,,,,,,,,,,,,,,,,,,,
14-Jul-2015,03:30,14-Jul-2015,03:45,Gujarat,Ankleshwar,GIDC, Ankleshwar - GPCB,,,,,,,,,,,,,,,,,,,,,,,,,,,,,,,,,,,,,,,
14-Jul-2015,03:45,14-Jul-2015,04:00,Gujarat,Ankleshwar,GIDC, Ankleshwar - GPCB,,,,,,,,,,,,,,,,,,,,,,,,,,,,,,,,,,,,,,,
14-Jul-2015,04:00,14-Jul-2015,04:15,Gujarat,Ankleshwar,GIDC, Ankleshwar - GPCB,,,,,,,,,,,,,,,,,,,,,,,,,,,,,,,,,,,,,,,
14-Jul-2015,04:15,14-Jul-2015,04:30,Gujarat,Ankleshwar,GIDC, Ankleshwar - GPCB,,,,,,,,,,,,,,,,,,,,,,,,,,,,,,,,,,,,,,,
14-Jul-2015,04:30,14-Jul-2015,04:45,Gujarat,Ankleshwar,GIDC, Ankleshwar - GPCB,,,,,,,,,,,,,,,,,,,,,,,,,,,,,,,,,,,,,,,
14-Jul-2015,04:45,14-Jul-2015,05:00,Gujarat,Ankleshwar,GIDC, Ankleshwar - GPCB,,,,,,,,,,,,,,,,,,,,,,,,,,,,,,,,,,,,,,,
14-Jul-2015,05:00,14-Jul-2015,05:15,Gujarat,Ankleshwar,GIDC, Ankleshwar - GPCB,,,,,,,,,,,,,,,,,,,,,,,,,,,,,,,,,,,,,,,
14-Jul-2015,05:15,14-Jul-2015,05:30,Gujarat,Ankleshwar,GIDC, Ankleshwar - GPCB,,,,,,,,,,,,,,,,,,,,,,,,,,,,,,,,,,,,,,,
14-Jul-2015,05:30,14-Jul-2015,05:45,Gujarat,Ankleshwar,GIDC, Ankleshwar - GPCB,,,,,,,,,,,,,,,,,,,,,,,,,,,,,,,,,,,,,,,
14-Jul-2015,05:45,14-Jul-2015,06:00,Gujarat,Ankleshwar,GIDC, Ankleshwar - GPCB,,,,,,,,,,,,,,,,,,,,,,,,,,,,,,,,,,,,,,,
14-Jul-2015,06:00,14-Jul-2015,06:15,Gujarat,Ankleshwar,GIDC, Ankleshwar - GPCB,,,,,,,,,,,,,,,,,,,,,,,,,,,,,,,,,,,,,,,
14-Jul-2015,06:15,14-Jul-2015,06:30,Gujarat,Ankleshwar,GIDC, Ankleshwar - GPCB,,,,,,,,,,,,,,,,,,,,,,,,,,,,,,,,,,,,,,,
14-Jul-2015,06:30,14-Jul-2015,06:45,Gujarat,Ankleshwar,GIDC, Ankleshwar - GPCB,,,,,,,,,,,,,,,,,,,,,,,,,,,,,,,,,,,,,,,
14-Jul-2015,06:45,14-Jul-2015,07:00,Gujarat,Ankleshwar,GIDC, Ankleshwar - GPCB,,,,,,,,,,,,,,,,,,,,,,,,,,,,,,,,,,,,,,,
14-Jul-2015,07:00,14-Jul-2015,07:15,Gujarat,Ankleshwar,GIDC, Ankleshwar - GPCB,,,,,,,,,,,,,,,,,,,,,,,,,,,,,,,,,,,,,,,
14-Jul-2015,07:15,14-Jul-2015,07:30,Gujarat,Ankleshwar,GIDC, Ankleshwar - GPCB,,,,,,,,,,,,,,,,,,,,,,,,,,,,,,,,,,,,,,,
14-Jul-2015,07:30,14-Jul-2015,07:45,Gujarat,Ankleshwar,GIDC, Ankleshwar - GPCB,,,,,,,,,,,,,,,,,,,,,,,,,,,,,,,,,,,,,,,
14-Jul-2015,07:45,14-Jul-2015,08:00,Gujarat,Ankleshwar,GIDC, Ankleshwar - GPCB,,,,,,,,,,,,,,,,,,,,,,,,,,,,,,,,,,,,,,,
14-Jul-2015,08:00,14-Jul-2015,08:15,Gujarat,Ankleshwar,GIDC, Ankleshwar - GPCB,,,,,,,,,,,,,,,,,,,,,,,,,,,,,,,,,,,,,,,
14-Jul-2015,08:15,14-Jul-2015,08:30,Gujarat,Ankleshwar,GIDC, Ankleshwar - GPCB,,,,,,,,,,,,,,,,,,,,,,,,,,,,,,,,,,,,,,,
14-Jul-2015,08:30,14-Jul-2015,08:45,Gujarat,Ankleshwar,GIDC, Ankleshwar - GPCB,,,,,,,,,,,,,,,,,,,,,,,,,,,,,,,,,,,,,,,
14-Jul-2015,08:45,14-Jul-2015,09:00,Gujarat,Ankleshwar,GIDC, Ankleshwar - GPCB,,,,,,,,,,,,,,,,,,,,,,,,,,,,,,,,,,,,,,,
14-Jul-2015,09:00,14-Jul-2015,09:15,Gujarat,Ankleshwar,GIDC, Ankleshwar - GPCB,,,,,,,,,,,,,,,,,,,,,,,,,,,,,,,,,,,,,,,
14-Jul-2015,09:15,14-Jul-2015,09:30,Gujarat,Ankleshwar,GIDC, Ankleshwar - GPCB,,,,,,,,,,,,,,,,,,,,,,,,,,,,,,,,,,,,,,,
14-Jul-2015,09:30,14-Jul-2015,09:45,Gujarat,Ankleshwar,GIDC, Ankleshwar - GPCB,,,,,,,,,,,,,,,,,,,,,,,,,,,,,,,,,,,,,,,
14-Jul-2015,09:45,14-Jul-2015,10:00,Gujarat,Ankleshwar,GIDC, Ankleshwar - GPCB,,,,,,,,,,,,,,,,,,,,,,,,,,,,,,,,,,,,,,,
14-Jul-2015,10:00,14-Jul-2015,10:15,Gujarat,Ankleshwar,GIDC, Ankleshwar - GPCB,,,,,,,,,,,,,,,,,,,,,,,,,,,,,,,,,,,,,,,
14-Jul-2015,10:15,14-Jul-2015,10:30,Gujarat,Ankleshwar,GIDC, Ankleshwar - GPCB,,,,,,,,,,,,,,,,,,,,,,,,,,,,,,,,,,,,,,,
14-Jul-2015,10:30,14-Jul-2015,10:45,Gujarat,Ankleshwar,GIDC, Ankleshwar - GPCB,,,,,,,,,,,,,,,,,,,,,,,,,,,,,,,,,,,,,,,
14-Jul-2015,10:45,14-Jul-2015,11:00,Gujarat,Ankleshwar,GIDC, Ankleshwar - GPCB,,,,,,,,,,,,,,,,,,,,,,,,,,,,,,,,,,,,,,,
14-Jul-2015,11:00,14-Jul-2015,11:15,Gujarat,Ankleshwar,GIDC, Ankleshwar - GPCB,,,,,,,,,,,,,,,,,,,,,,,,,,,,,,,,,,,,,,,
14-Jul-2015,11:15,14-Jul-2015,11:30,Gujarat,Ankleshwar,GIDC, Ankleshwar - GPCB,,,,,,,,,,,,,,,,,,,,,,,,,,,,,,,,,,,,,,,
14-Jul-2015,11:30,14-Jul-2015,11:45,Gujarat,Ankleshwar,GIDC, Ankleshwar - GPCB,,,,,,,,,,,,,,,,,,,,,,,,,,,,,,,,,,,,,,,
14-Jul-2015,11:45,14-Jul-2015,12:00,Gujarat,Ankleshwar,GIDC, Ankleshwar - GPCB,,,,,,,,,,,,,,,,,,,,,,,,,,,,,,,,,,,,,,,
14-Jul-2015,12:00,14-Jul-2015,12:15,Gujarat,Ankleshwar,GIDC, Ankleshwar - GPCB,,,,,,,,,,,,,,,,,,,,,,,,,,,,,,,,,,,,,,,
14-Jul-2015,12:15,14-Jul-2015,12:30,Gujarat,Ankleshwar,GIDC, Ankleshwar - GPCB,,,,,,,,,,,,,,,,,,,,,,,,,,,,,,,,,,,,,,,
14-Jul-2015,12:30,14-Jul-2015,12:45,Gujarat,Ankleshwar,GIDC, Ankleshwar - GPCB,,,,,,,,,,,,,,,,,,,,,,,,,,,,,,,,,,,,,,,
14-Jul-2015,12:45,14-Jul-2015,13:00,Gujarat,Ankleshwar,GIDC, Ankleshwar - GPCB,,,,,,,,,,,,,,,,,,,,,,,,,,,,,,,,,,,,,,,
14-Jul-2015,13:00,14-Jul-2015,13:15,Gujarat,Ankleshwar,GIDC, Ankleshwar - GPCB,,,,,,,,,,,,,,,,,,,,,,,,,,,,,,,,,,,,,,,
14-Jul-2015,13:15,14-Jul-2015,13:30,Gujarat,Ankleshwar,GIDC, Ankleshwar - GPCB,,,,,,,,,,,,,,,,,,,,,,,,,,,,,,,,,,,,,,,
14-Jul-2015,13:30,14-Jul-2015,13:45,Gujarat,Ankleshwar,GIDC, Ankleshwar - GPCB,,,,,,,,,,,,,,,,,,,,,,,,,,,,,,,,,,,,,,,
14-Jul-2015,13:45,14-Jul-2015,14:00,Gujarat,Ankleshwar,GIDC, Ankleshwar - GPCB,,,,,,,,,,,,,,,,,,,,,,,,,,,,,,,,,,,,,,,
14-Jul-2015,14:00,14-Jul-2015,14:15,Gujarat,Ankleshwar,GIDC, Ankleshwar - GPCB,,,,,,,,,,,,,,,,,,,,,,,,,,,,,,,,,,,,,,,
14-Jul-2015,14:15,14-Jul-2015,14:30,Gujarat,Ankleshwar,GIDC, Ankleshwar - GPCB,,,,,,,,,,,,,,,,,,,,,,,,,,,,,,,,,,,,,,,
14-Jul-2015,14:30,14-Jul-2015,14:45,Gujarat,Ankleshwar,GIDC, Ankleshwar - GPCB,,,,,,,,,,,,,,,,,,,,,,,,,,,,,,,,,,,,,,,
14-Jul-2015,14:45,14-Jul-2015,15:00,Gujarat,Ankleshwar,GIDC, Ankleshwar - GPCB,,,,,,,,,,,,,,,,,,,,,,,,,,,,,,,,,,,,,,,
14-Jul-2015,15:00,14-Jul-2015,15:15,Gujarat,Ankleshwar,GIDC, Ankleshwar - GPCB,,,,,,,,,,,,,,,,,,,,,,,,,,,,,,,,,,,,,,,
14-Jul-2015,15:15,14-Jul-2015,15:30,Gujarat,Ankleshwar,GIDC, Ankleshwar - GPCB,,,,,,,,,,,,,,,,,,,,,,,,,,,,,,,,,,,,,,,
14-Jul-2015,15:30,14-Jul-2015,15:45,Gujarat,Ankleshwar,GIDC, Ankleshwar - GPCB,,,,,,,,,,,,,,,,,,,,,,,,,,,,,,,,,,,,,,,
14-Jul-2015,15:45,14-Jul-2015,16:00,Gujarat,Ankleshwar,GIDC, Ankleshwar - GPCB,,,,,,,,,,,,,,,,,,,,,,,,,,,,,,,,,,,,,,,
14-Jul-2015,16:00,14-Jul-2015,16:15,Gujarat,Ankleshwar,GIDC, Ankleshwar - GPCB,,,,,,,,,,,,,,,,,,,,,,,,,,,,,,,,,,,,,,,
14-Jul-2015,16:15,14-Jul-2015,16:30,Gujarat,Ankleshwar,GIDC, Ankleshwar - GPCB,,,,,,,,,,,,,,,,,,,,,,,,,,,,,,,,,,,,,,,
14-Jul-2015,16:30,14-Jul-2015,16:45,Gujarat,Ankleshwar,GIDC, Ankleshwar - GPCB,,,,,,,,,,,,,,,,,,,,,,,,,,,,,,,,,,,,,,,
14-Jul-2015,16:45,14-Jul-2015,17:00,Gujarat,Ankleshwar,GIDC, Ankleshwar - GPCB,,,,,,,,,,,,,,,,,,,,,,,,,,,,,,,,,,,,,,,
14-Jul-2015,17:00,14-Jul-2015,17:15,Gujarat,Ankleshwar,GIDC, Ankleshwar - GPCB,,,,,,,,,,,,,,,,,,,,,,,,,,,,,,,,,,,,,,,
14-Jul-2015,17:15,14-Jul-2015,17:30,Gujarat,Ankleshwar,GIDC, Ankleshwar - GPCB,,,,,,,,,,,,,,,,,,,,,,,,,,,,,,,,,,,,,,,
14-Jul-2015,17:30,14-Jul-2015,17:45,Gujarat,Ankleshwar,GIDC, Ankleshwar - GPCB,,,,,,,,,,,,,,,,,,,,,,,,,,,,,,,,,,,,,,,
14-Jul-2015,17:45,14-Jul-2015,18:00,Gujarat,Ankleshwar,GIDC, Ankleshwar - GPCB,,,,,,,,,,,,,,,,,,,,,,,,,,,,,,,,,,,,,,,
14-Jul-2015,18:00,14-Jul-2015,18:15,Gujarat,Ankleshwar,GIDC, Ankleshwar - GPCB,,,,,,,,,,,,,,,,,,,,,,,,,,,,,,,,,,,,,,,
14-Jul-2015,18:15,14-Jul-2015,18:30,Gujarat,Ankleshwar,GIDC, Ankleshwar - GPCB,,,,,,,,,,,,,,,,,,,,,,,,,,,,,,,,,,,,,,,
14-Jul-2015,18:30,14-Jul-2015,18:45,Gujarat,Ankleshwar,GIDC, Ankleshwar - GPCB,,,,,,,,,,,,,,,,,,,,,,,,,,,,,,,,,,,,,,,
14-Jul-2015,18:45,14-Jul-2015,19:00,Gujarat,Ankleshwar,GIDC, Ankleshwar - GPCB,,,,,,,,,,,,,,,,,,,,,,,,,,,,,,,,,,,,,,,
14-Jul-2015,19:00,14-Jul-2015,19:15,Gujarat,Ankleshwar,GIDC, Ankleshwar - GPCB,,,,,,,,,,,,,,,,,,,,,,,,,,,,,,,,,,,,,,,
14-Jul-2015,19:15,14-Jul-2015,19:30,Gujarat,Ankleshwar,GIDC, Ankleshwar - GPCB,,,,,,,,,,,,,,,,,,,,,,,,,,,,,,,,,,,,,,,
14-Jul-2015,19:30,14-Jul-2015,19:45,Gujarat,Ankleshwar,GIDC, Ankleshwar - GPCB,,,,,,,,,,,,,,,,,,,,,,,,,,,,,,,,,,,,,,,
14-Jul-2015,19:45,14-Jul-2015,20:00,Gujarat,Ankleshwar,GIDC, Ankleshwar - GPCB,,,,,,,,,,,,,,,,,,,,,,,,,,,,,,,,,,,,,,,
14-Jul-2015,20:00,14-Jul-2015,20:15,Gujarat,Ankleshwar,GIDC, Ankleshwar - GPCB,,,,,,,,,,,,,,,,,,,,,,,,,,,,,,,,,,,,,,,
14-Jul-2015,20:15,14-Jul-2015,20:30,Gujarat,Ankleshwar,GIDC, Ankleshwar - GPCB,,,,,,,,,,,,,,,,,,,,,,,,,,,,,,,,,,,,,,,
14-Jul-2015,20:30,14-Jul-2015,20:45,Gujarat,Ankleshwar,GIDC, Ankleshwar - GPCB,,,,,,,,,,,,,,,,,,,,,,,,,,,,,,,,,,,,,,,
14-Jul-2015,20:45,14-Jul-2015,21:00,Gujarat,Ankleshwar,GIDC, Ankleshwar - GPCB,,,,,,,,,,,,,,,,,,,,,,,,,,,,,,,,,,,,,,,
14-Jul-2015,21:00,14-Jul-2015,21:15,Gujarat,Ankleshwar,GIDC, Ankleshwar - GPCB,,,,,,,,,,,,,,,,,,,,,,,,,,,,,,,,,,,,,,,
14-Jul-2015,21:15,14-Jul-2015,21:30,Gujarat,Ankleshwar,GIDC, Ankleshwar - GPCB,,,,,,,,,,,,,,,,,,,,,,,,,,,,,,,,,,,,,,,
14-Jul-2015,21:30,14-Jul-2015,21:45,Gujarat,Ankleshwar,GIDC, Ankleshwar - GPCB,,,,,,,,,,,,,,,,,,,,,,,,,,,,,,,,,,,,,,,
14-Jul-2015,21:45,14-Jul-2015,22:00,Gujarat,Ankleshwar,GIDC, Ankleshwar - GPCB,,,,,,,,,,,,,,,,,,,,,,,,,,,,,,,,,,,,,,,
14-Jul-2015,22:00,14-Jul-2015,22:15,Gujarat,Ankleshwar,GIDC, Ankleshwar - GPCB,,,,,,,,,,,,,,,,,,,,,,,,,,,,,,,,,,,,,,,
14-Jul-2015,22:15,14-Jul-2015,22:30,Gujarat,Ankleshwar,GIDC, Ankleshwar - GPCB,,,,,,,,,,,,,,,,,,,,,,,,,,,,,,,,,,,,,,,
14-Jul-2015,22:30,14-Jul-2015,22:45,Gujarat,Ankleshwar,GIDC, Ankleshwar - GPCB,,,,,,,,,,,,,,,,,,,,,,,,,,,,,,,,,,,,,,,
14-Jul-2015,22:45,14-Jul-2015,23:00,Gujarat,Ankleshwar,GIDC, Ankleshwar - GPCB,,,,,,,,,,,,,,,,,,,,,,,,,,,,,,,,,,,,,,,
14-Jul-2015,23:00,14-Jul-2015,23:15,Gujarat,Ankleshwar,GIDC, Ankleshwar - GPCB,,,,,,,,,,,,,,,,,,,,,,,,,,,,,,,,,,,,,,,
14-Jul-2015,23:15,14-Jul-2015,23:30,Gujarat,Ankleshwar,GIDC, Ankleshwar - GPCB,,,,,,,,,,,,,,,,,,,,,,,,,,,,,,,,,,,,,,,
14-Jul-2015,23:30,14-Jul-2015,23:45,Gujarat,Ankleshwar,GIDC, Ankleshwar - GPCB,,,,,,,,,,,,,,,,,,,,,,,,,,,,,,,,,,,,,,,
14-Jul-2015,23:45,15-Jul-2015,00:00,Gujarat,Ankleshwar,GIDC, Ankleshwar - GPCB,,,,,,,,,,,,,,,,,,,,,,,,,,,,,,,,,,,,,,,
15-Jul-2015,00:00,15-Jul-2015,00:15,Gujarat,Ankleshwar,GIDC, Ankleshwar - GPCB,,,,,,,,,,,,,,,,,,,,,,,,,,,,,,,,,,,,,,,
15-Jul-2015,00:15,15-Jul-2015,00:30,Gujarat,Ankleshwar,GIDC, Ankleshwar - GPCB,,,,,,,,,,,,,,,,,,,,,,,,,,,,,,,,,,,,,,,
15-Jul-2015,00:30,15-Jul-2015,00:45,Gujarat,Ankleshwar,GIDC, Ankleshwar - GPCB,,,,,,,,,,,,,,,,,,,,,,,,,,,,,,,,,,,,,,,
15-Jul-2015,00:45,15-Jul-2015,01:00,Gujarat,Ankleshwar,GIDC, Ankleshwar - GPCB,,,,,,,,,,,,,,,,,,,,,,,,,,,,,,,,,,,,,,,
15-Jul-2015,01:00,15-Jul-2015,01:15,Gujarat,Ankleshwar,GIDC, Ankleshwar - GPCB,,,,,,,,,,,,,,,,,,,,,,,,,,,,,,,,,,,,,,,
15-Jul-2015,01:15,15-Jul-2015,01:30,Gujarat,Ankleshwar,GIDC, Ankleshwar - GPCB,,,,,,,,,,,,,,,,,,,,,,,,,,,,,,,,,,,,,,,
15-Jul-2015,01:30,15-Jul-2015,01:45,Gujarat,Ankleshwar,GIDC, Ankleshwar - GPCB,,,,,,,,,,,,,,,,,,,,,,,,,,,,,,,,,,,,,,,
15-Jul-2015,01:45,15-Jul-2015,02:00,Gujarat,Ankleshwar,GIDC, Ankleshwar - GPCB,,,,,,,,,,,,,,,,,,,,,,,,,,,,,,,,,,,,,,,
15-Jul-2015,02:00,15-Jul-2015,02:15,Gujarat,Ankleshwar,GIDC, Ankleshwar - GPCB,,,,,,,,,,,,,,,,,,,,,,,,,,,,,,,,,,,,,,,
15-Jul-2015,02:15,15-Jul-2015,02:30,Gujarat,Ankleshwar,GIDC, Ankleshwar - GPCB,,,,,,,,,,,,,,,,,,,,,,,,,,,,,,,,,,,,,,,
15-Jul-2015,02:30,15-Jul-2015,02:45,Gujarat,Ankleshwar,GIDC, Ankleshwar - GPCB,,,,,,,,,,,,,,,,,,,,,,,,,,,,,,,,,,,,,,,
15-Jul-2015,02:45,15-Jul-2015,03:00,Gujarat,Ankleshwar,GIDC, Ankleshwar - GPCB,,,,,,,,,,,,,,,,,,,,,,,,,,,,,,,,,,,,,,,
15-Jul-2015,03:00,15-Jul-2015,03:15,Gujarat,Ankleshwar,GIDC, Ankleshwar - GPCB,,,,,,,,,,,,,,,,,,,,,,,,,,,,,,,,,,,,,,,
15-Jul-2015,03:15,15-Jul-2015,03:30,Gujarat,Ankleshwar,GIDC, Ankleshwar - GPCB,,,,,,,,,,,,,,,,,,,,,,,,,,,,,,,,,,,,,,,
15-Jul-2015,03:30,15-Jul-2015,03:45,Gujarat,Ankleshwar,GIDC, Ankleshwar - GPCB,,,,,,,,,,,,,,,,,,,,,,,,,,,,,,,,,,,,,,,
15-Jul-2015,03:45,15-Jul-2015,04:00,Gujarat,Ankleshwar,GIDC, Ankleshwar - GPCB,,,,,,,,,,,,,,,,,,,,,,,,,,,,,,,,,,,,,,,
15-Jul-2015,04:00,15-Jul-2015,04:15,Gujarat,Ankleshwar,GIDC, Ankleshwar - GPCB,,,,,,,,,,,,,,,,,,,,,,,,,,,,,,,,,,,,,,,
15-Jul-2015,04:15,15-Jul-2015,04:30,Gujarat,Ankleshwar,GIDC, Ankleshwar - GPCB,,,,,,,,,,,,,,,,,,,,,,,,,,,,,,,,,,,,,,,
15-Jul-2015,04:30,15-Jul-2015,04:45,Gujarat,Ankleshwar,GIDC, Ankleshwar - GPCB,,,,,,,,,,,,,,,,,,,,,,,,,,,,,,,,,,,,,,,
15-Jul-2015,04:45,15-Jul-2015,05:00,Gujarat,Ankleshwar,GIDC, Ankleshwar - GPCB,,,,,,,,,,,,,,,,,,,,,,,,,,,,,,,,,,,,,,,
15-Jul-2015,05:00,15-Jul-2015,05:15,Gujarat,Ankleshwar,GIDC, Ankleshwar - GPCB,,,,,,,,,,,,,,,,,,,,,,,,,,,,,,,,,,,,,,,
15-Jul-2015,05:15,15-Jul-2015,05:30,Gujarat,Ankleshwar,GIDC, Ankleshwar - GPCB,,,,,,,,,,,,,,,,,,,,,,,,,,,,,,,,,,,,,,,
15-Jul-2015,05:30,15-Jul-2015,05:45,Gujarat,Ankleshwar,GIDC, Ankleshwar - GPCB,,,,,,,,,,,,,,,,,,,,,,,,,,,,,,,,,,,,,,,
15-Jul-2015,05:45,15-Jul-2015,06:00,Gujarat,Ankleshwar,GIDC, Ankleshwar - GPCB,,,,,,,,,,,,,,,,,,,,,,,,,,,,,,,,,,,,,,,
15-Jul-2015,06:00,15-Jul-2015,06:15,Gujarat,Ankleshwar,GIDC, Ankleshwar - GPCB,,,,,,,,,,,,,,,,,,,,,,,,,,,,,,,,,,,,,,,
15-Jul-2015,06:15,15-Jul-2015,06:30,Gujarat,Ankleshwar,GIDC, Ankleshwar - GPCB,,,,,,,,,,,,,,,,,,,,,,,,,,,,,,,,,,,,,,,
15-Jul-2015,06:30,15-Jul-2015,06:45,Gujarat,Ankleshwar,GIDC, Ankleshwar - GPCB,,,,,,,,,,,,,,,,,,,,,,,,,,,,,,,,,,,,,,,
15-Jul-2015,06:45,15-Jul-2015,07:00,Gujarat,Ankleshwar,GIDC, Ankleshwar - GPCB,,,,,,,,,,,,,,,,,,,,,,,,,,,,,,,,,,,,,,,
15-Jul-2015,07:00,15-Jul-2015,07:15,Gujarat,Ankleshwar,GIDC, Ankleshwar - GPCB,,,,,,,,,,,,,,,,,,,,,,,,,,,,,,,,,,,,,,,
15-Jul-2015,07:15,15-Jul-2015,07:30,Gujarat,Ankleshwar,GIDC, Ankleshwar - GPCB,,,,,,,,,,,,,,,,,,,,,,,,,,,,,,,,,,,,,,,
15-Jul-2015,07:30,15-Jul-2015,07:45,Gujarat,Ankleshwar,GIDC, Ankleshwar - GPCB,,,,,,,,,,,,,,,,,,,,,,,,,,,,,,,,,,,,,,,
15-Jul-2015,07:45,15-Jul-2015,08:00,Gujarat,Ankleshwar,GIDC, Ankleshwar - GPCB,,,,,,,,,,,,,,,,,,,,,,,,,,,,,,,,,,,,,,,
15-Jul-2015,08:00,15-Jul-2015,08:15,Gujarat,Ankleshwar,GIDC, Ankleshwar - GPCB,,,,,,,,,,,,,,,,,,,,,,,,,,,,,,,,,,,,,,,
15-Jul-2015,08:15,15-Jul-2015,08:30,Gujarat,Ankleshwar,GIDC, Ankleshwar - GPCB,,,,,,,,,,,,,,,,,,,,,,,,,,,,,,,,,,,,,,,
15-Jul-2015,08:30,15-Jul-2015,08:45,Gujarat,Ankleshwar,GIDC, Ankleshwar - GPCB,,,,,,,,,,,,,,,,,,,,,,,,,,,,,,,,,,,,,,,
15-Jul-2015,08:45,15-Jul-2015,09:00,Gujarat,Ankleshwar,GIDC, Ankleshwar - GPCB,,,,,,,,,,,,,,,,,,,,,,,,,,,,,,,,,,,,,,,
15-Jul-2015,09:00,15-Jul-2015,09:15,Gujarat,Ankleshwar,GIDC, Ankleshwar - GPCB,,,,,,,,,,,,,,,,,,,,,,,,,,,,,,,,,,,,,,,
15-Jul-2015,09:15,15-Jul-2015,09:30,Gujarat,Ankleshwar,GIDC, Ankleshwar - GPCB,,,,,,,,,,,,,,,,,,,,,,,,,,,,,,,,,,,,,,,
15-Jul-2015,09:30,15-Jul-2015,09:45,Gujarat,Ankleshwar,GIDC, Ankleshwar - GPCB,,,,,,,,,,,,,,,,,,,,,,,,,,,,,,,,,,,,,,,
15-Jul-2015,09:45,15-Jul-2015,10:00,Gujarat,Ankleshwar,GIDC, Ankleshwar - GPCB,,,,,,,,,,,,,,,,,,,,,,,,,,,,,,,,,,,,,,,
15-Jul-2015,10:00,15-Jul-2015,10:15,Gujarat,Ankleshwar,GIDC, Ankleshwar - GPCB,,,,,,,,,,,,,,,,,,,,,,,,,,,,,,,,,,,,,,,
15-Jul-2015,10:15,15-Jul-2015,10:30,Gujarat,Ankleshwar,GIDC, Ankleshwar - GPCB,,,,,,,,,,,,,,,,,,,,,,,,,,,,,,,,,,,,,,,
15-Jul-2015,10:30,15-Jul-2015,10:45,Gujarat,Ankleshwar,GIDC, Ankleshwar - GPCB,,,,,,,,,,,,,,,,,,,,,,,,,,,,,,,,,,,,,,,
15-Jul-2015,10:45,15-Jul-2015,11:00,Gujarat,Ankleshwar,GIDC, Ankleshwar - GPCB,,,,,,,,,,,,,,,,,,,,,,,,,,,,,,,,,,,,,,,
15-Jul-2015,11:00,15-Jul-2015,11:15,Gujarat,Ankleshwar,GIDC, Ankleshwar - GPCB,,,,,,,,,,,,,,,,,,,,,,,,,,,,,,,,,,,,,,,
15-Jul-2015,11:15,15-Jul-2015,11:30,Gujarat,Ankleshwar,GIDC, Ankleshwar - GPCB,,,,,,,,,,,,,,,,,,,,,,,,,,,,,,,,,,,,,,,
15-Jul-2015,11:30,15-Jul-2015,11:45,Gujarat,Ankleshwar,GIDC, Ankleshwar - GPCB,,,,,,,,,,,,,,,,,,,,,,,,,,,,,,,,,,,,,,,
15-Jul-2015,11:45,15-Jul-2015,12:00,Gujarat,Ankleshwar,GIDC, Ankleshwar - GPCB,,,,,,,,,,,,,,,,,,,,,,,,,,,,,,,,,,,,,,,
15-Jul-2015,12:00,15-Jul-2015,12:15,Gujarat,Ankleshwar,GIDC, Ankleshwar - GPCB,,,,,,,,,,,,,,,,,,,,,,,,,,,,,,,,,,,,,,,
15-Jul-2015,12:15,15-Jul-2015,12:30,Gujarat,Ankleshwar,GIDC, Ankleshwar - GPCB,,,,,,,,,,,,,,,,,,,,,,,,,,,,,,,,,,,,,,,
15-Jul-2015,12:30,15-Jul-2015,12:45,Gujarat,Ankleshwar,GIDC, Ankleshwar - GPCB,,,,,,,,,,,,,,,,,,,,,,,,,,,,,,,,,,,,,,,
15-Jul-2015,12:45,15-Jul-2015,13:00,Gujarat,Ankleshwar,GIDC, Ankleshwar - GPCB,,,,,,,,,,,,,,,,,,,,,,,,,,,,,,,,,,,,,,,
15-Jul-2015,13:00,15-Jul-2015,13:15,Gujarat,Ankleshwar,GIDC, Ankleshwar - GPCB,,,,,,,,,,,,,,,,,,,,,,,,,,,,,,,,,,,,,,,
15-Jul-2015,13:15,15-Jul-2015,13:30,Gujarat,Ankleshwar,GIDC, Ankleshwar - GPCB,,,,,,,,,,,,,,,,,,,,,,,,,,,,,,,,,,,,,,,
15-Jul-2015,13:30,15-Jul-2015,13:45,Gujarat,Ankleshwar,GIDC, Ankleshwar - GPCB,,,,,,,,,,,,,,,,,,,,,,,,,,,,,,,,,,,,,,,
15-Jul-2015,13:45,15-Jul-2015,14:00,Gujarat,Ankleshwar,GIDC, Ankleshwar - GPCB,,,,,,,,,,,,,,,,,,,,,,,,,,,,,,,,,,,,,,,
15-Jul-2015,14:00,15-Jul-2015,14:15,Gujarat,Ankleshwar,GIDC, Ankleshwar - GPCB,,,,,,,,,,,,,,,,,,,,,,,,,,,,,,,,,,,,,,,
15-Jul-2015,14:15,15-Jul-2015,14:30,Gujarat,Ankleshwar,GIDC, Ankleshwar - GPCB,,,,,,,,,,,,,,,,,,,,,,,,,,,,,,,,,,,,,,,
15-Jul-2015,14:30,15-Jul-2015,14:45,Gujarat,Ankleshwar,GIDC, Ankleshwar - GPCB,,,,,,,,,,,,,,,,,,,,,,,,,,,,,,,,,,,,,,,
15-Jul-2015,14:45,15-Jul-2015,15:00,Gujarat,Ankleshwar,GIDC, Ankleshwar - GPCB,,,,,,,,,,,,,,,,,,,,,,,,,,,,,,,,,,,,,,,
15-Jul-2015,15:00,15-Jul-2015,15:15,Gujarat,Ankleshwar,GIDC, Ankleshwar - GPCB,,,,,,,,,,,,,,,,,,,,,,,,,,,,,,,,,,,,,,,
15-Jul-2015,15:15,15-Jul-2015,15:30,Gujarat,Ankleshwar,GIDC, Ankleshwar - GPCB,,,,,,,,,,,,,,,,,,,,,,,,,,,,,,,,,,,,,,,
15-Jul-2015,15:30,15-Jul-2015,15:45,Gujarat,Ankleshwar,GIDC, Ankleshwar - GPCB,,,,,,,,,,,,,,,,,,,,,,,,,,,,,,,,,,,,,,,
15-Jul-2015,15:45,15-Jul-2015,16:00,Gujarat,Ankleshwar,GIDC, Ankleshwar - GPCB,,,,,,,,,,,,,,,,,,,,,,,,,,,,,,,,,,,,,,,
15-Jul-2015,16:00,15-Jul-2015,16:15,Gujarat,Ankleshwar,GIDC, Ankleshwar - GPCB,,,,,,,,,,,,,,,,,,,,,,,,,,,,,,,,,,,,,,,
15-Jul-2015,16:15,15-Jul-2015,16:30,Gujarat,Ankleshwar,GIDC, Ankleshwar - GPCB,,,,,,,,,,,,,,,,,,,,,,,,,,,,,,,,,,,,,,,
15-Jul-2015,16:30,15-Jul-2015,16:45,Gujarat,Ankleshwar,GIDC, Ankleshwar - GPCB,,,,,,,,,,,,,,,,,,,,,,,,,,,,,,,,,,,,,,,
15-Jul-2015,16:45,15-Jul-2015,17:00,Gujarat,Ankleshwar,GIDC, Ankleshwar - GPCB,,,,,,,,,,,,,,,,,,,,,,,,,,,,,,,,,,,,,,,
15-Jul-2015,17:00,15-Jul-2015,17:15,Gujarat,Ankleshwar,GIDC, Ankleshwar - GPCB,,,,,,,,,,,,,,,,,,,,,,,,,,,,,,,,,,,,,,,
15-Jul-2015,17:15,15-Jul-2015,17:30,Gujarat,Ankleshwar,GIDC, Ankleshwar - GPCB,,,,,,,,,,,,,,,,,,,,,,,,,,,,,,,,,,,,,,,
15-Jul-2015,17:30,15-Jul-2015,17:45,Gujarat,Ankleshwar,GIDC, Ankleshwar - GPCB,,,,,,,,,,,,,,,,,,,,,,,,,,,,,,,,,,,,,,,
15-Jul-2015,17:45,15-Jul-2015,18:00,Gujarat,Ankleshwar,GIDC, Ankleshwar - GPCB,,,,,,,,,,,,,,,,,,,,,,,,,,,,,,,,,,,,,,,
15-Jul-2015,18:00,15-Jul-2015,18:15,Gujarat,Ankleshwar,GIDC, Ankleshwar - GPCB,,,,,,,,,,,,,,,,,,,,,,,,,,,,,,,,,,,,,,,
15-Jul-2015,18:15,15-Jul-2015,18:30,Gujarat,Ankleshwar,GIDC, Ankleshwar - GPCB,,,,,,,,,,,,,,,,,,,,,,,,,,,,,,,,,,,,,,,
15-Jul-2015,18:30,15-Jul-2015,18:45,Gujarat,Ankleshwar,GIDC, Ankleshwar - GPCB,,,,,,,,,,,,,,,,,,,,,,,,,,,,,,,,,,,,,,,
15-Jul-2015,18:45,15-Jul-2015,19:00,Gujarat,Ankleshwar,GIDC, Ankleshwar - GPCB,,,,,,,,,,,,,,,,,,,,,,,,,,,,,,,,,,,,,,,
15-Jul-2015,19:00,15-Jul-2015,19:15,Gujarat,Ankleshwar,GIDC, Ankleshwar - GPCB,,,,,,,,,,,,,,,,,,,,,,,,,,,,,,,,,,,,,,,
15-Jul-2015,19:15,15-Jul-2015,19:30,Gujarat,Ankleshwar,GIDC, Ankleshwar - GPCB,,,,,,,,,,,,,,,,,,,,,,,,,,,,,,,,,,,,,,,
15-Jul-2015,19:30,15-Jul-2015,19:45,Gujarat,Ankleshwar,GIDC, Ankleshwar - GPCB,,,,,,,,,,,,,,,,,,,,,,,,,,,,,,,,,,,,,,,
15-Jul-2015,19:45,15-Jul-2015,20:00,Gujarat,Ankleshwar,GIDC, Ankleshwar - GPCB,,,,,,,,,,,,,,,,,,,,,,,,,,,,,,,,,,,,,,,
15-Jul-2015,20:00,15-Jul-2015,20:15,Gujarat,Ankleshwar,GIDC, Ankleshwar - GPCB,,,,,,,,,,,,,,,,,,,,,,,,,,,,,,,,,,,,,,,
15-Jul-2015,20:15,15-Jul-2015,20:30,Gujarat,Ankleshwar,GIDC, Ankleshwar - GPCB,,,,,,,,,,,,,,,,,,,,,,,,,,,,,,,,,,,,,,,
15-Jul-2015,20:30,15-Jul-2015,20:45,Gujarat,Ankleshwar,GIDC, Ankleshwar - GPCB,,,,,,,,,,,,,,,,,,,,,,,,,,,,,,,,,,,,,,,
15-Jul-2015,20:45,15-Jul-2015,21:00,Gujarat,Ankleshwar,GIDC, Ankleshwar - GPCB,,,,,,,,,,,,,,,,,,,,,,,,,,,,,,,,,,,,,,,
15-Jul-2015,21:00,15-Jul-2015,21:15,Gujarat,Ankleshwar,GIDC, Ankleshwar - GPCB,,,,,,,,,,,,,,,,,,,,,,,,,,,,,,,,,,,,,,,
15-Jul-2015,21:15,15-Jul-2015,21:30,Gujarat,Ankleshwar,GIDC, Ankleshwar - GPCB,,,,,,,,,,,,,,,,,,,,,,,,,,,,,,,,,,,,,,,
15-Jul-2015,21:30,15-Jul-2015,21:45,Gujarat,Ankleshwar,GIDC, Ankleshwar - GPCB,,,,,,,,,,,,,,,,,,,,,,,,,,,,,,,,,,,,,,,
15-Jul-2015,21:45,15-Jul-2015,22:00,Gujarat,Ankleshwar,GIDC, Ankleshwar - GPCB,,,,,,,,,,,,,,,,,,,,,,,,,,,,,,,,,,,,,,,
15-Jul-2015,22:00,15-Jul-2015,22:15,Gujarat,Ankleshwar,GIDC, Ankleshwar - GPCB,,,,,,,,,,,,,,,,,,,,,,,,,,,,,,,,,,,,,,,
15-Jul-2015,22:15,15-Jul-2015,22:30,Gujarat,Ankleshwar,GIDC, Ankleshwar - GPCB,,,,,,,,,,,,,,,,,,,,,,,,,,,,,,,,,,,,,,,
15-Jul-2015,22:30,15-Jul-2015,22:45,Gujarat,Ankleshwar,GIDC, Ankleshwar - GPCB,,,,,,,,,,,,,,,,,,,,,,,,,,,,,,,,,,,,,,,
15-Jul-2015,22:45,15-Jul-2015,23:00,Gujarat,Ankleshwar,GIDC, Ankleshwar - GPCB,,,,,,,,,,,,,,,,,,,,,,,,,,,,,,,,,,,,,,,
15-Jul-2015,23:00,15-Jul-2015,23:15,Gujarat,Ankleshwar,GIDC, Ankleshwar - GPCB,,,,,,,,,,,,,,,,,,,,,,,,,,,,,,,,,,,,,,,
15-Jul-2015,23:15,15-Jul-2015,23:30,Gujarat,Ankleshwar,GIDC, Ankleshwar - GPCB,,,,,,,,,,,,,,,,,,,,,,,,,,,,,,,,,,,,,,,
15-Jul-2015,23:30,15-Jul-2015,23:45,Gujarat,Ankleshwar,GIDC, Ankleshwar - GPCB,,,,,,,,,,,,,,,,,,,,,,,,,,,,,,,,,,,,,,,
15-Jul-2015,23:45,16-Jul-2015,00:00,Gujarat,Ankleshwar,GIDC, Ankleshwar - GPCB,,,,,,,,,,,,,,,,,,,,,,,,,,,,,,,,,,,,,,,
16-Jul-2015,00:00,16-Jul-2015,00:15,Gujarat,Ankleshwar,GIDC, Ankleshwar - GPCB,,,,,,,,,,,,,,,,,,,,,,,,,,,,,,,,,,,,,,,
16-Jul-2015,00:15,16-Jul-2015,00:30,Gujarat,Ankleshwar,GIDC, Ankleshwar - GPCB,,,,,,,,,,,,,,,,,,,,,,,,,,,,,,,,,,,,,,,
16-Jul-2015,00:30,16-Jul-2015,00:45,Gujarat,Ankleshwar,GIDC, Ankleshwar - GPCB,,,,,,,,,,,,,,,,,,,,,,,,,,,,,,,,,,,,,,,
16-Jul-2015,00:45,16-Jul-2015,01:00,Gujarat,Ankleshwar,GIDC, Ankleshwar - GPCB,,,,,,,,,,,,,,,,,,,,,,,,,,,,,,,,,,,,,,,
16-Jul-2015,01:00,16-Jul-2015,01:15,Gujarat,Ankleshwar,GIDC, Ankleshwar - GPCB,,,,,,,,,,,,,,,,,,,,,,,,,,,,,,,,,,,,,,,
16-Jul-2015,01:15,16-Jul-2015,01:30,Gujarat,Ankleshwar,GIDC, Ankleshwar - GPCB,,,,,,,,,,,,,,,,,,,,,,,,,,,,,,,,,,,,,,,
16-Jul-2015,01:30,16-Jul-2015,01:45,Gujarat,Ankleshwar,GIDC, Ankleshwar - GPCB,,,,,,,,,,,,,,,,,,,,,,,,,,,,,,,,,,,,,,,
16-Jul-2015,01:45,16-Jul-2015,02:00,Gujarat,Ankleshwar,GIDC, Ankleshwar - GPCB,,,,,,,,,,,,,,,,,,,,,,,,,,,,,,,,,,,,,,,
16-Jul-2015,02:00,16-Jul-2015,02:15,Gujarat,Ankleshwar,GIDC, Ankleshwar - GPCB,,,,,,,,,,,,,,,,,,,,,,,,,,,,,,,,,,,,,,,
16-Jul-2015,02:15,16-Jul-2015,02:30,Gujarat,Ankleshwar,GIDC, Ankleshwar - GPCB,,,,,,,,,,,,,,,,,,,,,,,,,,,,,,,,,,,,,,,
16-Jul-2015,02:30,16-Jul-2015,02:45,Gujarat,Ankleshwar,GIDC, Ankleshwar - GPCB,,,,,,,,,,,,,,,,,,,,,,,,,,,,,,,,,,,,,,,
16-Jul-2015,02:45,16-Jul-2015,03:00,Gujarat,Ankleshwar,GIDC, Ankleshwar - GPCB,,,,,,,,,,,,,,,,,,,,,,,,,,,,,,,,,,,,,,,
16-Jul-2015,03:00,16-Jul-2015,03:15,Gujarat,Ankleshwar,GIDC, Ankleshwar - GPCB,,,,,,,,,,,,,,,,,,,,,,,,,,,,,,,,,,,,,,,
16-Jul-2015,03:15,16-Jul-2015,03:30,Gujarat,Ankleshwar,GIDC, Ankleshwar - GPCB,,,,,,,,,,,,,,,,,,,,,,,,,,,,,,,,,,,,,,,
16-Jul-2015,03:30,16-Jul-2015,03:45,Gujarat,Ankleshwar,GIDC, Ankleshwar - GPCB,,,,,,,,,,,,,,,,,,,,,,,,,,,,,,,,,,,,,,,
16-Jul-2015,03:45,16-Jul-2015,04:00,Gujarat,Ankleshwar,GIDC, Ankleshwar - GPCB,,,,,,,,,,,,,,,,,,,,,,,,,,,,,,,,,,,,,,,
16-Jul-2015,04:00,16-Jul-2015,04:15,Gujarat,Ankleshwar,GIDC, Ankleshwar - GPCB,,,,,,,,,,,,,,,,,,,,,,,,,,,,,,,,,,,,,,,
16-Jul-2015,04:15,16-Jul-2015,04:30,Gujarat,Ankleshwar,GIDC, Ankleshwar - GPCB,,,,,,,,,,,,,,,,,,,,,,,,,,,,,,,,,,,,,,,
16-Jul-2015,04:30,16-Jul-2015,04:45,Gujarat,Ankleshwar,GIDC, Ankleshwar - GPCB,,,,,,,,,,,,,,,,,,,,,,,,,,,,,,,,,,,,,,,
16-Jul-2015,04:45,16-Jul-2015,05:00,Gujarat,Ankleshwar,GIDC, Ankleshwar - GPCB,,,,,,,,,,,,,,,,,,,,,,,,,,,,,,,,,,,,,,,
16-Jul-2015,05:00,16-Jul-2015,05:15,Gujarat,Ankleshwar,GIDC, Ankleshwar - GPCB,,,,,,,,,,,,,,,,,,,,,,,,,,,,,,,,,,,,,,,
16-Jul-2015,05:15,16-Jul-2015,05:30,Gujarat,Ankleshwar,GIDC, Ankleshwar - GPCB,,,,,,,,,,,,,,,,,,,,,,,,,,,,,,,,,,,,,,,
16-Jul-2015,05:30,16-Jul-2015,05:45,Gujarat,Ankleshwar,GIDC, Ankleshwar - GPCB,,,,,,,,,,,,,,,,,,,,,,,,,,,,,,,,,,,,,,,
16-Jul-2015,05:45,16-Jul-2015,06:00,Gujarat,Ankleshwar,GIDC, Ankleshwar - GPCB,,,,,,,,,,,,,,,,,,,,,,,,,,,,,,,,,,,,,,,
16-Jul-2015,06:00,16-Jul-2015,06:15,Gujarat,Ankleshwar,GIDC, Ankleshwar - GPCB,,,,,,,,,,,,,,,,,,,,,,,,,,,,,,,,,,,,,,,
16-Jul-2015,06:15,16-Jul-2015,06:30,Gujarat,Ankleshwar,GIDC, Ankleshwar - GPCB,,,,,,,,,,,,,,,,,,,,,,,,,,,,,,,,,,,,,,,
16-Jul-2015,06:30,16-Jul-2015,06:45,Gujarat,Ankleshwar,GIDC, Ankleshwar - GPCB,,,,,,,,,,,,,,,,,,,,,,,,,,,,,,,,,,,,,,,
16-Jul-2015,06:45,16-Jul-2015,07:00,Gujarat,Ankleshwar,GIDC, Ankleshwar - GPCB,,,,,,,,,,,,,,,,,,,,,,,,,,,,,,,,,,,,,,,
16-Jul-2015,07:00,16-Jul-2015,07:15,Gujarat,Ankleshwar,GIDC, Ankleshwar - GPCB,,,,,,,,,,,,,,,,,,,,,,,,,,,,,,,,,,,,,,,
16-Jul-2015,07:15,16-Jul-2015,07:30,Gujarat,Ankleshwar,GIDC, Ankleshwar - GPCB,,,,,,,,,,,,,,,,,,,,,,,,,,,,,,,,,,,,,,,
16-Jul-2015,07:30,16-Jul-2015,07:45,Gujarat,Ankleshwar,GIDC, Ankleshwar - GPCB,,,,,,,,,,,,,,,,,,,,,,,,,,,,,,,,,,,,,,,
16-Jul-2015,07:45,16-Jul-2015,08:00,Gujarat,Ankleshwar,GIDC, Ankleshwar - GPCB,,,,,,,,,,,,,,,,,,,,,,,,,,,,,,,,,,,,,,,
16-Jul-2015,08:00,16-Jul-2015,08:15,Gujarat,Ankleshwar,GIDC, Ankleshwar - GPCB,,,,,,,,,,,,,,,,,,,,,,,,,,,,,,,,,,,,,,,
16-Jul-2015,08:15,16-Jul-2015,08:30,Gujarat,Ankleshwar,GIDC, Ankleshwar - GPCB,,,,,,,,,,,,,,,,,,,,,,,,,,,,,,,,,,,,,,,
16-Jul-2015,08:30,16-Jul-2015,08:45,Gujarat,Ankleshwar,GIDC, Ankleshwar - GPCB,,,,,,,,,,,,,,,,,,,,,,,,,,,,,,,,,,,,,,,
16-Jul-2015,08:45,16-Jul-2015,09:00,Gujarat,Ankleshwar,GIDC, Ankleshwar - GPCB,,,,,,,,,,,,,,,,,,,,,,,,,,,,,,,,,,,,,,,
16-Jul-2015,09:00,16-Jul-2015,09:15,Gujarat,Ankleshwar,GIDC, Ankleshwar - GPCB,,,,,,,,,,,,,,,,,,,,,,,,,,,,,,,,,,,,,,,
16-Jul-2015,09:15,16-Jul-2015,09:30,Gujarat,Ankleshwar,GIDC, Ankleshwar - GPCB,,,,,,,,,,,,,,,,,,,,,,,,,,,,,,,,,,,,,,,
16-Jul-2015,09:30,16-Jul-2015,09:45,Gujarat,Ankleshwar,GIDC, Ankleshwar - GPCB,,,,,,,,,,,,,,,,,,,,,,,,,,,,,,,,,,,,,,,
16-Jul-2015,09:45,16-Jul-2015,10:00,Gujarat,Ankleshwar,GIDC, Ankleshwar - GPCB,,,,,,,,,,,,,,,,,,,,,,,,,,,,,,,,,,,,,,,
16-Jul-2015,10:00,16-Jul-2015,10:15,Gujarat,Ankleshwar,GIDC, Ankleshwar - GPCB,,,,,,,,,,,,,,,,,,,,,,,,,,,,,,,,,,,,,,,
16-Jul-2015,10:15,16-Jul-2015,10:30,Gujarat,Ankleshwar,GIDC, Ankleshwar - GPCB,,,,,,,,,,,,,,,,,,,,,,,,,,,,,,,,,,,,,,,
16-Jul-2015,10:30,16-Jul-2015,10:45,Gujarat,Ankleshwar,GIDC, Ankleshwar - GPCB,,,,,,,,,,,,,,,,,,,,,,,,,,,,,,,,,,,,,,,
16-Jul-2015,10:45,16-Jul-2015,11:00,Gujarat,Ankleshwar,GIDC, Ankleshwar - GPCB,,,,,,,,,,,,,,,,,,,,,,,,,,,,,,,,,,,,,,,
16-Jul-2015,11:00,16-Jul-2015,11:15,Gujarat,Ankleshwar,GIDC, Ankleshwar - GPCB,,,,,,,,,,,,,,,,,,,,,,,,,,,,,,,,,,,,,,,
16-Jul-2015,11:15,16-Jul-2015,11:30,Gujarat,Ankleshwar,GIDC, Ankleshwar - GPCB,,,,,,,,,,,,,,,,,,,,,,,,,,,,,,,,,,,,,,,
16-Jul-2015,11:30,16-Jul-2015,11:45,Gujarat,Ankleshwar,GIDC, Ankleshwar - GPCB,,,,,,,,,,,,,,,,,,,,,,,,,,,,,,,,,,,,,,,
16-Jul-2015,11:45,16-Jul-2015,12:00,Gujarat,Ankleshwar,GIDC, Ankleshwar - GPCB,,,,,,,,,,,,,,,,,,,,,,,,,,,,,,,,,,,,,,,
16-Jul-2015,12:00,16-Jul-2015,12:15,Gujarat,Ankleshwar,GIDC, Ankleshwar - GPCB,,,,,,,,,,,,,,,,,,,,,,,,,,,,,,,,,,,,,,,
16-Jul-2015,12:15,16-Jul-2015,12:30,Gujarat,Ankleshwar,GIDC, Ankleshwar - GPCB,,,,,,,,,,,,,,,,,,,,,,,,,,,,,,,,,,,,,,,
16-Jul-2015,12:30,16-Jul-2015,12:45,Gujarat,Ankleshwar,GIDC, Ankleshwar - GPCB,,,,,,,,,,,,,,,,,,,,,,,,,,,,,,,,,,,,,,,
16-Jul-2015,12:45,16-Jul-2015,13:00,Gujarat,Ankleshwar,GIDC, Ankleshwar - GPCB,,,,,,,,,,,,,,,,,,,,,,,,,,,,,,,,,,,,,,,
16-Jul-2015,13:00,16-Jul-2015,13:15,Gujarat,Ankleshwar,GIDC, Ankleshwar - GPCB,,,,,,,,,,,,,,,,,,,,,,,,,,,,,,,,,,,,,,,
16-Jul-2015,13:15,16-Jul-2015,13:30,Gujarat,Ankleshwar,GIDC, Ankleshwar - GPCB,,,,,,,,,,,,,,,,,,,,,,,,,,,,,,,,,,,,,,,
16-Jul-2015,13:30,16-Jul-2015,13:45,Gujarat,Ankleshwar,GIDC, Ankleshwar - GPCB,,,,,,,,,,,,,,,,,,,,,,,,,,,,,,,,,,,,,,,
16-Jul-2015,13:45,16-Jul-2015,14:00,Gujarat,Ankleshwar,GIDC, Ankleshwar - GPCB,,,,,,,,,,,,,,,,,,,,,,,,,,,,,,,,,,,,,,,
16-Jul-2015,14:00,16-Jul-2015,14:15,Gujarat,Ankleshwar,GIDC, Ankleshwar - GPCB,,,,,,,,,,,,,,,,,,,,,,,,,,,,,,,,,,,,,,,
16-Jul-2015,14:15,16-Jul-2015,14:30,Gujarat,Ankleshwar,GIDC, Ankleshwar - GPCB,,,,,,,,,,,,,,,,,,,,,,,,,,,,,,,,,,,,,,,
16-Jul-2015,14:30,16-Jul-2015,14:45,Gujarat,Ankleshwar,GIDC, Ankleshwar - GPCB,,,,,,,,,,,,,,,,,,,,,,,,,,,,,,,,,,,,,,,
16-Jul-2015,14:45,16-Jul-2015,15:00,Gujarat,Ankleshwar,GIDC, Ankleshwar - GPCB,,,,,,,,,,,,,,,,,,,,,,,,,,,,,,,,,,,,,,,
16-Jul-2015,15:00,16-Jul-2015,15:15,Gujarat,Ankleshwar,GIDC, Ankleshwar - GPCB,,,,,,,,,,,,,,,,,,,,,,,,,,,,,,,,,,,,,,,
16-Jul-2015,15:15,16-Jul-2015,15:30,Gujarat,Ankleshwar,GIDC, Ankleshwar - GPCB,,,,,,,,,,,,,,,,,,,,,,,,,,,,,,,,,,,,,,,
16-Jul-2015,15:30,16-Jul-2015,15:45,Gujarat,Ankleshwar,GIDC, Ankleshwar - GPCB,,,,,,,,,,,,,,,,,,,,,,,,,,,,,,,,,,,,,,,
16-Jul-2015,15:45,16-Jul-2015,16:00,Gujarat,Ankleshwar,GIDC, Ankleshwar - GPCB,,,,,,,,,,,,,,,,,,,,,,,,,,,,,,,,,,,,,,,
16-Jul-2015,16:00,16-Jul-2015,16:15,Gujarat,Ankleshwar,GIDC, Ankleshwar - GPCB,,,,,,,,,,,,,,,,,,,,,,,,,,,,,,,,,,,,,,,
16-Jul-2015,16:15,16-Jul-2015,16:30,Gujarat,Ankleshwar,GIDC, Ankleshwar - GPCB,,,,,,,,,,,,,,,,,,,,,,,,,,,,,,,,,,,,,,,
16-Jul-2015,16:30,16-Jul-2015,16:45,Gujarat,Ankleshwar,GIDC, Ankleshwar - GPCB,,,,,,,,,,,,,,,,,,,,,,,,,,,,,,,,,,,,,,,
16-Jul-2015,16:45,16-Jul-2015,17:00,Gujarat,Ankleshwar,GIDC, Ankleshwar - GPCB,,,,,,,,,,,,,,,,,,,,,,,,,,,,,,,,,,,,,,,
16-Jul-2015,17:00,16-Jul-2015,17:15,Gujarat,Ankleshwar,GIDC, Ankleshwar - GPCB,,,,,,,,,,,,,,,,,,,,,,,,,,,,,,,,,,,,,,,
16-Jul-2015,17:15,16-Jul-2015,17:30,Gujarat,Ankleshwar,GIDC, Ankleshwar - GPCB,,,,,,,,,,,,,,,,,,,,,,,,,,,,,,,,,,,,,,,
16-Jul-2015,17:30,16-Jul-2015,17:45,Gujarat,Ankleshwar,GIDC, Ankleshwar - GPCB,,,,,,,,,,,,,,,,,,,,,,,,,,,,,,,,,,,,,,,
16-Jul-2015,17:45,16-Jul-2015,18:00,Gujarat,Ankleshwar,GIDC, Ankleshwar - GPCB,,,,,,,,,,,,,,,,,,,,,,,,,,,,,,,,,,,,,,,
16-Jul-2015,18:00,16-Jul-2015,18:15,Gujarat,Ankleshwar,GIDC, Ankleshwar - GPCB,,,,,,,,,,,,,,,,,,,,,,,,,,,,,,,,,,,,,,,
16-Jul-2015,18:15,16-Jul-2015,18:30,Gujarat,Ankleshwar,GIDC, Ankleshwar - GPCB,,,,,,,,,,,,,,,,,,,,,,,,,,,,,,,,,,,,,,,
16-Jul-2015,18:30,16-Jul-2015,18:45,Gujarat,Ankleshwar,GIDC, Ankleshwar - GPCB,,,,,,,,,,,,,,,,,,,,,,,,,,,,,,,,,,,,,,,
16-Jul-2015,18:45,16-Jul-2015,19:00,Gujarat,Ankleshwar,GIDC, Ankleshwar - GPCB,,,,,,,,,,,,,,,,,,,,,,,,,,,,,,,,,,,,,,,
16-Jul-2015,19:00,16-Jul-2015,19:15,Gujarat,Ankleshwar,GIDC, Ankleshwar - GPCB,,,,,,,,,,,,,,,,,,,,,,,,,,,,,,,,,,,,,,,
16-Jul-2015,19:15,16-Jul-2015,19:30,Gujarat,Ankleshwar,GIDC, Ankleshwar - GPCB,,,,,,,,,,,,,,,,,,,,,,,,,,,,,,,,,,,,,,,
16-Jul-2015,19:30,16-Jul-2015,19:45,Gujarat,Ankleshwar,GIDC, Ankleshwar - GPCB,,,,,,,,,,,,,,,,,,,,,,,,,,,,,,,,,,,,,,,
16-Jul-2015,19:45,16-Jul-2015,20:00,Gujarat,Ankleshwar,GIDC, Ankleshwar - GPCB,,,,,,,,,,,,,,,,,,,,,,,,,,,,,,,,,,,,,,,
16-Jul-2015,20:00,16-Jul-2015,20:15,Gujarat,Ankleshwar,GIDC, Ankleshwar - GPCB,,,,,,,,,,,,,,,,,,,,,,,,,,,,,,,,,,,,,,,
16-Jul-2015,20:15,16-Jul-2015,20:30,Gujarat,Ankleshwar,GIDC, Ankleshwar - GPCB,,,,,,,,,,,,,,,,,,,,,,,,,,,,,,,,,,,,,,,
16-Jul-2015,20:30,16-Jul-2015,20:45,Gujarat,Ankleshwar,GIDC, Ankleshwar - GPCB,,,,,,,,,,,,,,,,,,,,,,,,,,,,,,,,,,,,,,,
16-Jul-2015,20:45,16-Jul-2015,21:00,Gujarat,Ankleshwar,GIDC, Ankleshwar - GPCB,,,,,,,,,,,,,,,,,,,,,,,,,,,,,,,,,,,,,,,
16-Jul-2015,21:00,16-Jul-2015,21:15,Gujarat,Ankleshwar,GIDC, Ankleshwar - GPCB,,,,,,,,,,,,,,,,,,,,,,,,,,,,,,,,,,,,,,,
16-Jul-2015,21:15,16-Jul-2015,21:30,Gujarat,Ankleshwar,GIDC, Ankleshwar - GPCB,,,,,,,,,,,,,,,,,,,,,,,,,,,,,,,,,,,,,,,
16-Jul-2015,21:30,16-Jul-2015,21:45,Gujarat,Ankleshwar,GIDC, Ankleshwar - GPCB,,,,,,,,,,,,,,,,,,,,,,,,,,,,,,,,,,,,,,,
16-Jul-2015,21:45,16-Jul-2015,22:00,Gujarat,Ankleshwar,GIDC, Ankleshwar - GPCB,,,,,,,,,,,,,,,,,,,,,,,,,,,,,,,,,,,,,,,
16-Jul-2015,22:00,16-Jul-2015,22:15,Gujarat,Ankleshwar,GIDC, Ankleshwar - GPCB,,,,,,,,,,,,,,,,,,,,,,,,,,,,,,,,,,,,,,,
16-Jul-2015,22:15,16-Jul-2015,22:30,Gujarat,Ankleshwar,GIDC, Ankleshwar - GPCB,,,,,,,,,,,,,,,,,,,,,,,,,,,,,,,,,,,,,,,
16-Jul-2015,22:30,16-Jul-2015,22:45,Gujarat,Ankleshwar,GIDC, Ankleshwar - GPCB,,,,,,,,,,,,,,,,,,,,,,,,,,,,,,,,,,,,,,,
16-Jul-2015,22:45,16-Jul-2015,23:00,Gujarat,Ankleshwar,GIDC, Ankleshwar - GPCB,,,,,,,,,,,,,,,,,,,,,,,,,,,,,,,,,,,,,,,
16-Jul-2015,23:00,16-Jul-2015,23:15,Gujarat,Ankleshwar,GIDC, Ankleshwar - GPCB,,,,,,,,,,,,,,,,,,,,,,,,,,,,,,,,,,,,,,,
16-Jul-2015,23:15,16-Jul-2015,23:30,Gujarat,Ankleshwar,GIDC, Ankleshwar - GPCB,,,,,,,,,,,,,,,,,,,,,,,,,,,,,,,,,,,,,,,
16-Jul-2015,23:30,16-Jul-2015,23:45,Gujarat,Ankleshwar,GIDC, Ankleshwar - GPCB,,,,,,,,,,,,,,,,,,,,,,,,,,,,,,,,,,,,,,,
16-Jul-2015,23:45,17-Jul-2015,00:00,Gujarat,Ankleshwar,GIDC, Ankleshwar - GPCB,,,,,,,,,,,,,,,,,,,,,,,,,,,,,,,,,,,,,,,
17-Jul-2015,00:00,17-Jul-2015,00:15,Gujarat,Ankleshwar,GIDC, Ankleshwar - GPCB,,,,,,,,,,,,,,,,,,,,,,,,,,,,,,,,,,,,,,,
17-Jul-2015,00:15,17-Jul-2015,00:30,Gujarat,Ankleshwar,GIDC, Ankleshwar - GPCB,,,,,,,,,,,,,,,,,,,,,,,,,,,,,,,,,,,,,,,
17-Jul-2015,00:30,17-Jul-2015,00:45,Gujarat,Ankleshwar,GIDC, Ankleshwar - GPCB,,,,,,,,,,,,,,,,,,,,,,,,,,,,,,,,,,,,,,,
17-Jul-2015,00:45,17-Jul-2015,01:00,Gujarat,Ankleshwar,GIDC, Ankleshwar - GPCB,,,,,,,,,,,,,,,,,,,,,,,,,,,,,,,,,,,,,,,
17-Jul-2015,01:00,17-Jul-2015,01:15,Gujarat,Ankleshwar,GIDC, Ankleshwar - GPCB,,,,,,,,,,,,,,,,,,,,,,,,,,,,,,,,,,,,,,,
17-Jul-2015,01:15,17-Jul-2015,01:30,Gujarat,Ankleshwar,GIDC, Ankleshwar - GPCB,,,,,,,,,,,,,,,,,,,,,,,,,,,,,,,,,,,,,,,
17-Jul-2015,01:30,17-Jul-2015,01:45,Gujarat,Ankleshwar,GIDC, Ankleshwar - GPCB,,,,,,,,,,,,,,,,,,,,,,,,,,,,,,,,,,,,,,,
17-Jul-2015,01:45,17-Jul-2015,02:00,Gujarat,Ankleshwar,GIDC, Ankleshwar - GPCB,,,,,,,,,,,,,,,,,,,,,,,,,,,,,,,,,,,,,,,
17-Jul-2015,02:00,17-Jul-2015,02:15,Gujarat,Ankleshwar,GIDC, Ankleshwar - GPCB,,,,,,,,,,,,,,,,,,,,,,,,,,,,,,,,,,,,,,,
17-Jul-2015,02:15,17-Jul-2015,02:30,Gujarat,Ankleshwar,GIDC, Ankleshwar - GPCB,,,,,,,,,,,,,,,,,,,,,,,,,,,,,,,,,,,,,,,
17-Jul-2015,02:30,17-Jul-2015,02:45,Gujarat,Ankleshwar,GIDC, Ankleshwar - GPCB,,,,,,,,,,,,,,,,,,,,,,,,,,,,,,,,,,,,,,,
17-Jul-2015,02:45,17-Jul-2015,03:00,Gujarat,Ankleshwar,GIDC, Ankleshwar - GPCB,,,,,,,,,,,,,,,,,,,,,,,,,,,,,,,,,,,,,,,
17-Jul-2015,03:00,17-Jul-2015,03:15,Gujarat,Ankleshwar,GIDC, Ankleshwar - GPCB,,,,,,,,,,,,,,,,,,,,,,,,,,,,,,,,,,,,,,,
17-Jul-2015,03:15,17-Jul-2015,03:30,Gujarat,Ankleshwar,GIDC, Ankleshwar - GPCB,,,,,,,,,,,,,,,,,,,,,,,,,,,,,,,,,,,,,,,
17-Jul-2015,03:30,17-Jul-2015,03:45,Gujarat,Ankleshwar,GIDC, Ankleshwar - GPCB,,,,,,,,,,,,,,,,,,,,,,,,,,,,,,,,,,,,,,,
17-Jul-2015,03:45,17-Jul-2015,04:00,Gujarat,Ankleshwar,GIDC, Ankleshwar - GPCB,,,,,,,,,,,,,,,,,,,,,,,,,,,,,,,,,,,,,,,
17-Jul-2015,04:00,17-Jul-2015,04:15,Gujarat,Ankleshwar,GIDC, Ankleshwar - GPCB,,,,,,,,,,,,,,,,,,,,,,,,,,,,,,,,,,,,,,,
17-Jul-2015,04:15,17-Jul-2015,04:30,Gujarat,Ankleshwar,GIDC, Ankleshwar - GPCB,,,,,,,,,,,,,,,,,,,,,,,,,,,,,,,,,,,,,,,
17-Jul-2015,04:30,17-Jul-2015,04:45,Gujarat,Ankleshwar,GIDC, Ankleshwar - GPCB,,,,,,,,,,,,,,,,,,,,,,,,,,,,,,,,,,,,,,,
17-Jul-2015,04:45,17-Jul-2015,05:00,Gujarat,Ankleshwar,GIDC, Ankleshwar - GPCB,,,,,,,,,,,,,,,,,,,,,,,,,,,,,,,,,,,,,,,
17-Jul-2015,05:00,17-Jul-2015,05:15,Gujarat,Ankleshwar,GIDC, Ankleshwar - GPCB,,,,,,,,,,,,,,,,,,,,,,,,,,,,,,,,,,,,,,,
17-Jul-2015,05:15,17-Jul-2015,05:30,Gujarat,Ankleshwar,GIDC, Ankleshwar - GPCB,,,,,,,,,,,,,,,,,,,,,,,,,,,,,,,,,,,,,,,
17-Jul-2015,05:30,17-Jul-2015,05:45,Gujarat,Ankleshwar,GIDC, Ankleshwar - GPCB,,,,,,,,,,,,,,,,,,,,,,,,,,,,,,,,,,,,,,,
17-Jul-2015,05:45,17-Jul-2015,06:00,Gujarat,Ankleshwar,GIDC, Ankleshwar - GPCB,,,,,,,,,,,,,,,,,,,,,,,,,,,,,,,,,,,,,,,
17-Jul-2015,06:00,17-Jul-2015,06:15,Gujarat,Ankleshwar,GIDC, Ankleshwar - GPCB,,,,,,,,,,,,,,,,,,,,,,,,,,,,,,,,,,,,,,,
17-Jul-2015,06:15,17-Jul-2015,06:30,Gujarat,Ankleshwar,GIDC, Ankleshwar - GPCB,,,,,,,,,,,,,,,,,,,,,,,,,,,,,,,,,,,,,,,
17-Jul-2015,06:30,17-Jul-2015,06:45,Gujarat,Ankleshwar,GIDC, Ankleshwar - GPCB,,,,,,,,,,,,,,,,,,,,,,,,,,,,,,,,,,,,,,,
17-Jul-2015,06:45,17-Jul-2015,07:00,Gujarat,Ankleshwar,GIDC, Ankleshwar - GPCB,,,,,,,,,,,,,,,,,,,,,,,,,,,,,,,,,,,,,,,
17-Jul-2015,07:00,17-Jul-2015,07:15,Gujarat,Ankleshwar,GIDC, Ankleshwar - GPCB,,,,,,,,,,,,,,,,,,,,,,,,,,,,,,,,,,,,,,,
17-Jul-2015,07:15,17-Jul-2015,07:30,Gujarat,Ankleshwar,GIDC, Ankleshwar - GPCB,,,,,,,,,,,,,,,,,,,,,,,,,,,,,,,,,,,,,,,
17-Jul-2015,07:30,17-Jul-2015,07:45,Gujarat,Ankleshwar,GIDC, Ankleshwar - GPCB,,,,,,,,,,,,,,,,,,,,,,,,,,,,,,,,,,,,,,,
17-Jul-2015,07:45,17-Jul-2015,08:00,Gujarat,Ankleshwar,GIDC, Ankleshwar - GPCB,,,,,,,,,,,,,,,,,,,,,,,,,,,,,,,,,,,,,,,
17-Jul-2015,08:00,17-Jul-2015,08:15,Gujarat,Ankleshwar,GIDC, Ankleshwar - GPCB,,,,,,,,,,,,,,,,,,,,,,,,,,,,,,,,,,,,,,,
17-Jul-2015,08:15,17-Jul-2015,08:30,Gujarat,Ankleshwar,GIDC, Ankleshwar - GPCB,,,,,,,,,,,,,,,,,,,,,,,,,,,,,,,,,,,,,,,
17-Jul-2015,08:30,17-Jul-2015,08:45,Gujarat,Ankleshwar,GIDC, Ankleshwar - GPCB,,,,,,,,,,,,,,,,,,,,,,,,,,,,,,,,,,,,,,,
17-Jul-2015,08:45,17-Jul-2015,09:00,Gujarat,Ankleshwar,GIDC, Ankleshwar - GPCB,,,,,,,,,,,,,,,,,,,,,,,,,,,,,,,,,,,,,,,
17-Jul-2015,09:00,17-Jul-2015,09:15,Gujarat,Ankleshwar,GIDC, Ankleshwar - GPCB,,,,,,,,,,,,,,,,,,,,,,,,,,,,,,,,,,,,,,,
17-Jul-2015,09:15,17-Jul-2015,09:30,Gujarat,Ankleshwar,GIDC, Ankleshwar - GPCB,,,,,,,,,,,,,,,,,,,,,,,,,,,,,,,,,,,,,,,
17-Jul-2015,09:30,17-Jul-2015,09:45,Gujarat,Ankleshwar,GIDC, Ankleshwar - GPCB,,,,,,,,,,,,,,,,,,,,,,,,,,,,,,,,,,,,,,,
17-Jul-2015,09:45,17-Jul-2015,10:00,Gujarat,Ankleshwar,GIDC, Ankleshwar - GPCB,,,,,,,,,,,,,,,,,,,,,,,,,,,,,,,,,,,,,,,
17-Jul-2015,10:00,17-Jul-2015,10:15,Gujarat,Ankleshwar,GIDC, Ankleshwar - GPCB,,,,,,,,,,,,,,,,,,,,,,,,,,,,,,,,,,,,,,,
17-Jul-2015,10:15,17-Jul-2015,10:30,Gujarat,Ankleshwar,GIDC, Ankleshwar - GPCB,,,,,,,,,,,,,,,,,,,,,,,,,,,,,,,,,,,,,,,
17-Jul-2015,10:30,17-Jul-2015,10:45,Gujarat,Ankleshwar,GIDC, Ankleshwar - GPCB,,,,,,,,,,,,,,,,,,,,,,,,,,,,,,,,,,,,,,,
17-Jul-2015,10:45,17-Jul-2015,11:00,Gujarat,Ankleshwar,GIDC, Ankleshwar - GPCB,,,,,,,,,,,,,,,,,,,,,,,,,,,,,,,,,,,,,,,
17-Jul-2015,11:00,17-Jul-2015,11:15,Gujarat,Ankleshwar,GIDC, Ankleshwar - GPCB,,,,,,,,,,,,,,,,,,,,,,,,,,,,,,,,,,,,,,,
17-Jul-2015,11:15,17-Jul-2015,11:30,Gujarat,Ankleshwar,GIDC, Ankleshwar - GPCB,,,,,,,,,,,,,,,,,,,,,,,,,,,,,,,,,,,,,,,
17-Jul-2015,11:30,17-Jul-2015,11:45,Gujarat,Ankleshwar,GIDC, Ankleshwar - GPCB,,,,,,,,,,,,,,,,,,,,,,,,,,,,,,,,,,,,,,,
17-Jul-2015,11:45,17-Jul-2015,12:00,Gujarat,Ankleshwar,GIDC, Ankleshwar - GPCB,,,,,,,,,,,,,,,,,,,,,,,,,,,,,,,,,,,,,,,
17-Jul-2015,12:00,17-Jul-2015,12:15,Gujarat,Ankleshwar,GIDC, Ankleshwar - GPCB,,,,,,,,,,,,,,,,,,,,,,,,,,,,,,,,,,,,,,,
17-Jul-2015,12:15,17-Jul-2015,12:30,Gujarat,Ankleshwar,GIDC, Ankleshwar - GPCB,,,,,,,,,,,,,,,,,,,,,,,,,,,,,,,,,,,,,,,
17-Jul-2015,12:30,17-Jul-2015,12:45,Gujarat,Ankleshwar,GIDC, Ankleshwar - GPCB,,,,,,,,,,,,,,,,,,,,,,,,,,,,,,,,,,,,,,,
17-Jul-2015,12:45,17-Jul-2015,13:00,Gujarat,Ankleshwar,GIDC, Ankleshwar - GPCB,,,,,,,,,,,,,,,,,,,,,,,,,,,,,,,,,,,,,,,
17-Jul-2015,13:00,17-Jul-2015,13:15,Gujarat,Ankleshwar,GIDC, Ankleshwar - GPCB,,,,,,,,,,,,,,,,,,,,,,,,,,,,,,,,,,,,,,,
17-Jul-2015,13:15,17-Jul-2015,13:30,Gujarat,Ankleshwar,GIDC, Ankleshwar - GPCB,,,,,,,,,,,,,,,,,,,,,,,,,,,,,,,,,,,,,,,
17-Jul-2015,13:30,17-Jul-2015,13:45,Gujarat,Ankleshwar,GIDC, Ankleshwar - GPCB,,,,,,,,,,,,,,,,,,,,,,,,,,,,,,,,,,,,,,,
17-Jul-2015,13:45,17-Jul-2015,14:00,Gujarat,Ankleshwar,GIDC, Ankleshwar - GPCB,,,,,,,,,,,,,,,,,,,,,,,,,,,,,,,,,,,,,,,
17-Jul-2015,14:00,17-Jul-2015,14:15,Gujarat,Ankleshwar,GIDC, Ankleshwar - GPCB,,,,,,,,,,,,,,,,,,,,,,,,,,,,,,,,,,,,,,,
17-Jul-2015,14:15,17-Jul-2015,14:30,Gujarat,Ankleshwar,GIDC, Ankleshwar - GPCB,,,,,,,,,,,,,,,,,,,,,,,,,,,,,,,,,,,,,,,
17-Jul-2015,14:30,17-Jul-2015,14:45,Gujarat,Ankleshwar,GIDC, Ankleshwar - GPCB,,,,,,,,,,,,,,,,,,,,,,,,,,,,,,,,,,,,,,,
17-Jul-2015,14:45,17-Jul-2015,15:00,Gujarat,Ankleshwar,GIDC, Ankleshwar - GPCB,,,,,,,,,,,,,,,,,,,,,,,,,,,,,,,,,,,,,,,
17-Jul-2015,15:00,17-Jul-2015,15:15,Gujarat,Ankleshwar,GIDC, Ankleshwar - GPCB,,,,,,,,,,,,,,,,,,,,,,,,,,,,,,,,,,,,,,,
17-Jul-2015,15:15,17-Jul-2015,15:30,Gujarat,Ankleshwar,GIDC, Ankleshwar - GPCB,,,,,,,,,,,,,,,,,,,,,,,,,,,,,,,,,,,,,,,
17-Jul-2015,15:30,17-Jul-2015,15:45,Gujarat,Ankleshwar,GIDC, Ankleshwar - GPCB,,,,,,,,,,,,,,,,,,,,,,,,,,,,,,,,,,,,,,,
17-Jul-2015,15:45,17-Jul-2015,16:00,Gujarat,Ankleshwar,GIDC, Ankleshwar - GPCB,,,,,,,,,,,,,,,,,,,,,,,,,,,,,,,,,,,,,,,
17-Jul-2015,16:00,17-Jul-2015,16:15,Gujarat,Ankleshwar,GIDC, Ankleshwar - GPCB,,,,,,,,,,,,,,,,,,,,,,,,,,,,,,,,,,,,,,,
17-Jul-2015,16:15,17-Jul-2015,16:30,Gujarat,Ankleshwar,GIDC, Ankleshwar - GPCB,,,,,,,,,,,,,,,,,,,,,,,,,,,,,,,,,,,,,,,
17-Jul-2015,16:30,17-Jul-2015,16:45,Gujarat,Ankleshwar,GIDC, Ankleshwar - GPCB,,,,,,,,,,,,,,,,,,,,,,,,,,,,,,,,,,,,,,,
17-Jul-2015,16:45,17-Jul-2015,17:00,Gujarat,Ankleshwar,GIDC, Ankleshwar - GPCB,,,,,,,,,,,,,,,,,,,,,,,,,,,,,,,,,,,,,,,
17-Jul-2015,17:00,17-Jul-2015,17:15,Gujarat,Ankleshwar,GIDC, Ankleshwar - GPCB,,,,,,,,,,,,,,,,,,,,,,,,,,,,,,,,,,,,,,,
17-Jul-2015,17:15,17-Jul-2015,17:30,Gujarat,Ankleshwar,GIDC, Ankleshwar - GPCB,,,,,,,,,,,,,,,,,,,,,,,,,,,,,,,,,,,,,,,
17-Jul-2015,17:30,17-Jul-2015,17:45,Gujarat,Ankleshwar,GIDC, Ankleshwar - GPCB,,,,,,,,,,,,,,,,,,,,,,,,,,,,,,,,,,,,,,,
17-Jul-2015,17:45,17-Jul-2015,18:00,Gujarat,Ankleshwar,GIDC, Ankleshwar - GPCB,,,,,,,,,,,,,,,,,,,,,,,,,,,,,,,,,,,,,,,
17-Jul-2015,18:00,17-Jul-2015,18:15,Gujarat,Ankleshwar,GIDC, Ankleshwar - GPCB,,,,,,,,,,,,,,,,,,,,,,,,,,,,,,,,,,,,,,,
17-Jul-2015,18:15,17-Jul-2015,18:30,Gujarat,Ankleshwar,GIDC, Ankleshwar - GPCB,,,,,,,,,,,,,,,,,,,,,,,,,,,,,,,,,,,,,,,
17-Jul-2015,18:30,17-Jul-2015,18:45,Gujarat,Ankleshwar,GIDC, Ankleshwar - GPCB,,,,,,,,,,,,,,,,,,,,,,,,,,,,,,,,,,,,,,,
17-Jul-2015,18:45,17-Jul-2015,19:00,Gujarat,Ankleshwar,GIDC, Ankleshwar - GPCB,,,,,,,,,,,,,,,,,,,,,,,,,,,,,,,,,,,,,,,
17-Jul-2015,19:00,17-Jul-2015,19:15,Gujarat,Ankleshwar,GIDC, Ankleshwar - GPCB,,,,,,,,,,,,,,,,,,,,,,,,,,,,,,,,,,,,,,,
17-Jul-2015,19:15,17-Jul-2015,19:30,Gujarat,Ankleshwar,GIDC, Ankleshwar - GPCB,,,,,,,,,,,,,,,,,,,,,,,,,,,,,,,,,,,,,,,
17-Jul-2015,19:30,17-Jul-2015,19:45,Gujarat,Ankleshwar,GIDC, Ankleshwar - GPCB,,,,,,,,,,,,,,,,,,,,,,,,,,,,,,,,,,,,,,,
17-Jul-2015,19:45,17-Jul-2015,20:00,Gujarat,Ankleshwar,GIDC, Ankleshwar - GPCB,,,,,,,,,,,,,,,,,,,,,,,,,,,,,,,,,,,,,,,
17-Jul-2015,20:00,17-Jul-2015,20:15,Gujarat,Ankleshwar,GIDC, Ankleshwar - GPCB,,,,,,,,,,,,,,,,,,,,,,,,,,,,,,,,,,,,,,,
17-Jul-2015,20:15,17-Jul-2015,20:30,Gujarat,Ankleshwar,GIDC, Ankleshwar - GPCB,,,,,,,,,,,,,,,,,,,,,,,,,,,,,,,,,,,,,,,
17-Jul-2015,20:30,17-Jul-2015,20:45,Gujarat,Ankleshwar,GIDC, Ankleshwar - GPCB,,,,,,,,,,,,,,,,,,,,,,,,,,,,,,,,,,,,,,,
17-Jul-2015,20:45,17-Jul-2015,21:00,Gujarat,Ankleshwar,GIDC, Ankleshwar - GPCB,,,,,,,,,,,,,,,,,,,,,,,,,,,,,,,,,,,,,,,
17-Jul-2015,21:00,17-Jul-2015,21:15,Gujarat,Ankleshwar,GIDC, Ankleshwar - GPCB,,,,,,,,,,,,,,,,,,,,,,,,,,,,,,,,,,,,,,,
17-Jul-2015,21:15,17-Jul-2015,21:30,Gujarat,Ankleshwar,GIDC, Ankleshwar - GPCB,,,,,,,,,,,,,,,,,,,,,,,,,,,,,,,,,,,,,,,
17-Jul-2015,21:30,17-Jul-2015,21:45,Gujarat,Ankleshwar,GIDC, Ankleshwar - GPCB,,,,,,,,,,,,,,,,,,,,,,,,,,,,,,,,,,,,,,,
17-Jul-2015,21:45,17-Jul-2015,22:00,Gujarat,Ankleshwar,GIDC, Ankleshwar - GPCB,,,,,,,,,,,,,,,,,,,,,,,,,,,,,,,,,,,,,,,
17-Jul-2015,22:00,17-Jul-2015,22:15,Gujarat,Ankleshwar,GIDC, Ankleshwar - GPCB,,,,,,,,,,,,,,,,,,,,,,,,,,,,,,,,,,,,,,,
17-Jul-2015,22:15,17-Jul-2015,22:30,Gujarat,Ankleshwar,GIDC, Ankleshwar - GPCB,,,,,,,,,,,,,,,,,,,,,,,,,,,,,,,,,,,,,,,
17-Jul-2015,22:30,17-Jul-2015,22:45,Gujarat,Ankleshwar,GIDC, Ankleshwar - GPCB,,,,,,,,,,,,,,,,,,,,,,,,,,,,,,,,,,,,,,,
17-Jul-2015,22:45,17-Jul-2015,23:00,Gujarat,Ankleshwar,GIDC, Ankleshwar - GPCB,,,,,,,,,,,,,,,,,,,,,,,,,,,,,,,,,,,,,,,
17-Jul-2015,23:00,17-Jul-2015,23:15,Gujarat,Ankleshwar,GIDC, Ankleshwar - GPCB,,,,,,,,,,,,,,,,,,,,,,,,,,,,,,,,,,,,,,,
17-Jul-2015,23:15,17-Jul-2015,23:30,Gujarat,Ankleshwar,GIDC, Ankleshwar - GPCB,,,,,,,,,,,,,,,,,,,,,,,,,,,,,,,,,,,,,,,
17-Jul-2015,23:30,17-Jul-2015,23:45,Gujarat,Ankleshwar,GIDC, Ankleshwar - GPCB,,,,,,,,,,,,,,,,,,,,,,,,,,,,,,,,,,,,,,,
17-Jul-2015,23:45,18-Jul-2015,00:00,Gujarat,Ankleshwar,GIDC, Ankleshwar - GPCB,,,,,,,,,,,,,,,,,,,,,,,,,,,,,,,,,,,,,,,
18-Jul-2015,00:00,18-Jul-2015,00:15,Gujarat,Ankleshwar,GIDC, Ankleshwar - GPCB,,,,,,,,,,,,,,,,,,,,,,,,,,,,,,,,,,,,,,,
18-Jul-2015,00:15,18-Jul-2015,00:30,Gujarat,Ankleshwar,GIDC, Ankleshwar - GPCB,,,,,,,,,,,,,,,,,,,,,,,,,,,,,,,,,,,,,,,
18-Jul-2015,00:30,18-Jul-2015,00:45,Gujarat,Ankleshwar,GIDC, Ankleshwar - GPCB,,,,,,,,,,,,,,,,,,,,,,,,,,,,,,,,,,,,,,,
18-Jul-2015,00:45,18-Jul-2015,01:00,Gujarat,Ankleshwar,GIDC, Ankleshwar - GPCB,,,,,,,,,,,,,,,,,,,,,,,,,,,,,,,,,,,,,,,
18-Jul-2015,01:00,18-Jul-2015,01:15,Gujarat,Ankleshwar,GIDC, Ankleshwar - GPCB,,,,,,,,,,,,,,,,,,,,,,,,,,,,,,,,,,,,,,,
18-Jul-2015,01:15,18-Jul-2015,01:30,Gujarat,Ankleshwar,GIDC, Ankleshwar - GPCB,,,,,,,,,,,,,,,,,,,,,,,,,,,,,,,,,,,,,,,
18-Jul-2015,01:30,18-Jul-2015,01:45,Gujarat,Ankleshwar,GIDC, Ankleshwar - GPCB,,,,,,,,,,,,,,,,,,,,,,,,,,,,,,,,,,,,,,,
18-Jul-2015,01:45,18-Jul-2015,02:00,Gujarat,Ankleshwar,GIDC, Ankleshwar - GPCB,,,,,,,,,,,,,,,,,,,,,,,,,,,,,,,,,,,,,,,
18-Jul-2015,02:00,18-Jul-2015,02:15,Gujarat,Ankleshwar,GIDC, Ankleshwar - GPCB,,,,,,,,,,,,,,,,,,,,,,,,,,,,,,,,,,,,,,,
18-Jul-2015,02:15,18-Jul-2015,02:30,Gujarat,Ankleshwar,GIDC, Ankleshwar - GPCB,,,,,,,,,,,,,,,,,,,,,,,,,,,,,,,,,,,,,,,
18-Jul-2015,02:30,18-Jul-2015,02:45,Gujarat,Ankleshwar,GIDC, Ankleshwar - GPCB,,,,,,,,,,,,,,,,,,,,,,,,,,,,,,,,,,,,,,,
18-Jul-2015,02:45,18-Jul-2015,03:00,Gujarat,Ankleshwar,GIDC, Ankleshwar - GPCB,,,,,,,,,,,,,,,,,,,,,,,,,,,,,,,,,,,,,,,
18-Jul-2015,03:00,18-Jul-2015,03:15,Gujarat,Ankleshwar,GIDC, Ankleshwar - GPCB,,,,,,,,,,,,,,,,,,,,,,,,,,,,,,,,,,,,,,,
18-Jul-2015,03:15,18-Jul-2015,03:30,Gujarat,Ankleshwar,GIDC, Ankleshwar - GPCB,,,,,,,,,,,,,,,,,,,,,,,,,,,,,,,,,,,,,,,
18-Jul-2015,03:30,18-Jul-2015,03:45,Gujarat,Ankleshwar,GIDC, Ankleshwar - GPCB,,,,,,,,,,,,,,,,,,,,,,,,,,,,,,,,,,,,,,,
18-Jul-2015,03:45,18-Jul-2015,04:00,Gujarat,Ankleshwar,GIDC, Ankleshwar - GPCB,,,,,,,,,,,,,,,,,,,,,,,,,,,,,,,,,,,,,,,
18-Jul-2015,04:00,18-Jul-2015,04:15,Gujarat,Ankleshwar,GIDC, Ankleshwar - GPCB,,,,,,,,,,,,,,,,,,,,,,,,,,,,,,,,,,,,,,,
18-Jul-2015,04:15,18-Jul-2015,04:30,Gujarat,Ankleshwar,GIDC, Ankleshwar - GPCB,,,,,,,,,,,,,,,,,,,,,,,,,,,,,,,,,,,,,,,
18-Jul-2015,04:30,18-Jul-2015,04:45,Gujarat,Ankleshwar,GIDC, Ankleshwar - GPCB,,,,,,,,,,,,,,,,,,,,,,,,,,,,,,,,,,,,,,,
18-Jul-2015,04:45,18-Jul-2015,05:00,Gujarat,Ankleshwar,GIDC, Ankleshwar - GPCB,,,,,,,,,,,,,,,,,,,,,,,,,,,,,,,,,,,,,,,
18-Jul-2015,05:00,18-Jul-2015,05:15,Gujarat,Ankleshwar,GIDC, Ankleshwar - GPCB,,,,,,,,,,,,,,,,,,,,,,,,,,,,,,,,,,,,,,,
18-Jul-2015,05:15,18-Jul-2015,05:30,Gujarat,Ankleshwar,GIDC, Ankleshwar - GPCB,,,,,,,,,,,,,,,,,,,,,,,,,,,,,,,,,,,,,,,
18-Jul-2015,05:30,18-Jul-2015,05:45,Gujarat,Ankleshwar,GIDC, Ankleshwar - GPCB,,,,,,,,,,,,,,,,,,,,,,,,,,,,,,,,,,,,,,,
18-Jul-2015,05:45,18-Jul-2015,06:00,Gujarat,Ankleshwar,GIDC, Ankleshwar - GPCB,,,,,,,,,,,,,,,,,,,,,,,,,,,,,,,,,,,,,,,
18-Jul-2015,06:00,18-Jul-2015,06:15,Gujarat,Ankleshwar,GIDC, Ankleshwar - GPCB,,,,,,,,,,,,,,,,,,,,,,,,,,,,,,,,,,,,,,,
18-Jul-2015,06:15,18-Jul-2015,06:30,Gujarat,Ankleshwar,GIDC, Ankleshwar - GPCB,,,,,,,,,,,,,,,,,,,,,,,,,,,,,,,,,,,,,,,
18-Jul-2015,06:30,18-Jul-2015,06:45,Gujarat,Ankleshwar,GIDC, Ankleshwar - GPCB,,,,,,,,,,,,,,,,,,,,,,,,,,,,,,,,,,,,,,,
18-Jul-2015,06:45,18-Jul-2015,07:00,Gujarat,Ankleshwar,GIDC, Ankleshwar - GPCB,,,,,,,,,,,,,,,,,,,,,,,,,,,,,,,,,,,,,,,
18-Jul-2015,07:00,18-Jul-2015,07:15,Gujarat,Ankleshwar,GIDC, Ankleshwar - GPCB,,,,,,,,,,,,,,,,,,,,,,,,,,,,,,,,,,,,,,,
18-Jul-2015,07:15,18-Jul-2015,07:30,Gujarat,Ankleshwar,GIDC, Ankleshwar - GPCB,,,,,,,,,,,,,,,,,,,,,,,,,,,,,,,,,,,,,,,
18-Jul-2015,07:30,18-Jul-2015,07:45,Gujarat,Ankleshwar,GIDC, Ankleshwar - GPCB,,,,,,,,,,,,,,,,,,,,,,,,,,,,,,,,,,,,,,,
18-Jul-2015,07:45,18-Jul-2015,08:00,Gujarat,Ankleshwar,GIDC, Ankleshwar - GPCB,,,,,,,,,,,,,,,,,,,,,,,,,,,,,,,,,,,,,,,
18-Jul-2015,08:00,18-Jul-2015,08:15,Gujarat,Ankleshwar,GIDC, Ankleshwar - GPCB,,,,,,,,,,,,,,,,,,,,,,,,,,,,,,,,,,,,,,,
18-Jul-2015,08:15,18-Jul-2015,08:30,Gujarat,Ankleshwar,GIDC, Ankleshwar - GPCB,,,,,,,,,,,,,,,,,,,,,,,,,,,,,,,,,,,,,,,
18-Jul-2015,08:30,18-Jul-2015,08:45,Gujarat,Ankleshwar,GIDC, Ankleshwar - GPCB,,,,,,,,,,,,,,,,,,,,,,,,,,,,,,,,,,,,,,,
18-Jul-2015,08:45,18-Jul-2015,09:00,Gujarat,Ankleshwar,GIDC, Ankleshwar - GPCB,,,,,,,,,,,,,,,,,,,,,,,,,,,,,,,,,,,,,,,
18-Jul-2015,09:00,18-Jul-2015,09:15,Gujarat,Ankleshwar,GIDC, Ankleshwar - GPCB,,,,,,,,,,,,,,,,,,,,,,,,,,,,,,,,,,,,,,,
18-Jul-2015,09:15,18-Jul-2015,09:30,Gujarat,Ankleshwar,GIDC, Ankleshwar - GPCB,,,,,,,,,,,,,,,,,,,,,,,,,,,,,,,,,,,,,,,
18-Jul-2015,09:30,18-Jul-2015,09:45,Gujarat,Ankleshwar,GIDC, Ankleshwar - GPCB,,,,,,,,,,,,,,,,,,,,,,,,,,,,,,,,,,,,,,,
18-Jul-2015,09:45,18-Jul-2015,10:00,Gujarat,Ankleshwar,GIDC, Ankleshwar - GPCB,,,,,,,,,,,,,,,,,,,,,,,,,,,,,,,,,,,,,,,
18-Jul-2015,10:00,18-Jul-2015,10:15,Gujarat,Ankleshwar,GIDC, Ankleshwar - GPCB,,,,,,,,,,,,,,,,,,,,,,,,,,,,,,,,,,,,,,,
18-Jul-2015,10:15,18-Jul-2015,10:30,Gujarat,Ankleshwar,GIDC, Ankleshwar - GPCB,,,,,,,,,,,,,,,,,,,,,,,,,,,,,,,,,,,,,,,
18-Jul-2015,10:30,18-Jul-2015,10:45,Gujarat,Ankleshwar,GIDC, Ankleshwar - GPCB,,,,,,,,,,,,,,,,,,,,,,,,,,,,,,,,,,,,,,,
18-Jul-2015,10:45,18-Jul-2015,11:00,Gujarat,Ankleshwar,GIDC, Ankleshwar - GPCB,,,,,,,,,,,,,,,,,,,,,,,,,,,,,,,,,,,,,,,
18-Jul-2015,11:00,18-Jul-2015,11:15,Gujarat,Ankleshwar,GIDC, Ankleshwar - GPCB,,,,,,,,,,,,,,,,,,,,,,,,,,,,,,,,,,,,,,,
18-Jul-2015,11:15,18-Jul-2015,11:30,Gujarat,Ankleshwar,GIDC, Ankleshwar - GPCB,,,,,,,,,,,,,,,,,,,,,,,,,,,,,,,,,,,,,,,
18-Jul-2015,11:30,18-Jul-2015,11:45,Gujarat,Ankleshwar,GIDC, Ankleshwar - GPCB,,,,,,,,,,,,,,,,,,,,,,,,,,,,,,,,,,,,,,,
18-Jul-2015,11:45,18-Jul-2015,12:00,Gujarat,Ankleshwar,GIDC, Ankleshwar - GPCB,,,,,,,,,,,,,,,,,,,,,,,,,,,,,,,,,,,,,,,
18-Jul-2015,12:00,18-Jul-2015,12:15,Gujarat,Ankleshwar,GIDC, Ankleshwar - GPCB,,,,,,,,,,,,,,,,,,,,,,,,,,,,,,,,,,,,,,,
18-Jul-2015,12:15,18-Jul-2015,12:30,Gujarat,Ankleshwar,GIDC, Ankleshwar - GPCB,,,,,,,,,,,,,,,,,,,,,,,,,,,,,,,,,,,,,,,
18-Jul-2015,12:30,18-Jul-2015,12:45,Gujarat,Ankleshwar,GIDC, Ankleshwar - GPCB,,,,,,,,,,,,,,,,,,,,,,,,,,,,,,,,,,,,,,,
18-Jul-2015,12:45,18-Jul-2015,13:00,Gujarat,Ankleshwar,GIDC, Ankleshwar - GPCB,,,,,,,,,,,,,,,,,,,,,,,,,,,,,,,,,,,,,,,
18-Jul-2015,13:00,18-Jul-2015,13:15,Gujarat,Ankleshwar,GIDC, Ankleshwar - GPCB,,,,,,,,,,,,,,,,,,,,,,,,,,,,,,,,,,,,,,,
18-Jul-2015,13:15,18-Jul-2015,13:30,Gujarat,Ankleshwar,GIDC, Ankleshwar - GPCB,,,,,,,,,,,,,,,,,,,,,,,,,,,,,,,,,,,,,,,
18-Jul-2015,13:30,18-Jul-2015,13:45,Gujarat,Ankleshwar,GIDC, Ankleshwar - GPCB,,,,,,,,,,,,,,,,,,,,,,,,,,,,,,,,,,,,,,,
18-Jul-2015,13:45,18-Jul-2015,14:00,Gujarat,Ankleshwar,GIDC, Ankleshwar - GPCB,,,,,,,,,,,,,,,,,,,,,,,,,,,,,,,,,,,,,,,
18-Jul-2015,14:00,18-Jul-2015,14:15,Gujarat,Ankleshwar,GIDC, Ankleshwar - GPCB,,,,,,,,,,,,,,,,,,,,,,,,,,,,,,,,,,,,,,,
18-Jul-2015,14:15,18-Jul-2015,14:30,Gujarat,Ankleshwar,GIDC, Ankleshwar - GPCB,,,,,,,,,,,,,,,,,,,,,,,,,,,,,,,,,,,,,,,
18-Jul-2015,14:30,18-Jul-2015,14:45,Gujarat,Ankleshwar,GIDC, Ankleshwar - GPCB,,,,,,,,,,,,,,,,,,,,,,,,,,,,,,,,,,,,,,,
18-Jul-2015,14:45,18-Jul-2015,15:00,Gujarat,Ankleshwar,GIDC, Ankleshwar - GPCB,,,,,,,,,,,,,,,,,,,,,,,,,,,,,,,,,,,,,,,
18-Jul-2015,15:00,18-Jul-2015,15:15,Gujarat,Ankleshwar,GIDC, Ankleshwar - GPCB,,,,,,,,,,,,,,,,,,,,,,,,,,,,,,,,,,,,,,,
18-Jul-2015,15:15,18-Jul-2015,15:30,Gujarat,Ankleshwar,GIDC, Ankleshwar - GPCB,,,,,,,,,,,,,,,,,,,,,,,,,,,,,,,,,,,,,,,
18-Jul-2015,15:30,18-Jul-2015,15:45,Gujarat,Ankleshwar,GIDC, Ankleshwar - GPCB,,,,,,,,,,,,,,,,,,,,,,,,,,,,,,,,,,,,,,,
18-Jul-2015,15:45,18-Jul-2015,16:00,Gujarat,Ankleshwar,GIDC, Ankleshwar - GPCB,,,,,,,,,,,,,,,,,,,,,,,,,,,,,,,,,,,,,,,
18-Jul-2015,16:00,18-Jul-2015,16:15,Gujarat,Ankleshwar,GIDC, Ankleshwar - GPCB,,,,,,,,,,,,,,,,,,,,,,,,,,,,,,,,,,,,,,,
18-Jul-2015,16:15,18-Jul-2015,16:30,Gujarat,Ankleshwar,GIDC, Ankleshwar - GPCB,,,,,,,,,,,,,,,,,,,,,,,,,,,,,,,,,,,,,,,
18-Jul-2015,16:30,18-Jul-2015,16:45,Gujarat,Ankleshwar,GIDC, Ankleshwar - GPCB,,,,,,,,,,,,,,,,,,,,,,,,,,,,,,,,,,,,,,,
18-Jul-2015,16:45,18-Jul-2015,17:00,Gujarat,Ankleshwar,GIDC, Ankleshwar - GPCB,,,,,,,,,,,,,,,,,,,,,,,,,,,,,,,,,,,,,,,
18-Jul-2015,17:00,18-Jul-2015,17:15,Gujarat,Ankleshwar,GIDC, Ankleshwar - GPCB,,,,,,,,,,,,,,,,,,,,,,,,,,,,,,,,,,,,,,,
18-Jul-2015,17:15,18-Jul-2015,17:30,Gujarat,Ankleshwar,GIDC, Ankleshwar - GPCB,,,,,,,,,,,,,,,,,,,,,,,,,,,,,,,,,,,,,,,
18-Jul-2015,17:30,18-Jul-2015,17:45,Gujarat,Ankleshwar,GIDC, Ankleshwar - GPCB,,,,,,,,,,,,,,,,,,,,,,,,,,,,,,,,,,,,,,,
18-Jul-2015,17:45,18-Jul-2015,18:00,Gujarat,Ankleshwar,GIDC, Ankleshwar - GPCB,,,,,,,,,,,,,,,,,,,,,,,,,,,,,,,,,,,,,,,
18-Jul-2015,18:00,18-Jul-2015,18:15,Gujarat,Ankleshwar,GIDC, Ankleshwar - GPCB,,,,,,,,,,,,,,,,,,,,,,,,,,,,,,,,,,,,,,,
18-Jul-2015,18:15,18-Jul-2015,18:30,Gujarat,Ankleshwar,GIDC, Ankleshwar - GPCB,,,,,,,,,,,,,,,,,,,,,,,,,,,,,,,,,,,,,,,
18-Jul-2015,18:30,18-Jul-2015,18:45,Gujarat,Ankleshwar,GIDC, Ankleshwar - GPCB,,,,,,,,,,,,,,,,,,,,,,,,,,,,,,,,,,,,,,,
18-Jul-2015,18:45,18-Jul-2015,19:00,Gujarat,Ankleshwar,GIDC, Ankleshwar - GPCB,,,,,,,,,,,,,,,,,,,,,,,,,,,,,,,,,,,,,,,
18-Jul-2015,19:00,18-Jul-2015,19:15,Gujarat,Ankleshwar,GIDC, Ankleshwar - GPCB,,,,,,,,,,,,,,,,,,,,,,,,,,,,,,,,,,,,,,,
18-Jul-2015,19:15,18-Jul-2015,19:30,Gujarat,Ankleshwar,GIDC, Ankleshwar - GPCB,,,,,,,,,,,,,,,,,,,,,,,,,,,,,,,,,,,,,,,
18-Jul-2015,19:30,18-Jul-2015,19:45,Gujarat,Ankleshwar,GIDC, Ankleshwar - GPCB,,,,,,,,,,,,,,,,,,,,,,,,,,,,,,,,,,,,,,,
18-Jul-2015,19:45,18-Jul-2015,20:00,Gujarat,Ankleshwar,GIDC, Ankleshwar - GPCB,,,,,,,,,,,,,,,,,,,,,,,,,,,,,,,,,,,,,,,
18-Jul-2015,20:00,18-Jul-2015,20:15,Gujarat,Ankleshwar,GIDC, Ankleshwar - GPCB,,,,,,,,,,,,,,,,,,,,,,,,,,,,,,,,,,,,,,,
18-Jul-2015,20:15,18-Jul-2015,20:30,Gujarat,Ankleshwar,GIDC, Ankleshwar - GPCB,,,,,,,,,,,,,,,,,,,,,,,,,,,,,,,,,,,,,,,
18-Jul-2015,20:30,18-Jul-2015,20:45,Gujarat,Ankleshwar,GIDC, Ankleshwar - GPCB,,,,,,,,,,,,,,,,,,,,,,,,,,,,,,,,,,,,,,,
18-Jul-2015,20:45,18-Jul-2015,21:00,Gujarat,Ankleshwar,GIDC, Ankleshwar - GPCB,,,,,,,,,,,,,,,,,,,,,,,,,,,,,,,,,,,,,,,
18-Jul-2015,21:00,18-Jul-2015,21:15,Gujarat,Ankleshwar,GIDC, Ankleshwar - GPCB,,,,,,,,,,,,,,,,,,,,,,,,,,,,,,,,,,,,,,,
18-Jul-2015,21:15,18-Jul-2015,21:30,Gujarat,Ankleshwar,GIDC, Ankleshwar - GPCB,,,,,,,,,,,,,,,,,,,,,,,,,,,,,,,,,,,,,,,
18-Jul-2015,21:30,18-Jul-2015,21:45,Gujarat,Ankleshwar,GIDC, Ankleshwar - GPCB,,,,,,,,,,,,,,,,,,,,,,,,,,,,,,,,,,,,,,,
18-Jul-2015,21:45,18-Jul-2015,22:00,Gujarat,Ankleshwar,GIDC, Ankleshwar - GPCB,,,,,,,,,,,,,,,,,,,,,,,,,,,,,,,,,,,,,,,
18-Jul-2015,22:00,18-Jul-2015,22:15,Gujarat,Ankleshwar,GIDC, Ankleshwar - GPCB,,,,,,,,,,,,,,,,,,,,,,,,,,,,,,,,,,,,,,,
18-Jul-2015,22:15,18-Jul-2015,22:30,Gujarat,Ankleshwar,GIDC, Ankleshwar - GPCB,,,,,,,,,,,,,,,,,,,,,,,,,,,,,,,,,,,,,,,
18-Jul-2015,22:30,18-Jul-2015,22:45,Gujarat,Ankleshwar,GIDC, Ankleshwar - GPCB,,,,,,,,,,,,,,,,,,,,,,,,,,,,,,,,,,,,,,,
18-Jul-2015,22:45,18-Jul-2015,23:00,Gujarat,Ankleshwar,GIDC, Ankleshwar - GPCB,,,,,,,,,,,,,,,,,,,,,,,,,,,,,,,,,,,,,,,
18-Jul-2015,23:00,18-Jul-2015,23:15,Gujarat,Ankleshwar,GIDC, Ankleshwar - GPCB,,,,,,,,,,,,,,,,,,,,,,,,,,,,,,,,,,,,,,,
18-Jul-2015,23:15,18-Jul-2015,23:30,Gujarat,Ankleshwar,GIDC, Ankleshwar - GPCB,,,,,,,,,,,,,,,,,,,,,,,,,,,,,,,,,,,,,,,
18-Jul-2015,23:30,18-Jul-2015,23:45,Gujarat,Ankleshwar,GIDC, Ankleshwar - GPCB,,,,,,,,,,,,,,,,,,,,,,,,,,,,,,,,,,,,,,,
18-Jul-2015,23:45,19-Jul-2015,00:00,Gujarat,Ankleshwar,GIDC, Ankleshwar - GPCB,,,,,,,,,,,,,,,,,,,,,,,,,,,,,,,,,,,,,,,
19-Jul-2015,00:00,19-Jul-2015,00:15,Gujarat,Ankleshwar,GIDC, Ankleshwar - GPCB,,,,,,,,,,,,,,,,,,,,,,,,,,,,,,,,,,,,,,,
19-Jul-2015,00:15,19-Jul-2015,00:30,Gujarat,Ankleshwar,GIDC, Ankleshwar - GPCB,,,,,,,,,,,,,,,,,,,,,,,,,,,,,,,,,,,,,,,
19-Jul-2015,00:30,19-Jul-2015,00:45,Gujarat,Ankleshwar,GIDC, Ankleshwar - GPCB,,,,,,,,,,,,,,,,,,,,,,,,,,,,,,,,,,,,,,,
19-Jul-2015,00:45,19-Jul-2015,01:00,Gujarat,Ankleshwar,GIDC, Ankleshwar - GPCB,,,,,,,,,,,,,,,,,,,,,,,,,,,,,,,,,,,,,,,
19-Jul-2015,01:00,19-Jul-2015,01:15,Gujarat,Ankleshwar,GIDC, Ankleshwar - GPCB,,,,,,,,,,,,,,,,,,,,,,,,,,,,,,,,,,,,,,,
19-Jul-2015,01:15,19-Jul-2015,01:30,Gujarat,Ankleshwar,GIDC, Ankleshwar - GPCB,,,,,,,,,,,,,,,,,,,,,,,,,,,,,,,,,,,,,,,
19-Jul-2015,01:30,19-Jul-2015,01:45,Gujarat,Ankleshwar,GIDC, Ankleshwar - GPCB,,,,,,,,,,,,,,,,,,,,,,,,,,,,,,,,,,,,,,,
19-Jul-2015,01:45,19-Jul-2015,02:00,Gujarat,Ankleshwar,GIDC, Ankleshwar - GPCB,,,,,,,,,,,,,,,,,,,,,,,,,,,,,,,,,,,,,,,
19-Jul-2015,02:00,19-Jul-2015,02:15,Gujarat,Ankleshwar,GIDC, Ankleshwar - GPCB,,,,,,,,,,,,,,,,,,,,,,,,,,,,,,,,,,,,,,,
19-Jul-2015,02:15,19-Jul-2015,02:30,Gujarat,Ankleshwar,GIDC, Ankleshwar - GPCB,,,,,,,,,,,,,,,,,,,,,,,,,,,,,,,,,,,,,,,
19-Jul-2015,02:30,19-Jul-2015,02:45,Gujarat,Ankleshwar,GIDC, Ankleshwar - GPCB,,,,,,,,,,,,,,,,,,,,,,,,,,,,,,,,,,,,,,,
19-Jul-2015,02:45,19-Jul-2015,03:00,Gujarat,Ankleshwar,GIDC, Ankleshwar - GPCB,,,,,,,,,,,,,,,,,,,,,,,,,,,,,,,,,,,,,,,
19-Jul-2015,03:00,19-Jul-2015,03:15,Gujarat,Ankleshwar,GIDC, Ankleshwar - GPCB,,,,,,,,,,,,,,,,,,,,,,,,,,,,,,,,,,,,,,,
19-Jul-2015,03:15,19-Jul-2015,03:30,Gujarat,Ankleshwar,GIDC, Ankleshwar - GPCB,,,,,,,,,,,,,,,,,,,,,,,,,,,,,,,,,,,,,,,
19-Jul-2015,03:30,19-Jul-2015,03:45,Gujarat,Ankleshwar,GIDC, Ankleshwar - GPCB,,,,,,,,,,,,,,,,,,,,,,,,,,,,,,,,,,,,,,,
19-Jul-2015,03:45,19-Jul-2015,04:00,Gujarat,Ankleshwar,GIDC, Ankleshwar - GPCB,,,,,,,,,,,,,,,,,,,,,,,,,,,,,,,,,,,,,,,
19-Jul-2015,04:00,19-Jul-2015,04:15,Gujarat,Ankleshwar,GIDC, Ankleshwar - GPCB,,,,,,,,,,,,,,,,,,,,,,,,,,,,,,,,,,,,,,,
19-Jul-2015,04:15,19-Jul-2015,04:30,Gujarat,Ankleshwar,GIDC, Ankleshwar - GPCB,,,,,,,,,,,,,,,,,,,,,,,,,,,,,,,,,,,,,,,
19-Jul-2015,04:30,19-Jul-2015,04:45,Gujarat,Ankleshwar,GIDC, Ankleshwar - GPCB,,,,,,,,,,,,,,,,,,,,,,,,,,,,,,,,,,,,,,,
19-Jul-2015,04:45,19-Jul-2015,05:00,Gujarat,Ankleshwar,GIDC, Ankleshwar - GPCB,,,,,,,,,,,,,,,,,,,,,,,,,,,,,,,,,,,,,,,
19-Jul-2015,05:00,19-Jul-2015,05:15,Gujarat,Ankleshwar,GIDC, Ankleshwar - GPCB,,,,,,,,,,,,,,,,,,,,,,,,,,,,,,,,,,,,,,,
19-Jul-2015,05:15,19-Jul-2015,05:30,Gujarat,Ankleshwar,GIDC, Ankleshwar - GPCB,,,,,,,,,,,,,,,,,,,,,,,,,,,,,,,,,,,,,,,
19-Jul-2015,05:30,19-Jul-2015,05:45,Gujarat,Ankleshwar,GIDC, Ankleshwar - GPCB,,,,,,,,,,,,,,,,,,,,,,,,,,,,,,,,,,,,,,,
19-Jul-2015,05:45,19-Jul-2015,06:00,Gujarat,Ankleshwar,GIDC, Ankleshwar - GPCB,,,,,,,,,,,,,,,,,,,,,,,,,,,,,,,,,,,,,,,
19-Jul-2015,06:00,19-Jul-2015,06:15,Gujarat,Ankleshwar,GIDC, Ankleshwar - GPCB,,,,,,,,,,,,,,,,,,,,,,,,,,,,,,,,,,,,,,,
19-Jul-2015,06:15,19-Jul-2015,06:30,Gujarat,Ankleshwar,GIDC, Ankleshwar - GPCB,,,,,,,,,,,,,,,,,,,,,,,,,,,,,,,,,,,,,,,
19-Jul-2015,06:30,19-Jul-2015,06:45,Gujarat,Ankleshwar,GIDC, Ankleshwar - GPCB,,,,,,,,,,,,,,,,,,,,,,,,,,,,,,,,,,,,,,,
19-Jul-2015,06:45,19-Jul-2015,07:00,Gujarat,Ankleshwar,GIDC, Ankleshwar - GPCB,,,,,,,,,,,,,,,,,,,,,,,,,,,,,,,,,,,,,,,
19-Jul-2015,07:00,19-Jul-2015,07:15,Gujarat,Ankleshwar,GIDC, Ankleshwar - GPCB,,,,,,,,,,,,,,,,,,,,,,,,,,,,,,,,,,,,,,,
19-Jul-2015,07:15,19-Jul-2015,07:30,Gujarat,Ankleshwar,GIDC, Ankleshwar - GPCB,,,,,,,,,,,,,,,,,,,,,,,,,,,,,,,,,,,,,,,
19-Jul-2015,07:30,19-Jul-2015,07:45,Gujarat,Ankleshwar,GIDC, Ankleshwar - GPCB,,,,,,,,,,,,,,,,,,,,,,,,,,,,,,,,,,,,,,,
19-Jul-2015,07:45,19-Jul-2015,08:00,Gujarat,Ankleshwar,GIDC, Ankleshwar - GPCB,,,,,,,,,,,,,,,,,,,,,,,,,,,,,,,,,,,,,,,
19-Jul-2015,08:00,19-Jul-2015,08:15,Gujarat,Ankleshwar,GIDC, Ankleshwar - GPCB,,,,,,,,,,,,,,,,,,,,,,,,,,,,,,,,,,,,,,,
19-Jul-2015,08:15,19-Jul-2015,08:30,Gujarat,Ankleshwar,GIDC, Ankleshwar - GPCB,,,,,,,,,,,,,,,,,,,,,,,,,,,,,,,,,,,,,,,
19-Jul-2015,08:30,19-Jul-2015,08:45,Gujarat,Ankleshwar,GIDC, Ankleshwar - GPCB,,,,,,,,,,,,,,,,,,,,,,,,,,,,,,,,,,,,,,,
19-Jul-2015,08:45,19-Jul-2015,09:00,Gujarat,Ankleshwar,GIDC, Ankleshwar - GPCB,,,,,,,,,,,,,,,,,,,,,,,,,,,,,,,,,,,,,,,
19-Jul-2015,09:00,19-Jul-2015,09:15,Gujarat,Ankleshwar,GIDC, Ankleshwar - GPCB,,,,,,,,,,,,,,,,,,,,,,,,,,,,,,,,,,,,,,,
19-Jul-2015,09:15,19-Jul-2015,09:30,Gujarat,Ankleshwar,GIDC, Ankleshwar - GPCB,,,,,,,,,,,,,,,,,,,,,,,,,,,,,,,,,,,,,,,
19-Jul-2015,09:30,19-Jul-2015,09:45,Gujarat,Ankleshwar,GIDC, Ankleshwar - GPCB,,,,,,,,,,,,,,,,,,,,,,,,,,,,,,,,,,,,,,,
19-Jul-2015,09:45,19-Jul-2015,10:00,Gujarat,Ankleshwar,GIDC, Ankleshwar - GPCB,,,,,,,,,,,,,,,,,,,,,,,,,,,,,,,,,,,,,,,
19-Jul-2015,10:00,19-Jul-2015,10:15,Gujarat,Ankleshwar,GIDC, Ankleshwar - GPCB,,,,,,,,,,,,,,,,,,,,,,,,,,,,,,,,,,,,,,,
19-Jul-2015,10:15,19-Jul-2015,10:30,Gujarat,Ankleshwar,GIDC, Ankleshwar - GPCB,,,,,,,,,,,,,,,,,,,,,,,,,,,,,,,,,,,,,,,
19-Jul-2015,10:30,19-Jul-2015,10:45,Gujarat,Ankleshwar,GIDC, Ankleshwar - GPCB,,,,,,,,,,,,,,,,,,,,,,,,,,,,,,,,,,,,,,,
19-Jul-2015,10:45,19-Jul-2015,11:00,Gujarat,Ankleshwar,GIDC, Ankleshwar - GPCB,,,,,,,,,,,,,,,,,,,,,,,,,,,,,,,,,,,,,,,
19-Jul-2015,11:00,19-Jul-2015,11:15,Gujarat,Ankleshwar,GIDC, Ankleshwar - GPCB,,,,,,,,,,,,,,,,,,,,,,,,,,,,,,,,,,,,,,,
19-Jul-2015,11:15,19-Jul-2015,11:30,Gujarat,Ankleshwar,GIDC, Ankleshwar - GPCB,,,,,,,,,,,,,,,,,,,,,,,,,,,,,,,,,,,,,,,
19-Jul-2015,11:30,19-Jul-2015,11:45,Gujarat,Ankleshwar,GIDC, Ankleshwar - GPCB,,,,,,,,,,,,,,,,,,,,,,,,,,,,,,,,,,,,,,,
19-Jul-2015,11:45,19-Jul-2015,12:00,Gujarat,Ankleshwar,GIDC, Ankleshwar - GPCB,,,,,,,,,,,,,,,,,,,,,,,,,,,,,,,,,,,,,,,
19-Jul-2015,12:00,19-Jul-2015,12:15,Gujarat,Ankleshwar,GIDC, Ankleshwar - GPCB,,,,,,,,,,,,,,,,,,,,,,,,,,,,,,,,,,,,,,,
19-Jul-2015,12:15,19-Jul-2015,12:30,Gujarat,Ankleshwar,GIDC, Ankleshwar - GPCB,,,,,,,,,,,,,,,,,,,,,,,,,,,,,,,,,,,,,,,
19-Jul-2015,12:30,19-Jul-2015,12:45,Gujarat,Ankleshwar,GIDC, Ankleshwar - GPCB,,,,,,,,,,,,,,,,,,,,,,,,,,,,,,,,,,,,,,,
19-Jul-2015,12:45,19-Jul-2015,13:00,Gujarat,Ankleshwar,GIDC, Ankleshwar - GPCB,,,,,,,,,,,,,,,,,,,,,,,,,,,,,,,,,,,,,,,
19-Jul-2015,13:00,19-Jul-2015,13:15,Gujarat,Ankleshwar,GIDC, Ankleshwar - GPCB,,,,,,,,,,,,,,,,,,,,,,,,,,,,,,,,,,,,,,,
19-Jul-2015,13:15,19-Jul-2015,13:30,Gujarat,Ankleshwar,GIDC, Ankleshwar - GPCB,,,,,,,,,,,,,,,,,,,,,,,,,,,,,,,,,,,,,,,
19-Jul-2015,13:30,19-Jul-2015,13:45,Gujarat,Ankleshwar,GIDC, Ankleshwar - GPCB,,,,,,,,,,,,,,,,,,,,,,,,,,,,,,,,,,,,,,,
19-Jul-2015,13:45,19-Jul-2015,14:00,Gujarat,Ankleshwar,GIDC, Ankleshwar - GPCB,,,,,,,,,,,,,,,,,,,,,,,,,,,,,,,,,,,,,,,
19-Jul-2015,14:00,19-Jul-2015,14:15,Gujarat,Ankleshwar,GIDC, Ankleshwar - GPCB,,,,,,,,,,,,,,,,,,,,,,,,,,,,,,,,,,,,,,,
19-Jul-2015,14:15,19-Jul-2015,14:30,Gujarat,Ankleshwar,GIDC, Ankleshwar - GPCB,,,,,,,,,,,,,,,,,,,,,,,,,,,,,,,,,,,,,,,
19-Jul-2015,14:30,19-Jul-2015,14:45,Gujarat,Ankleshwar,GIDC, Ankleshwar - GPCB,,,,,,,,,,,,,,,,,,,,,,,,,,,,,,,,,,,,,,,
19-Jul-2015,14:45,19-Jul-2015,15:00,Gujarat,Ankleshwar,GIDC, Ankleshwar - GPCB,,,,,,,,,,,,,,,,,,,,,,,,,,,,,,,,,,,,,,,
19-Jul-2015,15:00,19-Jul-2015,15:15,Gujarat,Ankleshwar,GIDC, Ankleshwar - GPCB,,,,,,,,,,,,,,,,,,,,,,,,,,,,,,,,,,,,,,,
19-Jul-2015,15:15,19-Jul-2015,15:30,Gujarat,Ankleshwar,GIDC, Ankleshwar - GPCB,,,,,,,,,,,,,,,,,,,,,,,,,,,,,,,,,,,,,,,
19-Jul-2015,15:30,19-Jul-2015,15:45,Gujarat,Ankleshwar,GIDC, Ankleshwar - GPCB,,,,,,,,,,,,,,,,,,,,,,,,,,,,,,,,,,,,,,,
19-Jul-2015,15:45,19-Jul-2015,16:00,Gujarat,Ankleshwar,GIDC, Ankleshwar - GPCB,,,,,,,,,,,,,,,,,,,,,,,,,,,,,,,,,,,,,,,
19-Jul-2015,16:00,19-Jul-2015,16:15,Gujarat,Ankleshwar,GIDC, Ankleshwar - GPCB,,,,,,,,,,,,,,,,,,,,,,,,,,,,,,,,,,,,,,,
19-Jul-2015,16:15,19-Jul-2015,16:30,Gujarat,Ankleshwar,GIDC, Ankleshwar - GPCB,,,,,,,,,,,,,,,,,,,,,,,,,,,,,,,,,,,,,,,
19-Jul-2015,16:30,19-Jul-2015,16:45,Gujarat,Ankleshwar,GIDC, Ankleshwar - GPCB,,,,,,,,,,,,,,,,,,,,,,,,,,,,,,,,,,,,,,,
19-Jul-2015,16:45,19-Jul-2015,17:00,Gujarat,Ankleshwar,GIDC, Ankleshwar - GPCB,,,,,,,,,,,,,,,,,,,,,,,,,,,,,,,,,,,,,,,
19-Jul-2015,17:00,19-Jul-2015,17:15,Gujarat,Ankleshwar,GIDC, Ankleshwar - GPCB,,,,,,,,,,,,,,,,,,,,,,,,,,,,,,,,,,,,,,,
19-Jul-2015,17:15,19-Jul-2015,17:30,Gujarat,Ankleshwar,GIDC, Ankleshwar - GPCB,,,,,,,,,,,,,,,,,,,,,,,,,,,,,,,,,,,,,,,
19-Jul-2015,17:30,19-Jul-2015,17:45,Gujarat,Ankleshwar,GIDC, Ankleshwar - GPCB,,,,,,,,,,,,,,,,,,,,,,,,,,,,,,,,,,,,,,,
19-Jul-2015,17:45,19-Jul-2015,18:00,Gujarat,Ankleshwar,GIDC, Ankleshwar - GPCB,,,,,,,,,,,,,,,,,,,,,,,,,,,,,,,,,,,,,,,
19-Jul-2015,18:00,19-Jul-2015,18:15,Gujarat,Ankleshwar,GIDC, Ankleshwar - GPCB,,,,,,,,,,,,,,,,,,,,,,,,,,,,,,,,,,,,,,,
19-Jul-2015,18:15,19-Jul-2015,18:30,Gujarat,Ankleshwar,GIDC, Ankleshwar - GPCB,,,,,,,,,,,,,,,,,,,,,,,,,,,,,,,,,,,,,,,
19-Jul-2015,18:30,19-Jul-2015,18:45,Gujarat,Ankleshwar,GIDC, Ankleshwar - GPCB,,,,,,,,,,,,,,,,,,,,,,,,,,,,,,,,,,,,,,,
19-Jul-2015,18:45,19-Jul-2015,19:00,Gujarat,Ankleshwar,GIDC, Ankleshwar - GPCB,,,,,,,,,,,,,,,,,,,,,,,,,,,,,,,,,,,,,,,
19-Jul-2015,19:00,19-Jul-2015,19:15,Gujarat,Ankleshwar,GIDC, Ankleshwar - GPCB,,,,,,,,,,,,,,,,,,,,,,,,,,,,,,,,,,,,,,,
19-Jul-2015,19:15,19-Jul-2015,19:30,Gujarat,Ankleshwar,GIDC, Ankleshwar - GPCB,,,,,,,,,,,,,,,,,,,,,,,,,,,,,,,,,,,,,,,
19-Jul-2015,19:30,19-Jul-2015,19:45,Gujarat,Ankleshwar,GIDC, Ankleshwar - GPCB,,,,,,,,,,,,,,,,,,,,,,,,,,,,,,,,,,,,,,,
19-Jul-2015,19:45,19-Jul-2015,20:00,Gujarat,Ankleshwar,GIDC, Ankleshwar - GPCB,,,,,,,,,,,,,,,,,,,,,,,,,,,,,,,,,,,,,,,
19-Jul-2015,20:00,19-Jul-2015,20:15,Gujarat,Ankleshwar,GIDC, Ankleshwar - GPCB,,,,,,,,,,,,,,,,,,,,,,,,,,,,,,,,,,,,,,,
19-Jul-2015,20:15,19-Jul-2015,20:30,Gujarat,Ankleshwar,GIDC, Ankleshwar - GPCB,,,,,,,,,,,,,,,,,,,,,,,,,,,,,,,,,,,,,,,
19-Jul-2015,20:30,19-Jul-2015,20:45,Gujarat,Ankleshwar,GIDC, Ankleshwar - GPCB,,,,,,,,,,,,,,,,,,,,,,,,,,,,,,,,,,,,,,,
19-Jul-2015,20:45,19-Jul-2015,21:00,Gujarat,Ankleshwar,GIDC, Ankleshwar - GPCB,,,,,,,,,,,,,,,,,,,,,,,,,,,,,,,,,,,,,,,
19-Jul-2015,21:00,19-Jul-2015,21:15,Gujarat,Ankleshwar,GIDC, Ankleshwar - GPCB,,,,,,,,,,,,,,,,,,,,,,,,,,,,,,,,,,,,,,,
19-Jul-2015,21:15,19-Jul-2015,21:30,Gujarat,Ankleshwar,GIDC, Ankleshwar - GPCB,,,,,,,,,,,,,,,,,,,,,,,,,,,,,,,,,,,,,,,
19-Jul-2015,21:30,19-Jul-2015,21:45,Gujarat,Ankleshwar,GIDC, Ankleshwar - GPCB,,,,,,,,,,,,,,,,,,,,,,,,,,,,,,,,,,,,,,,
19-Jul-2015,21:45,19-Jul-2015,22:00,Gujarat,Ankleshwar,GIDC, Ankleshwar - GPCB,,,,,,,,,,,,,,,,,,,,,,,,,,,,,,,,,,,,,,,
19-Jul-2015,22:00,19-Jul-2015,22:15,Gujarat,Ankleshwar,GIDC, Ankleshwar - GPCB,,,,,,,,,,,,,,,,,,,,,,,,,,,,,,,,,,,,,,,
19-Jul-2015,22:15,19-Jul-2015,22:30,Gujarat,Ankleshwar,GIDC, Ankleshwar - GPCB,,,,,,,,,,,,,,,,,,,,,,,,,,,,,,,,,,,,,,,
19-Jul-2015,22:30,19-Jul-2015,22:45,Gujarat,Ankleshwar,GIDC, Ankleshwar - GPCB,,,,,,,,,,,,,,,,,,,,,,,,,,,,,,,,,,,,,,,
19-Jul-2015,22:45,19-Jul-2015,23:00,Gujarat,Ankleshwar,GIDC, Ankleshwar - GPCB,,,,,,,,,,,,,,,,,,,,,,,,,,,,,,,,,,,,,,,
19-Jul-2015,23:00,19-Jul-2015,23:15,Gujarat,Ankleshwar,GIDC, Ankleshwar - GPCB,,,,,,,,,,,,,,,,,,,,,,,,,,,,,,,,,,,,,,,
19-Jul-2015,23:15,19-Jul-2015,23:30,Gujarat,Ankleshwar,GIDC, Ankleshwar - GPCB,,,,,,,,,,,,,,,,,,,,,,,,,,,,,,,,,,,,,,,
19-Jul-2015,23:30,19-Jul-2015,23:45,Gujarat,Ankleshwar,GIDC, Ankleshwar - GPCB,,,,,,,,,,,,,,,,,,,,,,,,,,,,,,,,,,,,,,,
19-Jul-2015,23:45,20-Jul-2015,00:00,Gujarat,Ankleshwar,GIDC, Ankleshwar - GPCB,,,,,,,,,,,,,,,,,,,,,,,,,,,,,,,,,,,,,,,
20-Jul-2015,00:00,20-Jul-2015,00:15,Gujarat,Ankleshwar,GIDC, Ankleshwar - GPCB,,,,,,,,,,,,,,,,,,,,,,,,,,,,,,,,,,,,,,,
20-Jul-2015,00:15,20-Jul-2015,00:30,Gujarat,Ankleshwar,GIDC, Ankleshwar - GPCB,,,,,,,,,,,,,,,,,,,,,,,,,,,,,,,,,,,,,,,
20-Jul-2015,00:30,20-Jul-2015,00:45,Gujarat,Ankleshwar,GIDC, Ankleshwar - GPCB,,,,,,,,,,,,,,,,,,,,,,,,,,,,,,,,,,,,,,,
20-Jul-2015,00:45,20-Jul-2015,01:00,Gujarat,Ankleshwar,GIDC, Ankleshwar - GPCB,,,,,,,,,,,,,,,,,,,,,,,,,,,,,,,,,,,,,,,
20-Jul-2015,01:00,20-Jul-2015,01:15,Gujarat,Ankleshwar,GIDC, Ankleshwar - GPCB,,,,,,,,,,,,,,,,,,,,,,,,,,,,,,,,,,,,,,,
20-Jul-2015,01:15,20-Jul-2015,01:30,Gujarat,Ankleshwar,GIDC, Ankleshwar - GPCB,,,,,,,,,,,,,,,,,,,,,,,,,,,,,,,,,,,,,,,
20-Jul-2015,01:30,20-Jul-2015,01:45,Gujarat,Ankleshwar,GIDC, Ankleshwar - GPCB,,,,,,,,,,,,,,,,,,,,,,,,,,,,,,,,,,,,,,,
20-Jul-2015,01:45,20-Jul-2015,02:00,Gujarat,Ankleshwar,GIDC, Ankleshwar - GPCB,,,,,,,,,,,,,,,,,,,,,,,,,,,,,,,,,,,,,,,
20-Jul-2015,02:00,20-Jul-2015,02:15,Gujarat,Ankleshwar,GIDC, Ankleshwar - GPCB,,,,,,,,,,,,,,,,,,,,,,,,,,,,,,,,,,,,,,,
20-Jul-2015,02:15,20-Jul-2015,02:30,Gujarat,Ankleshwar,GIDC, Ankleshwar - GPCB,,,,,,,,,,,,,,,,,,,,,,,,,,,,,,,,,,,,,,,
20-Jul-2015,02:30,20-Jul-2015,02:45,Gujarat,Ankleshwar,GIDC, Ankleshwar - GPCB,,,,,,,,,,,,,,,,,,,,,,,,,,,,,,,,,,,,,,,
20-Jul-2015,02:45,20-Jul-2015,03:00,Gujarat,Ankleshwar,GIDC, Ankleshwar - GPCB,,,,,,,,,,,,,,,,,,,,,,,,,,,,,,,,,,,,,,,
20-Jul-2015,03:00,20-Jul-2015,03:15,Gujarat,Ankleshwar,GIDC, Ankleshwar - GPCB,,,,,,,,,,,,,,,,,,,,,,,,,,,,,,,,,,,,,,,
20-Jul-2015,03:15,20-Jul-2015,03:30,Gujarat,Ankleshwar,GIDC, Ankleshwar - GPCB,,,,,,,,,,,,,,,,,,,,,,,,,,,,,,,,,,,,,,,
20-Jul-2015,03:30,20-Jul-2015,03:45,Gujarat,Ankleshwar,GIDC, Ankleshwar - GPCB,,,,,,,,,,,,,,,,,,,,,,,,,,,,,,,,,,,,,,,
20-Jul-2015,03:45,20-Jul-2015,04:00,Gujarat,Ankleshwar,GIDC, Ankleshwar - GPCB,,,,,,,,,,,,,,,,,,,,,,,,,,,,,,,,,,,,,,,
20-Jul-2015,04:00,20-Jul-2015,04:15,Gujarat,Ankleshwar,GIDC, Ankleshwar - GPCB,,,,,,,,,,,,,,,,,,,,,,,,,,,,,,,,,,,,,,,
20-Jul-2015,04:15,20-Jul-2015,04:30,Gujarat,Ankleshwar,GIDC, Ankleshwar - GPCB,,,,,,,,,,,,,,,,,,,,,,,,,,,,,,,,,,,,,,,
20-Jul-2015,04:30,20-Jul-2015,04:45,Gujarat,Ankleshwar,GIDC, Ankleshwar - GPCB,,,,,,,,,,,,,,,,,,,,,,,,,,,,,,,,,,,,,,,
20-Jul-2015,04:45,20-Jul-2015,05:00,Gujarat,Ankleshwar,GIDC, Ankleshwar - GPCB,,,,,,,,,,,,,,,,,,,,,,,,,,,,,,,,,,,,,,,
20-Jul-2015,05:00,20-Jul-2015,05:15,Gujarat,Ankleshwar,GIDC, Ankleshwar - GPCB,,,,,,,,,,,,,,,,,,,,,,,,,,,,,,,,,,,,,,,
20-Jul-2015,05:15,20-Jul-2015,05:30,Gujarat,Ankleshwar,GIDC, Ankleshwar - GPCB,,,,,,,,,,,,,,,,,,,,,,,,,,,,,,,,,,,,,,,
20-Jul-2015,05:30,20-Jul-2015,05:45,Gujarat,Ankleshwar,GIDC, Ankleshwar - GPCB,,,,,,,,,,,,,,,,,,,,,,,,,,,,,,,,,,,,,,,
20-Jul-2015,05:45,20-Jul-2015,06:00,Gujarat,Ankleshwar,GIDC, Ankleshwar - GPCB,,,,,,,,,,,,,,,,,,,,,,,,,,,,,,,,,,,,,,,
20-Jul-2015,06:00,20-Jul-2015,06:15,Gujarat,Ankleshwar,GIDC, Ankleshwar - GPCB,,,,,,,,,,,,,,,,,,,,,,,,,,,,,,,,,,,,,,,
20-Jul-2015,06:15,20-Jul-2015,06:30,Gujarat,Ankleshwar,GIDC, Ankleshwar - GPCB,,,,,,,,,,,,,,,,,,,,,,,,,,,,,,,,,,,,,,,
20-Jul-2015,06:30,20-Jul-2015,06:45,Gujarat,Ankleshwar,GIDC, Ankleshwar - GPCB,,,,,,,,,,,,,,,,,,,,,,,,,,,,,,,,,,,,,,,
20-Jul-2015,06:45,20-Jul-2015,07:00,Gujarat,Ankleshwar,GIDC, Ankleshwar - GPCB,,,,,,,,,,,,,,,,,,,,,,,,,,,,,,,,,,,,,,,
20-Jul-2015,07:00,20-Jul-2015,07:15,Gujarat,Ankleshwar,GIDC, Ankleshwar - GPCB,,,,,,,,,,,,,,,,,,,,,,,,,,,,,,,,,,,,,,,
20-Jul-2015,07:15,20-Jul-2015,07:30,Gujarat,Ankleshwar,GIDC, Ankleshwar - GPCB,,,,,,,,,,,,,,,,,,,,,,,,,,,,,,,,,,,,,,,
20-Jul-2015,07:30,20-Jul-2015,07:45,Gujarat,Ankleshwar,GIDC, Ankleshwar - GPCB,,,,,,,,,,,,,,,,,,,,,,,,,,,,,,,,,,,,,,,
20-Jul-2015,07:45,20-Jul-2015,08:00,Gujarat,Ankleshwar,GIDC, Ankleshwar - GPCB,,,,,,,,,,,,,,,,,,,,,,,,,,,,,,,,,,,,,,,
20-Jul-2015,08:00,20-Jul-2015,08:15,Gujarat,Ankleshwar,GIDC, Ankleshwar - GPCB,,,,,,,,,,,,,,,,,,,,,,,,,,,,,,,,,,,,,,,
20-Jul-2015,08:15,20-Jul-2015,08:30,Gujarat,Ankleshwar,GIDC, Ankleshwar - GPCB,,,,,,,,,,,,,,,,,,,,,,,,,,,,,,,,,,,,,,,
20-Jul-2015,08:30,20-Jul-2015,08:45,Gujarat,Ankleshwar,GIDC, Ankleshwar - GPCB,,,,,,,,,,,,,,,,,,,,,,,,,,,,,,,,,,,,,,,
20-Jul-2015,08:45,20-Jul-2015,09:00,Gujarat,Ankleshwar,GIDC, Ankleshwar - GPCB,,,,,,,,,,,,,,,,,,,,,,,,,,,,,,,,,,,,,,,
20-Jul-2015,09:00,20-Jul-2015,09:15,Gujarat,Ankleshwar,GIDC, Ankleshwar - GPCB,,,,,,,,,,,,,,,,,,,,,,,,,,,,,,,,,,,,,,,
20-Jul-2015,09:15,20-Jul-2015,09:30,Gujarat,Ankleshwar,GIDC, Ankleshwar - GPCB,,,,,,,,,,,,,,,,,,,,,,,,,,,,,,,,,,,,,,,
20-Jul-2015,09:30,20-Jul-2015,09:45,Gujarat,Ankleshwar,GIDC, Ankleshwar - GPCB,,,,,,,,,,,,,,,,,,,,,,,,,,,,,,,,,,,,,,,
20-Jul-2015,09:45,20-Jul-2015,10:00,Gujarat,Ankleshwar,GIDC, Ankleshwar - GPCB,,,,,,,,,,,,,,,,,,,,,,,,,,,,,,,,,,,,,,,
20-Jul-2015,10:00,20-Jul-2015,10:15,Gujarat,Ankleshwar,GIDC, Ankleshwar - GPCB,,,,,,,,,,,,,,,,,,,,,,,,,,,,,,,,,,,,,,,
20-Jul-2015,10:15,20-Jul-2015,10:30,Gujarat,Ankleshwar,GIDC, Ankleshwar - GPCB,,,,,,,,,,,,,,,,,,,,,,,,,,,,,,,,,,,,,,,
20-Jul-2015,10:30,20-Jul-2015,10:45,Gujarat,Ankleshwar,GIDC, Ankleshwar - GPCB,,,,,,,,,,,,,,,,,,,,,,,,,,,,,,,,,,,,,,,
20-Jul-2015,10:45,20-Jul-2015,11:00,Gujarat,Ankleshwar,GIDC, Ankleshwar - GPCB,,,,,,,,,,,,,,,,,,,,,,,,,,,,,,,,,,,,,,,
20-Jul-2015,11:00,20-Jul-2015,11:15,Gujarat,Ankleshwar,GIDC, Ankleshwar - GPCB,,,,,,,,,,,,,,,,,,,,,,,,,,,,,,,,,,,,,,,
20-Jul-2015,11:15,20-Jul-2015,11:30,Gujarat,Ankleshwar,GIDC, Ankleshwar - GPCB,,,,,,,,,,,,,,,,,,,,,,,,,,,,,,,,,,,,,,,
20-Jul-2015,11:30,20-Jul-2015,11:45,Gujarat,Ankleshwar,GIDC, Ankleshwar - GPCB,,,,,,,,,,,,,,,,,,,,,,,,,,,,,,,,,,,,,,,
20-Jul-2015,11:45,20-Jul-2015,12:00,Gujarat,Ankleshwar,GIDC, Ankleshwar - GPCB,,,,,,,,,,,,,,,,,,,,,,,,,,,,,,,,,,,,,,,
20-Jul-2015,12:00,20-Jul-2015,12:15,Gujarat,Ankleshwar,GIDC, Ankleshwar - GPCB,,,,,,,,,,,,,,,,,,,,,,,,,,,,,,,,,,,,,,,
20-Jul-2015,12:15,20-Jul-2015,12:30,Gujarat,Ankleshwar,GIDC, Ankleshwar - GPCB,,,,,,,,,,,,,,,,,,,,,,,,,,,,,,,,,,,,,,,
20-Jul-2015,12:30,20-Jul-2015,12:45,Gujarat,Ankleshwar,GIDC, Ankleshwar - GPCB,,,,,,,,,,,,,,,,,,,,,,,,,,,,,,,,,,,,,,,
20-Jul-2015,12:45,20-Jul-2015,13:00,Gujarat,Ankleshwar,GIDC, Ankleshwar - GPCB,,,,,,,,,,,,,,,,,,,,,,,,,,,,,,,,,,,,,,,
20-Jul-2015,13:00,20-Jul-2015,13:15,Gujarat,Ankleshwar,GIDC, Ankleshwar - GPCB,,,,,,,,,,,,,,,,,,,,,,,,,,,,,,,,,,,,,,,
20-Jul-2015,13:15,20-Jul-2015,13:30,Gujarat,Ankleshwar,GIDC, Ankleshwar - GPCB,,,,,,,,,,,,,,,,,,,,,,,,,,,,,,,,,,,,,,,
20-Jul-2015,13:30,20-Jul-2015,13:45,Gujarat,Ankleshwar,GIDC, Ankleshwar - GPCB,,,,,,,,,,,,,,,,,,,,,,,,,,,,,,,,,,,,,,,
20-Jul-2015,13:45,20-Jul-2015,14:00,Gujarat,Ankleshwar,GIDC, Ankleshwar - GPCB,,,,,,,,,,,,,,,,,,,,,,,,,,,,,,,,,,,,,,,
20-Jul-2015,14:00,20-Jul-2015,14:15,Gujarat,Ankleshwar,GIDC, Ankleshwar - GPCB,,,,,,,,,,,,,,,,,,,,,,,,,,,,,,,,,,,,,,,
20-Jul-2015,14:15,20-Jul-2015,14:30,Gujarat,Ankleshwar,GIDC, Ankleshwar - GPCB,,,,,,,,,,,,,,,,,,,,,,,,,,,,,,,,,,,,,,,
20-Jul-2015,14:30,20-Jul-2015,14:45,Gujarat,Ankleshwar,GIDC, Ankleshwar - GPCB,,,,,,,,,,,,,,,,,,,,,,,,,,,,,,,,,,,,,,,
20-Jul-2015,14:45,20-Jul-2015,15:00,Gujarat,Ankleshwar,GIDC, Ankleshwar - GPCB,,,,,,,,,,,,,,,,,,,,,,,,,,,,,,,,,,,,,,,
20-Jul-2015,15:00,20-Jul-2015,15:15,Gujarat,Ankleshwar,GIDC, Ankleshwar - GPCB,,,,,,,,,,,,,,,,,,,,,,,,,,,,,,,,,,,,,,,
20-Jul-2015,15:15,20-Jul-2015,15:30,Gujarat,Ankleshwar,GIDC, Ankleshwar - GPCB,,,,,,,,,,,,,,,,,,,,,,,,,,,,,,,,,,,,,,,
20-Jul-2015,15:30,20-Jul-2015,15:45,Gujarat,Ankleshwar,GIDC, Ankleshwar - GPCB,,,,,,,,,,,,,,,,,,,,,,,,,,,,,,,,,,,,,,,
20-Jul-2015,15:45,20-Jul-2015,16:00,Gujarat,Ankleshwar,GIDC, Ankleshwar - GPCB,,,,,,,,,,,,,,,,,,,,,,,,,,,,,,,,,,,,,,,
20-Jul-2015,16:00,20-Jul-2015,16:15,Gujarat,Ankleshwar,GIDC, Ankleshwar - GPCB,,,,,,,,,,,,,,,,,,,,,,,,,,,,,,,,,,,,,,,
20-Jul-2015,16:15,20-Jul-2015,16:30,Gujarat,Ankleshwar,GIDC, Ankleshwar - GPCB,,,,,,,,,,,,,,,,,,,,,,,,,,,,,,,,,,,,,,,
20-Jul-2015,16:30,20-Jul-2015,16:45,Gujarat,Ankleshwar,GIDC, Ankleshwar - GPCB,,,,,,,,,,,,,,,,,,,,,,,,,,,,,,,,,,,,,,,
20-Jul-2015,16:45,20-Jul-2015,17:00,Gujarat,Ankleshwar,GIDC, Ankleshwar - GPCB,,,,,,,,,,,,,,,,,,,,,,,,,,,,,,,,,,,,,,,
20-Jul-2015,17:00,20-Jul-2015,17:15,Gujarat,Ankleshwar,GIDC, Ankleshwar - GPCB,,,,,,,,,,,,,,,,,,,,,,,,,,,,,,,,,,,,,,,
20-Jul-2015,17:15,20-Jul-2015,17:30,Gujarat,Ankleshwar,GIDC, Ankleshwar - GPCB,,,,,,,,,,,,,,,,,,,,,,,,,,,,,,,,,,,,,,,
20-Jul-2015,17:30,20-Jul-2015,17:45,Gujarat,Ankleshwar,GIDC, Ankleshwar - GPCB,,,,,,,,,,,,,,,,,,,,,,,,,,,,,,,,,,,,,,,
20-Jul-2015,17:45,20-Jul-2015,18:00,Gujarat,Ankleshwar,GIDC, Ankleshwar - GPCB,,,,,,,,,,,,,,,,,,,,,,,,,,,,,,,,,,,,,,,
20-Jul-2015,18:00,20-Jul-2015,18:15,Gujarat,Ankleshwar,GIDC, Ankleshwar - GPCB,,,,,,,,,,,,,,,,,,,,,,,,,,,,,,,,,,,,,,,
20-Jul-2015,18:15,20-Jul-2015,18:30,Gujarat,Ankleshwar,GIDC, Ankleshwar - GPCB,,,,,,,,,,,,,,,,,,,,,,,,,,,,,,,,,,,,,,,
20-Jul-2015,18:30,20-Jul-2015,18:45,Gujarat,Ankleshwar,GIDC, Ankleshwar - GPCB,,,,,,,,,,,,,,,,,,,,,,,,,,,,,,,,,,,,,,,
20-Jul-2015,18:45,20-Jul-2015,19:00,Gujarat,Ankleshwar,GIDC, Ankleshwar - GPCB,,,,,,,,,,,,,,,,,,,,,,,,,,,,,,,,,,,,,,,
20-Jul-2015,19:00,20-Jul-2015,19:15,Gujarat,Ankleshwar,GIDC, Ankleshwar - GPCB,,,,,,,,,,,,,,,,,,,,,,,,,,,,,,,,,,,,,,,
20-Jul-2015,19:15,20-Jul-2015,19:30,Gujarat,Ankleshwar,GIDC, Ankleshwar - GPCB,,,,,,,,,,,,,,,,,,,,,,,,,,,,,,,,,,,,,,,
20-Jul-2015,19:30,20-Jul-2015,19:45,Gujarat,Ankleshwar,GIDC, Ankleshwar - GPCB,,,,,,,,,,,,,,,,,,,,,,,,,,,,,,,,,,,,,,,
20-Jul-2015,19:45,20-Jul-2015,20:00,Gujarat,Ankleshwar,GIDC, Ankleshwar - GPCB,,,,,,,,,,,,,,,,,,,,,,,,,,,,,,,,,,,,,,,
20-Jul-2015,20:00,20-Jul-2015,20:15,Gujarat,Ankleshwar,GIDC, Ankleshwar - GPCB,,,,,,,,,,,,,,,,,,,,,,,,,,,,,,,,,,,,,,,
20-Jul-2015,20:15,20-Jul-2015,20:30,Gujarat,Ankleshwar,GIDC, Ankleshwar - GPCB,,,,,,,,,,,,,,,,,,,,,,,,,,,,,,,,,,,,,,,
20-Jul-2015,20:30,20-Jul-2015,20:45,Gujarat,Ankleshwar,GIDC, Ankleshwar - GPCB,,,,,,,,,,,,,,,,,,,,,,,,,,,,,,,,,,,,,,,
20-Jul-2015,20:45,20-Jul-2015,21:00,Gujarat,Ankleshwar,GIDC, Ankleshwar - GPCB,,,,,,,,,,,,,,,,,,,,,,,,,,,,,,,,,,,,,,,
20-Jul-2015,21:00,20-Jul-2015,21:15,Gujarat,Ankleshwar,GIDC, Ankleshwar - GPCB,,,,,,,,,,,,,,,,,,,,,,,,,,,,,,,,,,,,,,,
20-Jul-2015,21:15,20-Jul-2015,21:30,Gujarat,Ankleshwar,GIDC, Ankleshwar - GPCB,,,,,,,,,,,,,,,,,,,,,,,,,,,,,,,,,,,,,,,
20-Jul-2015,21:30,20-Jul-2015,21:45,Gujarat,Ankleshwar,GIDC, Ankleshwar - GPCB,,,,,,,,,,,,,,,,,,,,,,,,,,,,,,,,,,,,,,,
20-Jul-2015,21:45,20-Jul-2015,22:00,Gujarat,Ankleshwar,GIDC, Ankleshwar - GPCB,,,,,,,,,,,,,,,,,,,,,,,,,,,,,,,,,,,,,,,
20-Jul-2015,22:00,20-Jul-2015,22:15,Gujarat,Ankleshwar,GIDC, Ankleshwar - GPCB,,,,,,,,,,,,,,,,,,,,,,,,,,,,,,,,,,,,,,,
20-Jul-2015,22:15,20-Jul-2015,22:30,Gujarat,Ankleshwar,GIDC, Ankleshwar - GPCB,,,,,,,,,,,,,,,,,,,,,,,,,,,,,,,,,,,,,,,
20-Jul-2015,22:30,20-Jul-2015,22:45,Gujarat,Ankleshwar,GIDC, Ankleshwar - GPCB,,,,,,,,,,,,,,,,,,,,,,,,,,,,,,,,,,,,,,,
20-Jul-2015,22:45,20-Jul-2015,23:00,Gujarat,Ankleshwar,GIDC, Ankleshwar - GPCB,,,,,,,,,,,,,,,,,,,,,,,,,,,,,,,,,,,,,,,
20-Jul-2015,23:00,20-Jul-2015,23:15,Gujarat,Ankleshwar,GIDC, Ankleshwar - GPCB,,,,,,,,,,,,,,,,,,,,,,,,,,,,,,,,,,,,,,,
20-Jul-2015,23:15,20-Jul-2015,23:30,Gujarat,Ankleshwar,GIDC, Ankleshwar - GPCB,,,,,,,,,,,,,,,,,,,,,,,,,,,,,,,,,,,,,,,
20-Jul-2015,23:30,20-Jul-2015,23:45,Gujarat,Ankleshwar,GIDC, Ankleshwar - GPCB,,,,,,,,,,,,,,,,,,,,,,,,,,,,,,,,,,,,,,,
20-Jul-2015,23:45,21-Jul-2015,00:00,Gujarat,Ankleshwar,GIDC, Ankleshwar - GPCB,,,,,,,,,,,,,,,,,,,,,,,,,,,,,,,,,,,,,,,
21-Jul-2015,00:00,21-Jul-2015,00:15,Gujarat,Ankleshwar,GIDC, Ankleshwar - GPCB,,,,,,,,,,,,,,,,,,,,,,,,,,,,,,,,,,,,,,,
21-Jul-2015,00:15,21-Jul-2015,00:30,Gujarat,Ankleshwar,GIDC, Ankleshwar - GPCB,,,,,,,,,,,,,,,,,,,,,,,,,,,,,,,,,,,,,,,
21-Jul-2015,00:30,21-Jul-2015,00:45,Gujarat,Ankleshwar,GIDC, Ankleshwar - GPCB,,,,,,,,,,,,,,,,,,,,,,,,,,,,,,,,,,,,,,,
21-Jul-2015,00:45,21-Jul-2015,01:00,Gujarat,Ankleshwar,GIDC, Ankleshwar - GPCB,,,,,,,,,,,,,,,,,,,,,,,,,,,,,,,,,,,,,,,
21-Jul-2015,01:00,21-Jul-2015,01:15,Gujarat,Ankleshwar,GIDC, Ankleshwar - GPCB,,,,,,,,,,,,,,,,,,,,,,,,,,,,,,,,,,,,,,,
21-Jul-2015,01:15,21-Jul-2015,01:30,Gujarat,Ankleshwar,GIDC, Ankleshwar - GPCB,,,,,,,,,,,,,,,,,,,,,,,,,,,,,,,,,,,,,,,
21-Jul-2015,01:30,21-Jul-2015,01:45,Gujarat,Ankleshwar,GIDC, Ankleshwar - GPCB,,,,,,,,,,,,,,,,,,,,,,,,,,,,,,,,,,,,,,,
21-Jul-2015,01:45,21-Jul-2015,02:00,Gujarat,Ankleshwar,GIDC, Ankleshwar - GPCB,,,,,,,,,,,,,,,,,,,,,,,,,,,,,,,,,,,,,,,
21-Jul-2015,02:00,21-Jul-2015,02:15,Gujarat,Ankleshwar,GIDC, Ankleshwar - GPCB,,,,,,,,,,,,,,,,,,,,,,,,,,,,,,,,,,,,,,,
21-Jul-2015,02:15,21-Jul-2015,02:30,Gujarat,Ankleshwar,GIDC, Ankleshwar - GPCB,,,,,,,,,,,,,,,,,,,,,,,,,,,,,,,,,,,,,,,
21-Jul-2015,02:30,21-Jul-2015,02:45,Gujarat,Ankleshwar,GIDC, Ankleshwar - GPCB,,,,,,,,,,,,,,,,,,,,,,,,,,,,,,,,,,,,,,,
21-Jul-2015,02:45,21-Jul-2015,03:00,Gujarat,Ankleshwar,GIDC, Ankleshwar - GPCB,,,,,,,,,,,,,,,,,,,,,,,,,,,,,,,,,,,,,,,
21-Jul-2015,03:00,21-Jul-2015,03:15,Gujarat,Ankleshwar,GIDC, Ankleshwar - GPCB,,,,,,,,,,,,,,,,,,,,,,,,,,,,,,,,,,,,,,,
21-Jul-2015,03:15,21-Jul-2015,03:30,Gujarat,Ankleshwar,GIDC, Ankleshwar - GPCB,,,,,,,,,,,,,,,,,,,,,,,,,,,,,,,,,,,,,,,
21-Jul-2015,03:30,21-Jul-2015,03:45,Gujarat,Ankleshwar,GIDC, Ankleshwar - GPCB,,,,,,,,,,,,,,,,,,,,,,,,,,,,,,,,,,,,,,,
21-Jul-2015,03:45,21-Jul-2015,04:00,Gujarat,Ankleshwar,GIDC, Ankleshwar - GPCB,,,,,,,,,,,,,,,,,,,,,,,,,,,,,,,,,,,,,,,
21-Jul-2015,04:00,21-Jul-2015,04:15,Gujarat,Ankleshwar,GIDC, Ankleshwar - GPCB,,,,,,,,,,,,,,,,,,,,,,,,,,,,,,,,,,,,,,,
21-Jul-2015,04:15,21-Jul-2015,04:30,Gujarat,Ankleshwar,GIDC, Ankleshwar - GPCB,,,,,,,,,,,,,,,,,,,,,,,,,,,,,,,,,,,,,,,
21-Jul-2015,04:30,21-Jul-2015,04:45,Gujarat,Ankleshwar,GIDC, Ankleshwar - GPCB,,,,,,,,,,,,,,,,,,,,,,,,,,,,,,,,,,,,,,,
21-Jul-2015,04:45,21-Jul-2015,05:00,Gujarat,Ankleshwar,GIDC, Ankleshwar - GPCB,,,,,,,,,,,,,,,,,,,,,,,,,,,,,,,,,,,,,,,
21-Jul-2015,05:00,21-Jul-2015,05:15,Gujarat,Ankleshwar,GIDC, Ankleshwar - GPCB,,,,,,,,,,,,,,,,,,,,,,,,,,,,,,,,,,,,,,,
21-Jul-2015,05:15,21-Jul-2015,05:30,Gujarat,Ankleshwar,GIDC, Ankleshwar - GPCB,,,,,,,,,,,,,,,,,,,,,,,,,,,,,,,,,,,,,,,
21-Jul-2015,05:30,21-Jul-2015,05:45,Gujarat,Ankleshwar,GIDC, Ankleshwar - GPCB,,,,,,,,,,,,,,,,,,,,,,,,,,,,,,,,,,,,,,,
21-Jul-2015,05:45,21-Jul-2015,06:00,Gujarat,Ankleshwar,GIDC, Ankleshwar - GPCB,,,,,,,,,,,,,,,,,,,,,,,,,,,,,,,,,,,,,,,
21-Jul-2015,06:00,21-Jul-2015,06:15,Gujarat,Ankleshwar,GIDC, Ankleshwar - GPCB,,,,,,,,,,,,,,,,,,,,,,,,,,,,,,,,,,,,,,,
21-Jul-2015,06:15,21-Jul-2015,06:30,Gujarat,Ankleshwar,GIDC, Ankleshwar - GPCB,,,,,,,,,,,,,,,,,,,,,,,,,,,,,,,,,,,,,,,
21-Jul-2015,06:30,21-Jul-2015,06:45,Gujarat,Ankleshwar,GIDC, Ankleshwar - GPCB,,,,,,,,,,,,,,,,,,,,,,,,,,,,,,,,,,,,,,,
21-Jul-2015,06:45,21-Jul-2015,07:00,Gujarat,Ankleshwar,GIDC, Ankleshwar - GPCB,,,,,,,,,,,,,,,,,,,,,,,,,,,,,,,,,,,,,,,
21-Jul-2015,07:00,21-Jul-2015,07:15,Gujarat,Ankleshwar,GIDC, Ankleshwar - GPCB,,,,,,,,,,,,,,,,,,,,,,,,,,,,,,,,,,,,,,,
21-Jul-2015,07:15,21-Jul-2015,07:30,Gujarat,Ankleshwar,GIDC, Ankleshwar - GPCB,,,,,,,,,,,,,,,,,,,,,,,,,,,,,,,,,,,,,,,
21-Jul-2015,07:30,21-Jul-2015,07:45,Gujarat,Ankleshwar,GIDC, Ankleshwar - GPCB,,,,,,,,,,,,,,,,,,,,,,,,,,,,,,,,,,,,,,,
21-Jul-2015,07:45,21-Jul-2015,08:00,Gujarat,Ankleshwar,GIDC, Ankleshwar - GPCB,,,,,,,,,,,,,,,,,,,,,,,,,,,,,,,,,,,,,,,
21-Jul-2015,08:00,21-Jul-2015,08:15,Gujarat,Ankleshwar,GIDC, Ankleshwar - GPCB,,,,,,,,,,,,,,,,,,,,,,,,,,,,,,,,,,,,,,,
21-Jul-2015,08:15,21-Jul-2015,08:30,Gujarat,Ankleshwar,GIDC, Ankleshwar - GPCB,,,,,,,,,,,,,,,,,,,,,,,,,,,,,,,,,,,,,,,
21-Jul-2015,08:30,21-Jul-2015,08:45,Gujarat,Ankleshwar,GIDC, Ankleshwar - GPCB,,,,,,,,,,,,,,,,,,,,,,,,,,,,,,,,,,,,,,,
21-Jul-2015,08:45,21-Jul-2015,09:00,Gujarat,Ankleshwar,GIDC, Ankleshwar - GPCB,,,,,,,,,,,,,,,,,,,,,,,,,,,,,,,,,,,,,,,
21-Jul-2015,09:00,21-Jul-2015,09:15,Gujarat,Ankleshwar,GIDC, Ankleshwar - GPCB,,,,,,,,,,,,,,,,,,,,,,,,,,,,,,,,,,,,,,,
21-Jul-2015,09:15,21-Jul-2015,09:30,Gujarat,Ankleshwar,GIDC, Ankleshwar - GPCB,,,,,,,,,,,,,,,,,,,,,,,,,,,,,,,,,,,,,,,
21-Jul-2015,09:30,21-Jul-2015,09:45,Gujarat,Ankleshwar,GIDC, Ankleshwar - GPCB,,,,,,,,,,,,,,,,,,,,,,,,,,,,,,,,,,,,,,,
21-Jul-2015,09:45,21-Jul-2015,10:00,Gujarat,Ankleshwar,GIDC, Ankleshwar - GPCB,,,,,,,,,,,,,,,,,,,,,,,,,,,,,,,,,,,,,,,
21-Jul-2015,10:00,21-Jul-2015,10:15,Gujarat,Ankleshwar,GIDC, Ankleshwar - GPCB,,,,,,,,,,,,,,,,,,,,,,,,,,,,,,,,,,,,,,,
21-Jul-2015,10:15,21-Jul-2015,10:30,Gujarat,Ankleshwar,GIDC, Ankleshwar - GPCB,,,,,,,,,,,,,,,,,,,,,,,,,,,,,,,,,,,,,,,
21-Jul-2015,10:30,21-Jul-2015,10:45,Gujarat,Ankleshwar,GIDC, Ankleshwar - GPCB,,,,,,,,,,,,,,,,,,,,,,,,,,,,,,,,,,,,,,,
21-Jul-2015,10:45,21-Jul-2015,11:00,Gujarat,Ankleshwar,GIDC, Ankleshwar - GPCB,,,,,,,,,,,,,,,,,,,,,,,,,,,,,,,,,,,,,,,
21-Jul-2015,11:00,21-Jul-2015,11:15,Gujarat,Ankleshwar,GIDC, Ankleshwar - GPCB,,,,,,,,,,,,,,,,,,,,,,,,,,,,,,,,,,,,,,,
21-Jul-2015,11:15,21-Jul-2015,11:30,Gujarat,Ankleshwar,GIDC, Ankleshwar - GPCB,,,,,,,,,,,,,,,,,,,,,,,,,,,,,,,,,,,,,,,
21-Jul-2015,11:30,21-Jul-2015,11:45,Gujarat,Ankleshwar,GIDC, Ankleshwar - GPCB,,,,,,,,,,,,,,,,,,,,,,,,,,,,,,,,,,,,,,,
21-Jul-2015,11:45,21-Jul-2015,12:00,Gujarat,Ankleshwar,GIDC, Ankleshwar - GPCB,,,,,,,,,,,,,,,,,,,,,,,,,,,,,,,,,,,,,,,
21-Jul-2015,12:00,21-Jul-2015,12:15,Gujarat,Ankleshwar,GIDC, Ankleshwar - GPCB,,,,,,,,,,,,,,,,,,,,,,,,,,,,,,,,,,,,,,,
21-Jul-2015,12:15,21-Jul-2015,12:30,Gujarat,Ankleshwar,GIDC, Ankleshwar - GPCB,,,,,,,,,,,,,,,,,,,,,,,,,,,,,,,,,,,,,,,
21-Jul-2015,12:30,21-Jul-2015,12:45,Gujarat,Ankleshwar,GIDC, Ankleshwar - GPCB,,,,,,,,,,,,,,,,,,,,,,,,,,,,,,,,,,,,,,,
21-Jul-2015,12:45,21-Jul-2015,13:00,Gujarat,Ankleshwar,GIDC, Ankleshwar - GPCB,,,,,,,,,,,,,,,,,,,,,,,,,,,,,,,,,,,,,,,
21-Jul-2015,13:00,21-Jul-2015,13:15,Gujarat,Ankleshwar,GIDC, Ankleshwar - GPCB,,,,,,,,,,,,,,,,,,,,,,,,,,,,,,,,,,,,,,,
21-Jul-2015,13:15,21-Jul-2015,13:30,Gujarat,Ankleshwar,GIDC, Ankleshwar - GPCB,,,,,,,,,,,,,,,,,,,,,,,,,,,,,,,,,,,,,,,
21-Jul-2015,13:30,21-Jul-2015,13:45,Gujarat,Ankleshwar,GIDC, Ankleshwar - GPCB,,,,,,,,,,,,,,,,,,,,,,,,,,,,,,,,,,,,,,,
21-Jul-2015,13:45,21-Jul-2015,14:00,Gujarat,Ankleshwar,GIDC, Ankleshwar - GPCB,,,,,,,,,,,,,,,,,,,,,,,,,,,,,,,,,,,,,,,
21-Jul-2015,14:00,21-Jul-2015,14:15,Gujarat,Ankleshwar,GIDC, Ankleshwar - GPCB,,,,,,,,,,,,,,,,,,,,,,,,,,,,,,,,,,,,,,,
21-Jul-2015,14:15,21-Jul-2015,14:30,Gujarat,Ankleshwar,GIDC, Ankleshwar - GPCB,,,,,,,,,,,,,,,,,,,,,,,,,,,,,,,,,,,,,,,
21-Jul-2015,14:30,21-Jul-2015,14:45,Gujarat,Ankleshwar,GIDC, Ankleshwar - GPCB,,,,,,,,,,,,,,,,,,,,,,,,,,,,,,,,,,,,,,,
21-Jul-2015,14:45,21-Jul-2015,15:00,Gujarat,Ankleshwar,GIDC, Ankleshwar - GPCB,,,,,,,,,,,,,,,,,,,,,,,,,,,,,,,,,,,,,,,
21-Jul-2015,15:00,21-Jul-2015,15:15,Gujarat,Ankleshwar,GIDC, Ankleshwar - GPCB,,,,,,,,,,,,,,,,,,,,,,,,,,,,,,,,,,,,,,,
21-Jul-2015,15:15,21-Jul-2015,15:30,Gujarat,Ankleshwar,GIDC, Ankleshwar - GPCB,,,,,,,,,,,,,,,,,,,,,,,,,,,,,,,,,,,,,,,
21-Jul-2015,15:30,21-Jul-2015,15:45,Gujarat,Ankleshwar,GIDC, Ankleshwar - GPCB,,,,,,,,,,,,,,,,,,,,,,,,,,,,,,,,,,,,,,,
21-Jul-2015,15:45,21-Jul-2015,16:00,Gujarat,Ankleshwar,GIDC, Ankleshwar - GPCB,,,,,,,,,,,,,,,,,,,,,,,,,,,,,,,,,,,,,,,
21-Jul-2015,16:00,21-Jul-2015,16:15,Gujarat,Ankleshwar,GIDC, Ankleshwar - GPCB,,,,,,,,,,,,,,,,,,,,,,,,,,,,,,,,,,,,,,,
21-Jul-2015,16:15,21-Jul-2015,16:30,Gujarat,Ankleshwar,GIDC, Ankleshwar - GPCB,,,,,,,,,,,,,,,,,,,,,,,,,,,,,,,,,,,,,,,
21-Jul-2015,16:30,21-Jul-2015,16:45,Gujarat,Ankleshwar,GIDC, Ankleshwar - GPCB,,,,,,,,,,,,,,,,,,,,,,,,,,,,,,,,,,,,,,,
21-Jul-2015,16:45,21-Jul-2015,17:00,Gujarat,Ankleshwar,GIDC, Ankleshwar - GPCB,,,,,,,,,,,,,,,,,,,,,,,,,,,,,,,,,,,,,,,
21-Jul-2015,17:00,21-Jul-2015,17:15,Gujarat,Ankleshwar,GIDC, Ankleshwar - GPCB,,,,,,,,,,,,,,,,,,,,,,,,,,,,,,,,,,,,,,,
21-Jul-2015,17:15,21-Jul-2015,17:30,Gujarat,Ankleshwar,GIDC, Ankleshwar - GPCB,,,,,,,,,,,,,,,,,,,,,,,,,,,,,,,,,,,,,,,
21-Jul-2015,17:30,21-Jul-2015,17:45,Gujarat,Ankleshwar,GIDC, Ankleshwar - GPCB,,,,,,,,,,,,,,,,,,,,,,,,,,,,,,,,,,,,,,,
21-Jul-2015,17:45,21-Jul-2015,18:00,Gujarat,Ankleshwar,GIDC, Ankleshwar - GPCB,,,,,,,,,,,,,,,,,,,,,,,,,,,,,,,,,,,,,,,
21-Jul-2015,18:00,21-Jul-2015,18:15,Gujarat,Ankleshwar,GIDC, Ankleshwar - GPCB,,,,,,,,,,,,,,,,,,,,,,,,,,,,,,,,,,,,,,,
21-Jul-2015,18:15,21-Jul-2015,18:30,Gujarat,Ankleshwar,GIDC, Ankleshwar - GPCB,,,,,,,,,,,,,,,,,,,,,,,,,,,,,,,,,,,,,,,
21-Jul-2015,18:30,21-Jul-2015,18:45,Gujarat,Ankleshwar,GIDC, Ankleshwar - GPCB,,,,,,,,,,,,,,,,,,,,,,,,,,,,,,,,,,,,,,,
21-Jul-2015,18:45,21-Jul-2015,19:00,Gujarat,Ankleshwar,GIDC, Ankleshwar - GPCB,,,,,,,,,,,,,,,,,,,,,,,,,,,,,,,,,,,,,,,
21-Jul-2015,19:00,21-Jul-2015,19:15,Gujarat,Ankleshwar,GIDC, Ankleshwar - GPCB,,,,,,,,,,,,,,,,,,,,,,,,,,,,,,,,,,,,,,,
21-Jul-2015,19:15,21-Jul-2015,19:30,Gujarat,Ankleshwar,GIDC, Ankleshwar - GPCB,,,,,,,,,,,,,,,,,,,,,,,,,,,,,,,,,,,,,,,
21-Jul-2015,19:30,21-Jul-2015,19:45,Gujarat,Ankleshwar,GIDC, Ankleshwar - GPCB,,,,,,,,,,,,,,,,,,,,,,,,,,,,,,,,,,,,,,,
21-Jul-2015,19:45,21-Jul-2015,20:00,Gujarat,Ankleshwar,GIDC, Ankleshwar - GPCB,,,,,,,,,,,,,,,,,,,,,,,,,,,,,,,,,,,,,,,
21-Jul-2015,20:00,21-Jul-2015,20:15,Gujarat,Ankleshwar,GIDC, Ankleshwar - GPCB,,,,,,,,,,,,,,,,,,,,,,,,,,,,,,,,,,,,,,,
21-Jul-2015,20:15,21-Jul-2015,20:30,Gujarat,Ankleshwar,GIDC, Ankleshwar - GPCB,,,,,,,,,,,,,,,,,,,,,,,,,,,,,,,,,,,,,,,
21-Jul-2015,20:30,21-Jul-2015,20:45,Gujarat,Ankleshwar,GIDC, Ankleshwar - GPCB,,,,,,,,,,,,,,,,,,,,,,,,,,,,,,,,,,,,,,,
21-Jul-2015,20:45,21-Jul-2015,21:00,Gujarat,Ankleshwar,GIDC, Ankleshwar - GPCB,,,,,,,,,,,,,,,,,,,,,,,,,,,,,,,,,,,,,,,
21-Jul-2015,21:00,21-Jul-2015,21:15,Gujarat,Ankleshwar,GIDC, Ankleshwar - GPCB,,,,,,,,,,,,,,,,,,,,,,,,,,,,,,,,,,,,,,,
21-Jul-2015,21:15,21-Jul-2015,21:30,Gujarat,Ankleshwar,GIDC, Ankleshwar - GPCB,,,,,,,,,,,,,,,,,,,,,,,,,,,,,,,,,,,,,,,
21-Jul-2015,21:30,21-Jul-2015,21:45,Gujarat,Ankleshwar,GIDC, Ankleshwar - GPCB,,,,,,,,,,,,,,,,,,,,,,,,,,,,,,,,,,,,,,,
21-Jul-2015,21:45,21-Jul-2015,22:00,Gujarat,Ankleshwar,GIDC, Ankleshwar - GPCB,,,,,,,,,,,,,,,,,,,,,,,,,,,,,,,,,,,,,,,
21-Jul-2015,22:00,21-Jul-2015,22:15,Gujarat,Ankleshwar,GIDC, Ankleshwar - GPCB,,,,,,,,,,,,,,,,,,,,,,,,,,,,,,,,,,,,,,,
21-Jul-2015,22:15,21-Jul-2015,22:30,Gujarat,Ankleshwar,GIDC, Ankleshwar - GPCB,,,,,,,,,,,,,,,,,,,,,,,,,,,,,,,,,,,,,,,
21-Jul-2015,22:30,21-Jul-2015,22:45,Gujarat,Ankleshwar,GIDC, Ankleshwar - GPCB,,,,,,,,,,,,,,,,,,,,,,,,,,,,,,,,,,,,,,,
21-Jul-2015,22:45,21-Jul-2015,23:00,Gujarat,Ankleshwar,GIDC, Ankleshwar - GPCB,,,,,,,,,,,,,,,,,,,,,,,,,,,,,,,,,,,,,,,
21-Jul-2015,23:00,21-Jul-2015,23:15,Gujarat,Ankleshwar,GIDC, Ankleshwar - GPCB,,,,,,,,,,,,,,,,,,,,,,,,,,,,,,,,,,,,,,,
21-Jul-2015,23:15,21-Jul-2015,23:30,Gujarat,Ankleshwar,GIDC, Ankleshwar - GPCB,,,,,,,,,,,,,,,,,,,,,,,,,,,,,,,,,,,,,,,
21-Jul-2015,23:30,21-Jul-2015,23:45,Gujarat,Ankleshwar,GIDC, Ankleshwar - GPCB,,,,,,,,,,,,,,,,,,,,,,,,,,,,,,,,,,,,,,,
21-Jul-2015,23:45,22-Jul-2015,00:00,Gujarat,Ankleshwar,GIDC, Ankleshwar - GPCB,,,,,,,,,,,,,,,,,,,,,,,,,,,,,,,,,,,,,,,
22-Jul-2015,00:00,22-Jul-2015,00:15,Gujarat,Ankleshwar,GIDC, Ankleshwar - GPCB,,,,,,,,,,,,,,,,,,,,,,,,,,,,,,,,,,,,,,,
22-Jul-2015,00:15,22-Jul-2015,00:30,Gujarat,Ankleshwar,GIDC, Ankleshwar - GPCB,,,,,,,,,,,,,,,,,,,,,,,,,,,,,,,,,,,,,,,
22-Jul-2015,00:30,22-Jul-2015,00:45,Gujarat,Ankleshwar,GIDC, Ankleshwar - GPCB,,,,,,,,,,,,,,,,,,,,,,,,,,,,,,,,,,,,,,,
22-Jul-2015,00:45,22-Jul-2015,01:00,Gujarat,Ankleshwar,GIDC, Ankleshwar - GPCB,,,,,,,,,,,,,,,,,,,,,,,,,,,,,,,,,,,,,,,
22-Jul-2015,01:00,22-Jul-2015,01:15,Gujarat,Ankleshwar,GIDC, Ankleshwar - GPCB,,,,,,,,,,,,,,,,,,,,,,,,,,,,,,,,,,,,,,,
22-Jul-2015,01:15,22-Jul-2015,01:30,Gujarat,Ankleshwar,GIDC, Ankleshwar - GPCB,,,,,,,,,,,,,,,,,,,,,,,,,,,,,,,,,,,,,,,
22-Jul-2015,01:30,22-Jul-2015,01:45,Gujarat,Ankleshwar,GIDC, Ankleshwar - GPCB,,,,,,,,,,,,,,,,,,,,,,,,,,,,,,,,,,,,,,,
22-Jul-2015,01:45,22-Jul-2015,02:00,Gujarat,Ankleshwar,GIDC, Ankleshwar - GPCB,,,,,,,,,,,,,,,,,,,,,,,,,,,,,,,,,,,,,,,
22-Jul-2015,02:00,22-Jul-2015,02:15,Gujarat,Ankleshwar,GIDC, Ankleshwar - GPCB,,,,,,,,,,,,,,,,,,,,,,,,,,,,,,,,,,,,,,,
22-Jul-2015,02:15,22-Jul-2015,02:30,Gujarat,Ankleshwar,GIDC, Ankleshwar - GPCB,,,,,,,,,,,,,,,,,,,,,,,,,,,,,,,,,,,,,,,
22-Jul-2015,02:30,22-Jul-2015,02:45,Gujarat,Ankleshwar,GIDC, Ankleshwar - GPCB,,,,,,,,,,,,,,,,,,,,,,,,,,,,,,,,,,,,,,,
22-Jul-2015,02:45,22-Jul-2015,03:00,Gujarat,Ankleshwar,GIDC, Ankleshwar - GPCB,,,,,,,,,,,,,,,,,,,,,,,,,,,,,,,,,,,,,,,
22-Jul-2015,03:00,22-Jul-2015,03:15,Gujarat,Ankleshwar,GIDC, Ankleshwar - GPCB,,,,,,,,,,,,,,,,,,,,,,,,,,,,,,,,,,,,,,,
22-Jul-2015,03:15,22-Jul-2015,03:30,Gujarat,Ankleshwar,GIDC, Ankleshwar - GPCB,,,,,,,,,,,,,,,,,,,,,,,,,,,,,,,,,,,,,,,
22-Jul-2015,03:30,22-Jul-2015,03:45,Gujarat,Ankleshwar,GIDC, Ankleshwar - GPCB,,,,,,,,,,,,,,,,,,,,,,,,,,,,,,,,,,,,,,,
22-Jul-2015,03:45,22-Jul-2015,04:00,Gujarat,Ankleshwar,GIDC, Ankleshwar - GPCB,,,,,,,,,,,,,,,,,,,,,,,,,,,,,,,,,,,,,,,
22-Jul-2015,04:00,22-Jul-2015,04:15,Gujarat,Ankleshwar,GIDC, Ankleshwar - GPCB,,,,,,,,,,,,,,,,,,,,,,,,,,,,,,,,,,,,,,,
22-Jul-2015,04:15,22-Jul-2015,04:30,Gujarat,Ankleshwar,GIDC, Ankleshwar - GPCB,,,,,,,,,,,,,,,,,,,,,,,,,,,,,,,,,,,,,,,
22-Jul-2015,04:30,22-Jul-2015,04:45,Gujarat,Ankleshwar,GIDC, Ankleshwar - GPCB,,,,,,,,,,,,,,,,,,,,,,,,,,,,,,,,,,,,,,,
22-Jul-2015,04:45,22-Jul-2015,05:00,Gujarat,Ankleshwar,GIDC, Ankleshwar - GPCB,,,,,,,,,,,,,,,,,,,,,,,,,,,,,,,,,,,,,,,
22-Jul-2015,05:00,22-Jul-2015,05:15,Gujarat,Ankleshwar,GIDC, Ankleshwar - GPCB,,,,,,,,,,,,,,,,,,,,,,,,,,,,,,,,,,,,,,,
22-Jul-2015,05:15,22-Jul-2015,05:30,Gujarat,Ankleshwar,GIDC, Ankleshwar - GPCB,,,,,,,,,,,,,,,,,,,,,,,,,,,,,,,,,,,,,,,
22-Jul-2015,05:30,22-Jul-2015,05:45,Gujarat,Ankleshwar,GIDC, Ankleshwar - GPCB,,,,,,,,,,,,,,,,,,,,,,,,,,,,,,,,,,,,,,,
22-Jul-2015,05:45,22-Jul-2015,06:00,Gujarat,Ankleshwar,GIDC, Ankleshwar - GPCB,,,,,,,,,,,,,,,,,,,,,,,,,,,,,,,,,,,,,,,
22-Jul-2015,06:00,22-Jul-2015,06:15,Gujarat,Ankleshwar,GIDC, Ankleshwar - GPCB,,,,,,,,,,,,,,,,,,,,,,,,,,,,,,,,,,,,,,,
22-Jul-2015,06:15,22-Jul-2015,06:30,Gujarat,Ankleshwar,GIDC, Ankleshwar - GPCB,,,,,,,,,,,,,,,,,,,,,,,,,,,,,,,,,,,,,,,
22-Jul-2015,06:30,22-Jul-2015,06:45,Gujarat,Ankleshwar,GIDC, Ankleshwar - GPCB,,,,,,,,,,,,,,,,,,,,,,,,,,,,,,,,,,,,,,,
22-Jul-2015,06:45,22-Jul-2015,07:00,Gujarat,Ankleshwar,GIDC, Ankleshwar - GPCB,,,,,,,,,,,,,,,,,,,,,,,,,,,,,,,,,,,,,,,
22-Jul-2015,07:00,22-Jul-2015,07:15,Gujarat,Ankleshwar,GIDC, Ankleshwar - GPCB,,,,,,,,,,,,,,,,,,,,,,,,,,,,,,,,,,,,,,,
22-Jul-2015,07:15,22-Jul-2015,07:30,Gujarat,Ankleshwar,GIDC, Ankleshwar - GPCB,,,,,,,,,,,,,,,,,,,,,,,,,,,,,,,,,,,,,,,
22-Jul-2015,07:30,22-Jul-2015,07:45,Gujarat,Ankleshwar,GIDC, Ankleshwar - GPCB,,,,,,,,,,,,,,,,,,,,,,,,,,,,,,,,,,,,,,,
22-Jul-2015,07:45,22-Jul-2015,08:00,Gujarat,Ankleshwar,GIDC, Ankleshwar - GPCB,,,,,,,,,,,,,,,,,,,,,,,,,,,,,,,,,,,,,,,
22-Jul-2015,08:00,22-Jul-2015,08:15,Gujarat,Ankleshwar,GIDC, Ankleshwar - GPCB,,,,,,,,,,,,,,,,,,,,,,,,,,,,,,,,,,,,,,,
22-Jul-2015,08:15,22-Jul-2015,08:30,Gujarat,Ankleshwar,GIDC, Ankleshwar - GPCB,,,,,,,,,,,,,,,,,,,,,,,,,,,,,,,,,,,,,,,
22-Jul-2015,08:30,22-Jul-2015,08:45,Gujarat,Ankleshwar,GIDC, Ankleshwar - GPCB,,,,,,,,,,,,,,,,,,,,,,,,,,,,,,,,,,,,,,,
22-Jul-2015,08:45,22-Jul-2015,09:00,Gujarat,Ankleshwar,GIDC, Ankleshwar - GPCB,,,,,,,,,,,,,,,,,,,,,,,,,,,,,,,,,,,,,,,
22-Jul-2015,09:00,22-Jul-2015,09:15,Gujarat,Ankleshwar,GIDC, Ankleshwar - GPCB,,,,,,,,,,,,,,,,,,,,,,,,,,,,,,,,,,,,,,,
22-Jul-2015,09:15,22-Jul-2015,09:30,Gujarat,Ankleshwar,GIDC, Ankleshwar - GPCB,,,,,,,,,,,,,,,,,,,,,,,,,,,,,,,,,,,,,,,
22-Jul-2015,09:30,22-Jul-2015,09:45,Gujarat,Ankleshwar,GIDC, Ankleshwar - GPCB,,,,,,,,,,,,,,,,,,,,,,,,,,,,,,,,,,,,,,,
22-Jul-2015,09:45,22-Jul-2015,10:00,Gujarat,Ankleshwar,GIDC, Ankleshwar - GPCB,,,,,,,,,,,,,,,,,,,,,,,,,,,,,,,,,,,,,,,
22-Jul-2015,10:00,22-Jul-2015,10:15,Gujarat,Ankleshwar,GIDC, Ankleshwar - GPCB,,,,,,,,,,,,,,,,,,,,,,,,,,,,,,,,,,,,,,,
22-Jul-2015,10:15,22-Jul-2015,10:30,Gujarat,Ankleshwar,GIDC, Ankleshwar - GPCB,,,,,,,,,,,,,,,,,,,,,,,,,,,,,,,,,,,,,,,
22-Jul-2015,10:30,22-Jul-2015,10:45,Gujarat,Ankleshwar,GIDC, Ankleshwar - GPCB,,,,,,,,,,,,,,,,,,,,,,,,,,,,,,,,,,,,,,,
22-Jul-2015,10:45,22-Jul-2015,11:00,Gujarat,Ankleshwar,GIDC, Ankleshwar - GPCB,,,,,,,,,,,,,,,,,,,,,,,,,,,,,,,,,,,,,,,
22-Jul-2015,11:00,22-Jul-2015,11:15,Gujarat,Ankleshwar,GIDC, Ankleshwar - GPCB,,,,,,,,,,,,,,,,,,,,,,,,,,,,,,,,,,,,,,,
22-Jul-2015,11:15,22-Jul-2015,11:30,Gujarat,Ankleshwar,GIDC, Ankleshwar - GPCB,,,,,,,,,,,,,,,,,,,,,,,,,,,,,,,,,,,,,,,
22-Jul-2015,11:30,22-Jul-2015,11:45,Gujarat,Ankleshwar,GIDC, Ankleshwar - GPCB,,,,,,,,,,,,,,,,,,,,,,,,,,,,,,,,,,,,,,,
22-Jul-2015,11:45,22-Jul-2015,12:00,Gujarat,Ankleshwar,GIDC, Ankleshwar - GPCB,,,,,,,,,,,,,,,,,,,,,,,,,,,,,,,,,,,,,,,
22-Jul-2015,12:00,22-Jul-2015,12:15,Gujarat,Ankleshwar,GIDC, Ankleshwar - GPCB,,,,,,,,,,,,,,,,,,,,,,,,,,,,,,,,,,,,,,,
22-Jul-2015,12:15,22-Jul-2015,12:30,Gujarat,Ankleshwar,GIDC, Ankleshwar - GPCB,,,,,,,,,,,,,,,,,,,,,,,,,,,,,,,,,,,,,,,
22-Jul-2015,12:30,22-Jul-2015,12:45,Gujarat,Ankleshwar,GIDC, Ankleshwar - GPCB,,,,,,,,,,,,,,,,,,,,,,,,,,,,,,,,,,,,,,,
22-Jul-2015,12:45,22-Jul-2015,13:00,Gujarat,Ankleshwar,GIDC, Ankleshwar - GPCB,,,,,,,,,,,,,,,,,,,,,,,,,,,,,,,,,,,,,,,
22-Jul-2015,13:00,22-Jul-2015,13:15,Gujarat,Ankleshwar,GIDC, Ankleshwar - GPCB,,,,,,,,,,,,,,,,,,,,,,,,,,,,,,,,,,,,,,,
22-Jul-2015,13:15,22-Jul-2015,13:30,Gujarat,Ankleshwar,GIDC, Ankleshwar - GPCB,,,,,,,,,,,,,,,,,,,,,,,,,,,,,,,,,,,,,,,
22-Jul-2015,13:30,22-Jul-2015,13:45,Gujarat,Ankleshwar,GIDC, Ankleshwar - GPCB,,,,,,,,,,,,,,,,,,,,,,,,,,,,,,,,,,,,,,,
22-Jul-2015,13:45,22-Jul-2015,14:00,Gujarat,Ankleshwar,GIDC, Ankleshwar - GPCB,,,,,,,,,,,,,,,,,,,,,,,,,,,,,,,,,,,,,,,
22-Jul-2015,14:00,22-Jul-2015,14:15,Gujarat,Ankleshwar,GIDC, Ankleshwar - GPCB,,,,,,,,,,,,,,,,,,,,,,,,,,,,,,,,,,,,,,,
22-Jul-2015,14:15,22-Jul-2015,14:30,Gujarat,Ankleshwar,GIDC, Ankleshwar - GPCB,,,,,,,,,,,,,,,,,,,,,,,,,,,,,,,,,,,,,,,
22-Jul-2015,14:30,22-Jul-2015,14:45,Gujarat,Ankleshwar,GIDC, Ankleshwar - GPCB,,,,,,,,,,,,,,,,,,,,,,,,,,,,,,,,,,,,,,,
22-Jul-2015,14:45,22-Jul-2015,15:00,Gujarat,Ankleshwar,GIDC, Ankleshwar - GPCB,,,,,,,,,,,,,,,,,,,,,,,,,,,,,,,,,,,,,,,
22-Jul-2015,15:00,22-Jul-2015,15:15,Gujarat,Ankleshwar,GIDC, Ankleshwar - GPCB,,,,,,,,,,,,,,,,,,,,,,,,,,,,,,,,,,,,,,,
22-Jul-2015,15:15,22-Jul-2015,15:30,Gujarat,Ankleshwar,GIDC, Ankleshwar - GPCB,,,,,,,,,,,,,,,,,,,,,,,,,,,,,,,,,,,,,,,
22-Jul-2015,15:30,22-Jul-2015,15:45,Gujarat,Ankleshwar,GIDC, Ankleshwar - GPCB,,,,,,,,,,,,,,,,,,,,,,,,,,,,,,,,,,,,,,,
22-Jul-2015,15:45,22-Jul-2015,16:00,Gujarat,Ankleshwar,GIDC, Ankleshwar - GPCB,,,,,,,,,,,,,,,,,,,,,,,,,,,,,,,,,,,,,,,
22-Jul-2015,16:00,22-Jul-2015,16:15,Gujarat,Ankleshwar,GIDC, Ankleshwar - GPCB,,,,,,,,,,,,,,,,,,,,,,,,,,,,,,,,,,,,,,,
22-Jul-2015,16:15,22-Jul-2015,16:30,Gujarat,Ankleshwar,GIDC, Ankleshwar - GPCB,,,,,,,,,,,,,,,,,,,,,,,,,,,,,,,,,,,,,,,
22-Jul-2015,16:30,22-Jul-2015,16:45,Gujarat,Ankleshwar,GIDC, Ankleshwar - GPCB,,,,,,,,,,,,,,,,,,,,,,,,,,,,,,,,,,,,,,,
22-Jul-2015,16:45,22-Jul-2015,17:00,Gujarat,Ankleshwar,GIDC, Ankleshwar - GPCB,,,,,,,,,,,,,,,,,,,,,,,,,,,,,,,,,,,,,,,
22-Jul-2015,17:00,22-Jul-2015,17:15,Gujarat,Ankleshwar,GIDC, Ankleshwar - GPCB,,,,,,,,,,,,,,,,,,,,,,,,,,,,,,,,,,,,,,,
22-Jul-2015,17:15,22-Jul-2015,17:30,Gujarat,Ankleshwar,GIDC, Ankleshwar - GPCB,,,,,,,,,,,,,,,,,,,,,,,,,,,,,,,,,,,,,,,
22-Jul-2015,17:30,22-Jul-2015,17:45,Gujarat,Ankleshwar,GIDC, Ankleshwar - GPCB,,,,,,,,,,,,,,,,,,,,,,,,,,,,,,,,,,,,,,,
22-Jul-2015,17:45,22-Jul-2015,18:00,Gujarat,Ankleshwar,GIDC, Ankleshwar - GPCB,,,,,,,,,,,,,,,,,,,,,,,,,,,,,,,,,,,,,,,
22-Jul-2015,18:00,22-Jul-2015,18:15,Gujarat,Ankleshwar,GIDC, Ankleshwar - GPCB,,,,,,,,,,,,,,,,,,,,,,,,,,,,,,,,,,,,,,,
22-Jul-2015,18:15,22-Jul-2015,18:30,Gujarat,Ankleshwar,GIDC, Ankleshwar - GPCB,,,,,,,,,,,,,,,,,,,,,,,,,,,,,,,,,,,,,,,
22-Jul-2015,18:30,22-Jul-2015,18:45,Gujarat,Ankleshwar,GIDC, Ankleshwar - GPCB,,,,,,,,,,,,,,,,,,,,,,,,,,,,,,,,,,,,,,,
22-Jul-2015,18:45,22-Jul-2015,19:00,Gujarat,Ankleshwar,GIDC, Ankleshwar - GPCB,,,,,,,,,,,,,,,,,,,,,,,,,,,,,,,,,,,,,,,
22-Jul-2015,19:00,22-Jul-2015,19:15,Gujarat,Ankleshwar,GIDC, Ankleshwar - GPCB,,,,,,,,,,,,,,,,,,,,,,,,,,,,,,,,,,,,,,,
22-Jul-2015,19:15,22-Jul-2015,19:30,Gujarat,Ankleshwar,GIDC, Ankleshwar - GPCB,,,,,,,,,,,,,,,,,,,,,,,,,,,,,,,,,,,,,,,
22-Jul-2015,19:30,22-Jul-2015,19:45,Gujarat,Ankleshwar,GIDC, Ankleshwar - GPCB,,,,,,,,,,,,,,,,,,,,,,,,,,,,,,,,,,,,,,,
22-Jul-2015,19:45,22-Jul-2015,20:00,Gujarat,Ankleshwar,GIDC, Ankleshwar - GPCB,,,,,,,,,,,,,,,,,,,,,,,,,,,,,,,,,,,,,,,
22-Jul-2015,20:00,22-Jul-2015,20:15,Gujarat,Ankleshwar,GIDC, Ankleshwar - GPCB,,,,,,,,,,,,,,,,,,,,,,,,,,,,,,,,,,,,,,,
22-Jul-2015,20:15,22-Jul-2015,20:30,Gujarat,Ankleshwar,GIDC, Ankleshwar - GPCB,,,,,,,,,,,,,,,,,,,,,,,,,,,,,,,,,,,,,,,
22-Jul-2015,20:30,22-Jul-2015,20:45,Gujarat,Ankleshwar,GIDC, Ankleshwar - GPCB,,,,,,,,,,,,,,,,,,,,,,,,,,,,,,,,,,,,,,,
22-Jul-2015,20:45,22-Jul-2015,21:00,Gujarat,Ankleshwar,GIDC, Ankleshwar - GPCB,,,,,,,,,,,,,,,,,,,,,,,,,,,,,,,,,,,,,,,
22-Jul-2015,21:00,22-Jul-2015,21:15,Gujarat,Ankleshwar,GIDC, Ankleshwar - GPCB,,,,,,,,,,,,,,,,,,,,,,,,,,,,,,,,,,,,,,,
22-Jul-2015,21:15,22-Jul-2015,21:30,Gujarat,Ankleshwar,GIDC, Ankleshwar - GPCB,,,,,,,,,,,,,,,,,,,,,,,,,,,,,,,,,,,,,,,
22-Jul-2015,21:30,22-Jul-2015,21:45,Gujarat,Ankleshwar,GIDC, Ankleshwar - GPCB,,,,,,,,,,,,,,,,,,,,,,,,,,,,,,,,,,,,,,,
22-Jul-2015,21:45,22-Jul-2015,22:00,Gujarat,Ankleshwar,GIDC, Ankleshwar - GPCB,,,,,,,,,,,,,,,,,,,,,,,,,,,,,,,,,,,,,,,
22-Jul-2015,22:00,22-Jul-2015,22:15,Gujarat,Ankleshwar,GIDC, Ankleshwar - GPCB,,,,,,,,,,,,,,,,,,,,,,,,,,,,,,,,,,,,,,,
22-Jul-2015,22:15,22-Jul-2015,22:30,Gujarat,Ankleshwar,GIDC, Ankleshwar - GPCB,,,,,,,,,,,,,,,,,,,,,,,,,,,,,,,,,,,,,,,
22-Jul-2015,22:30,22-Jul-2015,22:45,Gujarat,Ankleshwar,GIDC, Ankleshwar - GPCB,,,,,,,,,,,,,,,,,,,,,,,,,,,,,,,,,,,,,,,
22-Jul-2015,22:45,22-Jul-2015,23:00,Gujarat,Ankleshwar,GIDC, Ankleshwar - GPCB,,,,,,,,,,,,,,,,,,,,,,,,,,,,,,,,,,,,,,,
22-Jul-2015,23:00,22-Jul-2015,23:15,Gujarat,Ankleshwar,GIDC, Ankleshwar - GPCB,,,,,,,,,,,,,,,,,,,,,,,,,,,,,,,,,,,,,,,
22-Jul-2015,23:15,22-Jul-2015,23:30,Gujarat,Ankleshwar,GIDC, Ankleshwar - GPCB,,,,,,,,,,,,,,,,,,,,,,,,,,,,,,,,,,,,,,,
22-Jul-2015,23:30,22-Jul-2015,23:45,Gujarat,Ankleshwar,GIDC, Ankleshwar - GPCB,,,,,,,,,,,,,,,,,,,,,,,,,,,,,,,,,,,,,,,
22-Jul-2015,23:45,23-Jul-2015,00:00,Gujarat,Ankleshwar,GIDC, Ankleshwar - GPCB,,,,,,,,,,,,,,,,,,,,,,,,,,,,,,,,,,,,,,,
23-Jul-2015,00:00,23-Jul-2015,00:15,Gujarat,Ankleshwar,GIDC, Ankleshwar - GPCB,,,,,,,,,,,,,,,,,,,,,,,,,,,,,,,,,,,,,,,
23-Jul-2015,00:15,23-Jul-2015,00:30,Gujarat,Ankleshwar,GIDC, Ankleshwar - GPCB,,,,,,,,,,,,,,,,,,,,,,,,,,,,,,,,,,,,,,,
23-Jul-2015,00:30,23-Jul-2015,00:45,Gujarat,Ankleshwar,GIDC, Ankleshwar - GPCB,,,,,,,,,,,,,,,,,,,,,,,,,,,,,,,,,,,,,,,
23-Jul-2015,00:45,23-Jul-2015,01:00,Gujarat,Ankleshwar,GIDC, Ankleshwar - GPCB,,,,,,,,,,,,,,,,,,,,,,,,,,,,,,,,,,,,,,,
23-Jul-2015,01:00,23-Jul-2015,01:15,Gujarat,Ankleshwar,GIDC, Ankleshwar - GPCB,,,,,,,,,,,,,,,,,,,,,,,,,,,,,,,,,,,,,,,
23-Jul-2015,01:15,23-Jul-2015,01:30,Gujarat,Ankleshwar,GIDC, Ankleshwar - GPCB,,,,,,,,,,,,,,,,,,,,,,,,,,,,,,,,,,,,,,,
23-Jul-2015,01:30,23-Jul-2015,01:45,Gujarat,Ankleshwar,GIDC, Ankleshwar - GPCB,,,,,,,,,,,,,,,,,,,,,,,,,,,,,,,,,,,,,,,
23-Jul-2015,01:45,23-Jul-2015,02:00,Gujarat,Ankleshwar,GIDC, Ankleshwar - GPCB,,,,,,,,,,,,,,,,,,,,,,,,,,,,,,,,,,,,,,,
23-Jul-2015,02:00,23-Jul-2015,02:15,Gujarat,Ankleshwar,GIDC, Ankleshwar - GPCB,,,,,,,,,,,,,,,,,,,,,,,,,,,,,,,,,,,,,,,
23-Jul-2015,02:15,23-Jul-2015,02:30,Gujarat,Ankleshwar,GIDC, Ankleshwar - GPCB,,,,,,,,,,,,,,,,,,,,,,,,,,,,,,,,,,,,,,,
23-Jul-2015,02:30,23-Jul-2015,02:45,Gujarat,Ankleshwar,GIDC, Ankleshwar - GPCB,,,,,,,,,,,,,,,,,,,,,,,,,,,,,,,,,,,,,,,
23-Jul-2015,02:45,23-Jul-2015,03:00,Gujarat,Ankleshwar,GIDC, Ankleshwar - GPCB,,,,,,,,,,,,,,,,,,,,,,,,,,,,,,,,,,,,,,,
23-Jul-2015,03:00,23-Jul-2015,03:15,Gujarat,Ankleshwar,GIDC, Ankleshwar - GPCB,,,,,,,,,,,,,,,,,,,,,,,,,,,,,,,,,,,,,,,
23-Jul-2015,03:15,23-Jul-2015,03:30,Gujarat,Ankleshwar,GIDC, Ankleshwar - GPCB,,,,,,,,,,,,,,,,,,,,,,,,,,,,,,,,,,,,,,,
23-Jul-2015,03:30,23-Jul-2015,03:45,Gujarat,Ankleshwar,GIDC, Ankleshwar - GPCB,,,,,,,,,,,,,,,,,,,,,,,,,,,,,,,,,,,,,,,
23-Jul-2015,03:45,23-Jul-2015,04:00,Gujarat,Ankleshwar,GIDC, Ankleshwar - GPCB,,,,,,,,,,,,,,,,,,,,,,,,,,,,,,,,,,,,,,,
23-Jul-2015,04:00,23-Jul-2015,04:15,Gujarat,Ankleshwar,GIDC, Ankleshwar - GPCB,,,,,,,,,,,,,,,,,,,,,,,,,,,,,,,,,,,,,,,
23-Jul-2015,04:15,23-Jul-2015,04:30,Gujarat,Ankleshwar,GIDC, Ankleshwar - GPCB,,,,,,,,,,,,,,,,,,,,,,,,,,,,,,,,,,,,,,,
23-Jul-2015,04:30,23-Jul-2015,04:45,Gujarat,Ankleshwar,GIDC, Ankleshwar - GPCB,,,,,,,,,,,,,,,,,,,,,,,,,,,,,,,,,,,,,,,
23-Jul-2015,04:45,23-Jul-2015,05:00,Gujarat,Ankleshwar,GIDC, Ankleshwar - GPCB,,,,,,,,,,,,,,,,,,,,,,,,,,,,,,,,,,,,,,,
23-Jul-2015,05:00,23-Jul-2015,05:15,Gujarat,Ankleshwar,GIDC, Ankleshwar - GPCB,,,,,,,,,,,,,,,,,,,,,,,,,,,,,,,,,,,,,,,
23-Jul-2015,05:15,23-Jul-2015,05:30,Gujarat,Ankleshwar,GIDC, Ankleshwar - GPCB,,,,,,,,,,,,,,,,,,,,,,,,,,,,,,,,,,,,,,,
23-Jul-2015,05:30,23-Jul-2015,05:45,Gujarat,Ankleshwar,GIDC, Ankleshwar - GPCB,,,,,,,,,,,,,,,,,,,,,,,,,,,,,,,,,,,,,,,
23-Jul-2015,05:45,23-Jul-2015,06:00,Gujarat,Ankleshwar,GIDC, Ankleshwar - GPCB,,,,,,,,,,,,,,,,,,,,,,,,,,,,,,,,,,,,,,,
23-Jul-2015,06:00,23-Jul-2015,06:15,Gujarat,Ankleshwar,GIDC, Ankleshwar - GPCB,,,,,,,,,,,,,,,,,,,,,,,,,,,,,,,,,,,,,,,
23-Jul-2015,06:15,23-Jul-2015,06:30,Gujarat,Ankleshwar,GIDC, Ankleshwar - GPCB,,,,,,,,,,,,,,,,,,,,,,,,,,,,,,,,,,,,,,,
23-Jul-2015,06:30,23-Jul-2015,06:45,Gujarat,Ankleshwar,GIDC, Ankleshwar - GPCB,,,,,,,,,,,,,,,,,,,,,,,,,,,,,,,,,,,,,,,
23-Jul-2015,06:45,23-Jul-2015,07:00,Gujarat,Ankleshwar,GIDC, Ankleshwar - GPCB,,,,,,,,,,,,,,,,,,,,,,,,,,,,,,,,,,,,,,,
23-Jul-2015,07:00,23-Jul-2015,07:15,Gujarat,Ankleshwar,GIDC, Ankleshwar - GPCB,,,,,,,,,,,,,,,,,,,,,,,,,,,,,,,,,,,,,,,
23-Jul-2015,07:15,23-Jul-2015,07:30,Gujarat,Ankleshwar,GIDC, Ankleshwar - GPCB,,,,,,,,,,,,,,,,,,,,,,,,,,,,,,,,,,,,,,,
23-Jul-2015,07:30,23-Jul-2015,07:45,Gujarat,Ankleshwar,GIDC, Ankleshwar - GPCB,,,,,,,,,,,,,,,,,,,,,,,,,,,,,,,,,,,,,,,
23-Jul-2015,07:45,23-Jul-2015,08:00,Gujarat,Ankleshwar,GIDC, Ankleshwar - GPCB,,,,,,,,,,,,,,,,,,,,,,,,,,,,,,,,,,,,,,,
23-Jul-2015,08:00,23-Jul-2015,08:15,Gujarat,Ankleshwar,GIDC, Ankleshwar - GPCB,,,,,,,,,,,,,,,,,,,,,,,,,,,,,,,,,,,,,,,
23-Jul-2015,08:15,23-Jul-2015,08:30,Gujarat,Ankleshwar,GIDC, Ankleshwar - GPCB,,,,,,,,,,,,,,,,,,,,,,,,,,,,,,,,,,,,,,,
23-Jul-2015,08:30,23-Jul-2015,08:45,Gujarat,Ankleshwar,GIDC, Ankleshwar - GPCB,,,,,,,,,,,,,,,,,,,,,,,,,,,,,,,,,,,,,,,
23-Jul-2015,08:45,23-Jul-2015,09:00,Gujarat,Ankleshwar,GIDC, Ankleshwar - GPCB,,,,,,,,,,,,,,,,,,,,,,,,,,,,,,,,,,,,,,,
23-Jul-2015,09:00,23-Jul-2015,09:15,Gujarat,Ankleshwar,GIDC, Ankleshwar - GPCB,,,,,,,,,,,,,,,,,,,,,,,,,,,,,,,,,,,,,,,
23-Jul-2015,09:15,23-Jul-2015,09:30,Gujarat,Ankleshwar,GIDC, Ankleshwar - GPCB,,,,,,,,,,,,,,,,,,,,,,,,,,,,,,,,,,,,,,,
23-Jul-2015,09:30,23-Jul-2015,09:45,Gujarat,Ankleshwar,GIDC, Ankleshwar - GPCB,,,,,,,,,,,,,,,,,,,,,,,,,,,,,,,,,,,,,,,
23-Jul-2015,09:45,23-Jul-2015,10:00,Gujarat,Ankleshwar,GIDC, Ankleshwar - GPCB,,,,,,,,,,,,,,,,,,,,,,,,,,,,,,,,,,,,,,,
23-Jul-2015,10:00,23-Jul-2015,10:15,Gujarat,Ankleshwar,GIDC, Ankleshwar - GPCB,,,,,,,,,,,,,,,,,,,,,,,,,,,,,,,,,,,,,,,
23-Jul-2015,10:15,23-Jul-2015,10:30,Gujarat,Ankleshwar,GIDC, Ankleshwar - GPCB,,,,,,,,,,,,,,,,,,,,,,,,,,,,,,,,,,,,,,,
23-Jul-2015,10:30,23-Jul-2015,10:45,Gujarat,Ankleshwar,GIDC, Ankleshwar - GPCB,,,,,,,,,,,,,,,,,,,,,,,,,,,,,,,,,,,,,,,
23-Jul-2015,10:45,23-Jul-2015,11:00,Gujarat,Ankleshwar,GIDC, Ankleshwar - GPCB,,,,,,,,,,,,,,,,,,,,,,,,,,,,,,,,,,,,,,,
23-Jul-2015,11:00,23-Jul-2015,11:15,Gujarat,Ankleshwar,GIDC, Ankleshwar - GPCB,,,,,,,,,,,,,,,,,,,,,,,,,,,,,,,,,,,,,,,
23-Jul-2015,11:15,23-Jul-2015,11:30,Gujarat,Ankleshwar,GIDC, Ankleshwar - GPCB,,,,,,,,,,,,,,,,,,,,,,,,,,,,,,,,,,,,,,,
23-Jul-2015,11:30,23-Jul-2015,11:45,Gujarat,Ankleshwar,GIDC, Ankleshwar - GPCB,,,,,,,,,,,,,,,,,,,,,,,,,,,,,,,,,,,,,,,
23-Jul-2015,11:45,23-Jul-2015,12:00,Gujarat,Ankleshwar,GIDC, Ankleshwar - GPCB,,,,,,,,,,,,,,,,,,,,,,,,,,,,,,,,,,,,,,,
23-Jul-2015,12:00,23-Jul-2015,12:15,Gujarat,Ankleshwar,GIDC, Ankleshwar - GPCB,,,,,,,,,,,,,,,,,,,,,,,,,,,,,,,,,,,,,,,
23-Jul-2015,12:15,23-Jul-2015,12:30,Gujarat,Ankleshwar,GIDC, Ankleshwar - GPCB,,,,,,,,,,,,,,,,,,,,,,,,,,,,,,,,,,,,,,,
23-Jul-2015,12:30,23-Jul-2015,12:45,Gujarat,Ankleshwar,GIDC, Ankleshwar - GPCB,,,,,,,,,,,,,,,,,,,,,,,,,,,,,,,,,,,,,,,
23-Jul-2015,12:45,23-Jul-2015,13:00,Gujarat,Ankleshwar,GIDC, Ankleshwar - GPCB,,,,,,,,,,,,,,,,,,,,,,,,,,,,,,,,,,,,,,,
23-Jul-2015,13:00,23-Jul-2015,13:15,Gujarat,Ankleshwar,GIDC, Ankleshwar - GPCB,,,,,,,,,,,,,,,,,,,,,,,,,,,,,,,,,,,,,,,
23-Jul-2015,13:15,23-Jul-2015,13:30,Gujarat,Ankleshwar,GIDC, Ankleshwar - GPCB,,,,,,,,,,,,,,,,,,,,,,,,,,,,,,,,,,,,,,,
23-Jul-2015,13:30,23-Jul-2015,13:45,Gujarat,Ankleshwar,GIDC, Ankleshwar - GPCB,,,,,,,,,,,,,,,,,,,,,,,,,,,,,,,,,,,,,,,
23-Jul-2015,13:45,23-Jul-2015,14:00,Gujarat,Ankleshwar,GIDC, Ankleshwar - GPCB,,,,,,,,,,,,,,,,,,,,,,,,,,,,,,,,,,,,,,,
23-Jul-2015,14:00,23-Jul-2015,14:15,Gujarat,Ankleshwar,GIDC, Ankleshwar - GPCB,,,,,,,,,,,,,,,,,,,,,,,,,,,,,,,,,,,,,,,
23-Jul-2015,14:15,23-Jul-2015,14:30,Gujarat,Ankleshwar,GIDC, Ankleshwar - GPCB,,,,,,,,,,,,,,,,,,,,,,,,,,,,,,,,,,,,,,,
23-Jul-2015,14:30,23-Jul-2015,14:45,Gujarat,Ankleshwar,GIDC, Ankleshwar - GPCB,,,,,,,,,,,,,,,,,,,,,,,,,,,,,,,,,,,,,,,
23-Jul-2015,14:45,23-Jul-2015,15:00,Gujarat,Ankleshwar,GIDC, Ankleshwar - GPCB,,,,,,,,,,,,,,,,,,,,,,,,,,,,,,,,,,,,,,,
23-Jul-2015,15:00,23-Jul-2015,15:15,Gujarat,Ankleshwar,GIDC, Ankleshwar - GPCB,,,,,,,,,,,,,,,,,,,,,,,,,,,,,,,,,,,,,,,
23-Jul-2015,15:15,23-Jul-2015,15:30,Gujarat,Ankleshwar,GIDC, Ankleshwar - GPCB,,,,,,,,,,,,,,,,,,,,,,,,,,,,,,,,,,,,,,,
23-Jul-2015,15:30,23-Jul-2015,15:45,Gujarat,Ankleshwar,GIDC, Ankleshwar - GPCB,,,,,,,,,,,,,,,,,,,,,,,,,,,,,,,,,,,,,,,
23-Jul-2015,15:45,23-Jul-2015,16:00,Gujarat,Ankleshwar,GIDC, Ankleshwar - GPCB,,,,,,,,,,,,,,,,,,,,,,,,,,,,,,,,,,,,,,,
23-Jul-2015,16:00,23-Jul-2015,16:15,Gujarat,Ankleshwar,GIDC, Ankleshwar - GPCB,,,,,,,,,,,,,,,,,,,,,,,,,,,,,,,,,,,,,,,
23-Jul-2015,16:15,23-Jul-2015,16:30,Gujarat,Ankleshwar,GIDC, Ankleshwar - GPCB,,,,,,,,,,,,,,,,,,,,,,,,,,,,,,,,,,,,,,,
23-Jul-2015,16:30,23-Jul-2015,16:45,Gujarat,Ankleshwar,GIDC, Ankleshwar - GPCB,,,,,,,,,,,,,,,,,,,,,,,,,,,,,,,,,,,,,,,
23-Jul-2015,16:45,23-Jul-2015,17:00,Gujarat,Ankleshwar,GIDC, Ankleshwar - GPCB,,,,,,,,,,,,,,,,,,,,,,,,,,,,,,,,,,,,,,,
23-Jul-2015,17:00,23-Jul-2015,17:15,Gujarat,Ankleshwar,GIDC, Ankleshwar - GPCB,,,,,,,,,,,,,,,,,,,,,,,,,,,,,,,,,,,,,,,
23-Jul-2015,17:15,23-Jul-2015,17:30,Gujarat,Ankleshwar,GIDC, Ankleshwar - GPCB,,,,,,,,,,,,,,,,,,,,,,,,,,,,,,,,,,,,,,,
23-Jul-2015,17:30,23-Jul-2015,17:45,Gujarat,Ankleshwar,GIDC, Ankleshwar - GPCB,,,,,,,,,,,,,,,,,,,,,,,,,,,,,,,,,,,,,,,
23-Jul-2015,17:45,23-Jul-2015,18:00,Gujarat,Ankleshwar,GIDC, Ankleshwar - GPCB,,,,,,,,,,,,,,,,,,,,,,,,,,,,,,,,,,,,,,,
23-Jul-2015,18:00,23-Jul-2015,18:15,Gujarat,Ankleshwar,GIDC, Ankleshwar - GPCB,,,,,,,,,,,,,,,,,,,,,,,,,,,,,,,,,,,,,,,
23-Jul-2015,18:15,23-Jul-2015,18:30,Gujarat,Ankleshwar,GIDC, Ankleshwar - GPCB,,,,,,,,,,,,,,,,,,,,,,,,,,,,,,,,,,,,,,,
23-Jul-2015,18:30,23-Jul-2015,18:45,Gujarat,Ankleshwar,GIDC, Ankleshwar - GPCB,,,,,,,,,,,,,,,,,,,,,,,,,,,,,,,,,,,,,,,
23-Jul-2015,18:45,23-Jul-2015,19:00,Gujarat,Ankleshwar,GIDC, Ankleshwar - GPCB,,,,,,,,,,,,,,,,,,,,,,,,,,,,,,,,,,,,,,,
23-Jul-2015,19:00,23-Jul-2015,19:15,Gujarat,Ankleshwar,GIDC, Ankleshwar - GPCB,,,,,,,,,,,,,,,,,,,,,,,,,,,,,,,,,,,,,,,
23-Jul-2015,19:15,23-Jul-2015,19:30,Gujarat,Ankleshwar,GIDC, Ankleshwar - GPCB,,,,,,,,,,,,,,,,,,,,,,,,,,,,,,,,,,,,,,,
23-Jul-2015,19:30,23-Jul-2015,19:45,Gujarat,Ankleshwar,GIDC, Ankleshwar - GPCB,,,,,,,,,,,,,,,,,,,,,,,,,,,,,,,,,,,,,,,
23-Jul-2015,19:45,23-Jul-2015,20:00,Gujarat,Ankleshwar,GIDC, Ankleshwar - GPCB,,,,,,,,,,,,,,,,,,,,,,,,,,,,,,,,,,,,,,,
23-Jul-2015,20:00,23-Jul-2015,20:15,Gujarat,Ankleshwar,GIDC, Ankleshwar - GPCB,,,,,,,,,,,,,,,,,,,,,,,,,,,,,,,,,,,,,,,
23-Jul-2015,20:15,23-Jul-2015,20:30,Gujarat,Ankleshwar,GIDC, Ankleshwar - GPCB,,,,,,,,,,,,,,,,,,,,,,,,,,,,,,,,,,,,,,,
23-Jul-2015,20:30,23-Jul-2015,20:45,Gujarat,Ankleshwar,GIDC, Ankleshwar - GPCB,,,,,,,,,,,,,,,,,,,,,,,,,,,,,,,,,,,,,,,
23-Jul-2015,20:45,23-Jul-2015,21:00,Gujarat,Ankleshwar,GIDC, Ankleshwar - GPCB,,,,,,,,,,,,,,,,,,,,,,,,,,,,,,,,,,,,,,,
23-Jul-2015,21:00,23-Jul-2015,21:15,Gujarat,Ankleshwar,GIDC, Ankleshwar - GPCB,,,,,,,,,,,,,,,,,,,,,,,,,,,,,,,,,,,,,,,
23-Jul-2015,21:15,23-Jul-2015,21:30,Gujarat,Ankleshwar,GIDC, Ankleshwar - GPCB,,,,,,,,,,,,,,,,,,,,,,,,,,,,,,,,,,,,,,,
23-Jul-2015,21:30,23-Jul-2015,21:45,Gujarat,Ankleshwar,GIDC, Ankleshwar - GPCB,,,,,,,,,,,,,,,,,,,,,,,,,,,,,,,,,,,,,,,
23-Jul-2015,21:45,23-Jul-2015,22:00,Gujarat,Ankleshwar,GIDC, Ankleshwar - GPCB,,,,,,,,,,,,,,,,,,,,,,,,,,,,,,,,,,,,,,,
23-Jul-2015,22:00,23-Jul-2015,22:15,Gujarat,Ankleshwar,GIDC, Ankleshwar - GPCB,,,,,,,,,,,,,,,,,,,,,,,,,,,,,,,,,,,,,,,
23-Jul-2015,22:15,23-Jul-2015,22:30,Gujarat,Ankleshwar,GIDC, Ankleshwar - GPCB,,,,,,,,,,,,,,,,,,,,,,,,,,,,,,,,,,,,,,,
23-Jul-2015,22:30,23-Jul-2015,22:45,Gujarat,Ankleshwar,GIDC, Ankleshwar - GPCB,,,,,,,,,,,,,,,,,,,,,,,,,,,,,,,,,,,,,,,
23-Jul-2015,22:45,23-Jul-2015,23:00,Gujarat,Ankleshwar,GIDC, Ankleshwar - GPCB,,,,,,,,,,,,,,,,,,,,,,,,,,,,,,,,,,,,,,,
23-Jul-2015,23:00,23-Jul-2015,23:15,Gujarat,Ankleshwar,GIDC, Ankleshwar - GPCB,,,,,,,,,,,,,,,,,,,,,,,,,,,,,,,,,,,,,,,
23-Jul-2015,23:15,23-Jul-2015,23:30,Gujarat,Ankleshwar,GIDC, Ankleshwar - GPCB,,,,,,,,,,,,,,,,,,,,,,,,,,,,,,,,,,,,,,,
23-Jul-2015,23:30,23-Jul-2015,23:45,Gujarat,Ankleshwar,GIDC, Ankleshwar - GPCB,,,,,,,,,,,,,,,,,,,,,,,,,,,,,,,,,,,,,,,
23-Jul-2015,23:45,24-Jul-2015,00:00,Gujarat,Ankleshwar,GIDC, Ankleshwar - GPCB,,,,,,,,,,,,,,,,,,,,,,,,,,,,,,,,,,,,,,,
24-Jul-2015,00:00,24-Jul-2015,00:15,Gujarat,Ankleshwar,GIDC, Ankleshwar - GPCB,,,,,,,,,,,,,,,,,,,,,,,,,,,,,,,,,,,,,,,
24-Jul-2015,00:15,24-Jul-2015,00:30,Gujarat,Ankleshwar,GIDC, Ankleshwar - GPCB,,,,,,,,,,,,,,,,,,,,,,,,,,,,,,,,,,,,,,,
24-Jul-2015,00:30,24-Jul-2015,00:45,Gujarat,Ankleshwar,GIDC, Ankleshwar - GPCB,,,,,,,,,,,,,,,,,,,,,,,,,,,,,,,,,,,,,,,
24-Jul-2015,00:45,24-Jul-2015,01:00,Gujarat,Ankleshwar,GIDC, Ankleshwar - GPCB,,,,,,,,,,,,,,,,,,,,,,,,,,,,,,,,,,,,,,,
24-Jul-2015,01:00,24-Jul-2015,01:15,Gujarat,Ankleshwar,GIDC, Ankleshwar - GPCB,,,,,,,,,,,,,,,,,,,,,,,,,,,,,,,,,,,,,,,
24-Jul-2015,01:15,24-Jul-2015,01:30,Gujarat,Ankleshwar,GIDC, Ankleshwar - GPCB,,,,,,,,,,,,,,,,,,,,,,,,,,,,,,,,,,,,,,,
24-Jul-2015,01:30,24-Jul-2015,01:45,Gujarat,Ankleshwar,GIDC, Ankleshwar - GPCB,,,,,,,,,,,,,,,,,,,,,,,,,,,,,,,,,,,,,,,
24-Jul-2015,01:45,24-Jul-2015,02:00,Gujarat,Ankleshwar,GIDC, Ankleshwar - GPCB,,,,,,,,,,,,,,,,,,,,,,,,,,,,,,,,,,,,,,,
24-Jul-2015,02:00,24-Jul-2015,02:15,Gujarat,Ankleshwar,GIDC, Ankleshwar - GPCB,,,,,,,,,,,,,,,,,,,,,,,,,,,,,,,,,,,,,,,
24-Jul-2015,02:15,24-Jul-2015,02:30,Gujarat,Ankleshwar,GIDC, Ankleshwar - GPCB,,,,,,,,,,,,,,,,,,,,,,,,,,,,,,,,,,,,,,,
24-Jul-2015,02:30,24-Jul-2015,02:45,Gujarat,Ankleshwar,GIDC, Ankleshwar - GPCB,,,,,,,,,,,,,,,,,,,,,,,,,,,,,,,,,,,,,,,
24-Jul-2015,02:45,24-Jul-2015,03:00,Gujarat,Ankleshwar,GIDC, Ankleshwar - GPCB,,,,,,,,,,,,,,,,,,,,,,,,,,,,,,,,,,,,,,,
24-Jul-2015,03:00,24-Jul-2015,03:15,Gujarat,Ankleshwar,GIDC, Ankleshwar - GPCB,,,,,,,,,,,,,,,,,,,,,,,,,,,,,,,,,,,,,,,
24-Jul-2015,03:15,24-Jul-2015,03:30,Gujarat,Ankleshwar,GIDC, Ankleshwar - GPCB,,,,,,,,,,,,,,,,,,,,,,,,,,,,,,,,,,,,,,,
24-Jul-2015,03:30,24-Jul-2015,03:45,Gujarat,Ankleshwar,GIDC, Ankleshwar - GPCB,,,,,,,,,,,,,,,,,,,,,,,,,,,,,,,,,,,,,,,
24-Jul-2015,03:45,24-Jul-2015,04:00,Gujarat,Ankleshwar,GIDC, Ankleshwar - GPCB,,,,,,,,,,,,,,,,,,,,,,,,,,,,,,,,,,,,,,,
24-Jul-2015,04:00,24-Jul-2015,04:15,Gujarat,Ankleshwar,GIDC, Ankleshwar - GPCB,,,,,,,,,,,,,,,,,,,,,,,,,,,,,,,,,,,,,,,
24-Jul-2015,04:15,24-Jul-2015,04:30,Gujarat,Ankleshwar,GIDC, Ankleshwar - GPCB,,,,,,,,,,,,,,,,,,,,,,,,,,,,,,,,,,,,,,,
24-Jul-2015,04:30,24-Jul-2015,04:45,Gujarat,Ankleshwar,GIDC, Ankleshwar - GPCB,,,,,,,,,,,,,,,,,,,,,,,,,,,,,,,,,,,,,,,
24-Jul-2015,04:45,24-Jul-2015,05:00,Gujarat,Ankleshwar,GIDC, Ankleshwar - GPCB,,,,,,,,,,,,,,,,,,,,,,,,,,,,,,,,,,,,,,,
24-Jul-2015,05:00,24-Jul-2015,05:15,Gujarat,Ankleshwar,GIDC, Ankleshwar - GPCB,,,,,,,,,,,,,,,,,,,,,,,,,,,,,,,,,,,,,,,
24-Jul-2015,05:15,24-Jul-2015,05:30,Gujarat,Ankleshwar,GIDC, Ankleshwar - GPCB,,,,,,,,,,,,,,,,,,,,,,,,,,,,,,,,,,,,,,,
24-Jul-2015,05:30,24-Jul-2015,05:45,Gujarat,Ankleshwar,GIDC, Ankleshwar - GPCB,,,,,,,,,,,,,,,,,,,,,,,,,,,,,,,,,,,,,,,
24-Jul-2015,05:45,24-Jul-2015,06:00,Gujarat,Ankleshwar,GIDC, Ankleshwar - GPCB,,,,,,,,,,,,,,,,,,,,,,,,,,,,,,,,,,,,,,,
24-Jul-2015,06:00,24-Jul-2015,06:15,Gujarat,Ankleshwar,GIDC, Ankleshwar - GPCB,,,,,,,,,,,,,,,,,,,,,,,,,,,,,,,,,,,,,,,
24-Jul-2015,06:15,24-Jul-2015,06:30,Gujarat,Ankleshwar,GIDC, Ankleshwar - GPCB,,,,,,,,,,,,,,,,,,,,,,,,,,,,,,,,,,,,,,,
24-Jul-2015,06:30,24-Jul-2015,06:45,Gujarat,Ankleshwar,GIDC, Ankleshwar - GPCB,,,,,,,,,,,,,,,,,,,,,,,,,,,,,,,,,,,,,,,
24-Jul-2015,06:45,24-Jul-2015,07:00,Gujarat,Ankleshwar,GIDC, Ankleshwar - GPCB,,,,,,,,,,,,,,,,,,,,,,,,,,,,,,,,,,,,,,,
24-Jul-2015,07:00,24-Jul-2015,07:15,Gujarat,Ankleshwar,GIDC, Ankleshwar - GPCB,,,,,,,,,,,,,,,,,,,,,,,,,,,,,,,,,,,,,,,
24-Jul-2015,07:15,24-Jul-2015,07:30,Gujarat,Ankleshwar,GIDC, Ankleshwar - GPCB,,,,,,,,,,,,,,,,,,,,,,,,,,,,,,,,,,,,,,,
24-Jul-2015,07:30,24-Jul-2015,07:45,Gujarat,Ankleshwar,GIDC, Ankleshwar - GPCB,,,,,,,,,,,,,,,,,,,,,,,,,,,,,,,,,,,,,,,
24-Jul-2015,07:45,24-Jul-2015,08:00,Gujarat,Ankleshwar,GIDC, Ankleshwar - GPCB,,,,,,,,,,,,,,,,,,,,,,,,,,,,,,,,,,,,,,,
24-Jul-2015,08:00,24-Jul-2015,08:15,Gujarat,Ankleshwar,GIDC, Ankleshwar - GPCB,,,,,,,,,,,,,,,,,,,,,,,,,,,,,,,,,,,,,,,
24-Jul-2015,08:15,24-Jul-2015,08:30,Gujarat,Ankleshwar,GIDC, Ankleshwar - GPCB,,,,,,,,,,,,,,,,,,,,,,,,,,,,,,,,,,,,,,,
24-Jul-2015,08:30,24-Jul-2015,08:45,Gujarat,Ankleshwar,GIDC, Ankleshwar - GPCB,,,,,,,,,,,,,,,,,,,,,,,,,,,,,,,,,,,,,,,
24-Jul-2015,08:45,24-Jul-2015,09:00,Gujarat,Ankleshwar,GIDC, Ankleshwar - GPCB,,,,,,,,,,,,,,,,,,,,,,,,,,,,,,,,,,,,,,,
24-Jul-2015,09:00,24-Jul-2015,09:15,Gujarat,Ankleshwar,GIDC, Ankleshwar - GPCB,,,,,,,,,,,,,,,,,,,,,,,,,,,,,,,,,,,,,,,
24-Jul-2015,09:15,24-Jul-2015,09:30,Gujarat,Ankleshwar,GIDC, Ankleshwar - GPCB,,,,,,,,,,,,,,,,,,,,,,,,,,,,,,,,,,,,,,,
24-Jul-2015,09:30,24-Jul-2015,09:45,Gujarat,Ankleshwar,GIDC, Ankleshwar - GPCB,,,,,,,,,,,,,,,,,,,,,,,,,,,,,,,,,,,,,,,
24-Jul-2015,09:45,24-Jul-2015,10:00,Gujarat,Ankleshwar,GIDC, Ankleshwar - GPCB,,,,,,,,,,,,,,,,,,,,,,,,,,,,,,,,,,,,,,,
24-Jul-2015,10:00,24-Jul-2015,10:15,Gujarat,Ankleshwar,GIDC, Ankleshwar - GPCB,,,,,,,,,,,,,,,,,,,,,,,,,,,,,,,,,,,,,,,
24-Jul-2015,10:15,24-Jul-2015,10:30,Gujarat,Ankleshwar,GIDC, Ankleshwar - GPCB,,,,,,,,,,,,,,,,,,,,,,,,,,,,,,,,,,,,,,,
24-Jul-2015,10:30,24-Jul-2015,10:45,Gujarat,Ankleshwar,GIDC, Ankleshwar - GPCB,,,,,,,,,,,,,,,,,,,,,,,,,,,,,,,,,,,,,,,
24-Jul-2015,10:45,24-Jul-2015,11:00,Gujarat,Ankleshwar,GIDC, Ankleshwar - GPCB,,,,,,,,,,,,,,,,,,,,,,,,,,,,,,,,,,,,,,,
24-Jul-2015,11:00,24-Jul-2015,11:15,Gujarat,Ankleshwar,GIDC, Ankleshwar - GPCB,,,,,,,,,,,,,,,,,,,,,,,,,,,,,,,,,,,,,,,
24-Jul-2015,11:15,24-Jul-2015,11:30,Gujarat,Ankleshwar,GIDC, Ankleshwar - GPCB,,,,,,,,,,,,,,,,,,,,,,,,,,,,,,,,,,,,,,,
24-Jul-2015,11:30,24-Jul-2015,11:45,Gujarat,Ankleshwar,GIDC, Ankleshwar - GPCB,,,,,,,,,,,,,,,,,,,,,,,,,,,,,,,,,,,,,,,
24-Jul-2015,11:45,24-Jul-2015,12:00,Gujarat,Ankleshwar,GIDC, Ankleshwar - GPCB,,,,,,,,,,,,,,,,,,,,,,,,,,,,,,,,,,,,,,,
24-Jul-2015,12:00,24-Jul-2015,12:15,Gujarat,Ankleshwar,GIDC, Ankleshwar - GPCB,,,,,,,,,,,,,,,,,,,,,,,,,,,,,,,,,,,,,,,
24-Jul-2015,12:15,24-Jul-2015,12:30,Gujarat,Ankleshwar,GIDC, Ankleshwar - GPCB,,,,,,,,,,,,,,,,,,,,,,,,,,,,,,,,,,,,,,,
24-Jul-2015,12:30,24-Jul-2015,12:45,Gujarat,Ankleshwar,GIDC, Ankleshwar - GPCB,,,,,,,,,,,,,,,,,,,,,,,,,,,,,,,,,,,,,,,
24-Jul-2015,12:45,24-Jul-2015,13:00,Gujarat,Ankleshwar,GIDC, Ankleshwar - GPCB,,,,,,,,,,,,,,,,,,,,,,,,,,,,,,,,,,,,,,,
24-Jul-2015,13:00,24-Jul-2015,13:15,Gujarat,Ankleshwar,GIDC, Ankleshwar - GPCB,,,,,,,,,,,,,,,,,,,,,,,,,,,,,,,,,,,,,,,
24-Jul-2015,13:15,24-Jul-2015,13:30,Gujarat,Ankleshwar,GIDC, Ankleshwar - GPCB,,,,,,,,,,,,,,,,,,,,,,,,,,,,,,,,,,,,,,,
24-Jul-2015,13:30,24-Jul-2015,13:45,Gujarat,Ankleshwar,GIDC, Ankleshwar - GPCB,,,,,,,,,,,,,,,,,,,,,,,,,,,,,,,,,,,,,,,
24-Jul-2015,13:45,24-Jul-2015,14:00,Gujarat,Ankleshwar,GIDC, Ankleshwar - GPCB,,,,,,,,,,,,,,,,,,,,,,,,,,,,,,,,,,,,,,,
24-Jul-2015,14:00,24-Jul-2015,14:15,Gujarat,Ankleshwar,GIDC, Ankleshwar - GPCB,,,,,,,,,,,,,,,,,,,,,,,,,,,,,,,,,,,,,,,
24-Jul-2015,14:15,24-Jul-2015,14:30,Gujarat,Ankleshwar,GIDC, Ankleshwar - GPCB,,,,,,,,,,,,,,,,,,,,,,,,,,,,,,,,,,,,,,,
24-Jul-2015,14:30,24-Jul-2015,14:45,Gujarat,Ankleshwar,GIDC, Ankleshwar - GPCB,,,,,,,,,,,,,,,,,,,,,,,,,,,,,,,,,,,,,,,
24-Jul-2015,14:45,24-Jul-2015,15:00,Gujarat,Ankleshwar,GIDC, Ankleshwar - GPCB,,,,,,,,,,,,,,,,,,,,,,,,,,,,,,,,,,,,,,,
24-Jul-2015,15:00,24-Jul-2015,15:15,Gujarat,Ankleshwar,GIDC, Ankleshwar - GPCB,,,,,,,,,,,,,,,,,,,,,,,,,,,,,,,,,,,,,,,
24-Jul-2015,15:15,24-Jul-2015,15:30,Gujarat,Ankleshwar,GIDC, Ankleshwar - GPCB,,,,,,,,,,,,,,,,,,,,,,,,,,,,,,,,,,,,,,,
24-Jul-2015,15:30,24-Jul-2015,15:45,Gujarat,Ankleshwar,GIDC, Ankleshwar - GPCB,,,,,,,,,,,,,,,,,,,,,,,,,,,,,,,,,,,,,,,
24-Jul-2015,15:45,24-Jul-2015,16:00,Gujarat,Ankleshwar,GIDC, Ankleshwar - GPCB,,,,,,,,,,,,,,,,,,,,,,,,,,,,,,,,,,,,,,,
24-Jul-2015,16:00,24-Jul-2015,16:15,Gujarat,Ankleshwar,GIDC, Ankleshwar - GPCB,,,,,,,,,,,,,,,,,,,,,,,,,,,,,,,,,,,,,,,
24-Jul-2015,16:15,24-Jul-2015,16:30,Gujarat,Ankleshwar,GIDC, Ankleshwar - GPCB,,,,,,,,,,,,,,,,,,,,,,,,,,,,,,,,,,,,,,,
24-Jul-2015,16:30,24-Jul-2015,16:45,Gujarat,Ankleshwar,GIDC, Ankleshwar - GPCB,,,,,,,,,,,,,,,,,,,,,,,,,,,,,,,,,,,,,,,
24-Jul-2015,16:45,24-Jul-2015,17:00,Gujarat,Ankleshwar,GIDC, Ankleshwar - GPCB,,,,,,,,,,,,,,,,,,,,,,,,,,,,,,,,,,,,,,,
24-Jul-2015,17:00,24-Jul-2015,17:15,Gujarat,Ankleshwar,GIDC, Ankleshwar - GPCB,,,,,,,,,,,,,,,,,,,,,,,,,,,,,,,,,,,,,,,
24-Jul-2015,17:15,24-Jul-2015,17:30,Gujarat,Ankleshwar,GIDC, Ankleshwar - GPCB,,,,,,,,,,,,,,,,,,,,,,,,,,,,,,,,,,,,,,,
24-Jul-2015,17:30,24-Jul-2015,17:45,Gujarat,Ankleshwar,GIDC, Ankleshwar - GPCB,,,,,,,,,,,,,,,,,,,,,,,,,,,,,,,,,,,,,,,
24-Jul-2015,17:45,24-Jul-2015,18:00,Gujarat,Ankleshwar,GIDC, Ankleshwar - GPCB,,,,,,,,,,,,,,,,,,,,,,,,,,,,,,,,,,,,,,,
24-Jul-2015,18:00,24-Jul-2015,18:15,Gujarat,Ankleshwar,GIDC, Ankleshwar - GPCB,,,,,,,,,,,,,,,,,,,,,,,,,,,,,,,,,,,,,,,
24-Jul-2015,18:15,24-Jul-2015,18:30,Gujarat,Ankleshwar,GIDC, Ankleshwar - GPCB,,,,,,,,,,,,,,,,,,,,,,,,,,,,,,,,,,,,,,,
24-Jul-2015,18:30,24-Jul-2015,18:45,Gujarat,Ankleshwar,GIDC, Ankleshwar - GPCB,,,,,,,,,,,,,,,,,,,,,,,,,,,,,,,,,,,,,,,
24-Jul-2015,18:45,24-Jul-2015,19:00,Gujarat,Ankleshwar,GIDC, Ankleshwar - GPCB,,,,,,,,,,,,,,,,,,,,,,,,,,,,,,,,,,,,,,,
24-Jul-2015,19:00,24-Jul-2015,19:15,Gujarat,Ankleshwar,GIDC, Ankleshwar - GPCB,,,,,,,,,,,,,,,,,,,,,,,,,,,,,,,,,,,,,,,
24-Jul-2015,19:15,24-Jul-2015,19:30,Gujarat,Ankleshwar,GIDC, Ankleshwar - GPCB,,,,,,,,,,,,,,,,,,,,,,,,,,,,,,,,,,,,,,,
24-Jul-2015,19:30,24-Jul-2015,19:45,Gujarat,Ankleshwar,GIDC, Ankleshwar - GPCB,,,,,,,,,,,,,,,,,,,,,,,,,,,,,,,,,,,,,,,
24-Jul-2015,19:45,24-Jul-2015,20:00,Gujarat,Ankleshwar,GIDC, Ankleshwar - GPCB,,,,,,,,,,,,,,,,,,,,,,,,,,,,,,,,,,,,,,,
24-Jul-2015,20:00,24-Jul-2015,20:15,Gujarat,Ankleshwar,GIDC, Ankleshwar - GPCB,,,,,,,,,,,,,,,,,,,,,,,,,,,,,,,,,,,,,,,
24-Jul-2015,20:15,24-Jul-2015,20:30,Gujarat,Ankleshwar,GIDC, Ankleshwar - GPCB,,,,,,,,,,,,,,,,,,,,,,,,,,,,,,,,,,,,,,,
24-Jul-2015,20:30,24-Jul-2015,20:45,Gujarat,Ankleshwar,GIDC, Ankleshwar - GPCB,,,,,,,,,,,,,,,,,,,,,,,,,,,,,,,,,,,,,,,
24-Jul-2015,20:45,24-Jul-2015,21:00,Gujarat,Ankleshwar,GIDC, Ankleshwar - GPCB,,,,,,,,,,,,,,,,,,,,,,,,,,,,,,,,,,,,,,,
24-Jul-2015,21:00,24-Jul-2015,21:15,Gujarat,Ankleshwar,GIDC, Ankleshwar - GPCB,,,,,,,,,,,,,,,,,,,,,,,,,,,,,,,,,,,,,,,
24-Jul-2015,21:15,24-Jul-2015,21:30,Gujarat,Ankleshwar,GIDC, Ankleshwar - GPCB,,,,,,,,,,,,,,,,,,,,,,,,,,,,,,,,,,,,,,,
24-Jul-2015,21:30,24-Jul-2015,21:45,Gujarat,Ankleshwar,GIDC, Ankleshwar - GPCB,,,,,,,,,,,,,,,,,,,,,,,,,,,,,,,,,,,,,,,
24-Jul-2015,21:45,24-Jul-2015,22:00,Gujarat,Ankleshwar,GIDC, Ankleshwar - GPCB,,,,,,,,,,,,,,,,,,,,,,,,,,,,,,,,,,,,,,,
24-Jul-2015,22:00,24-Jul-2015,22:15,Gujarat,Ankleshwar,GIDC, Ankleshwar - GPCB,,,,,,,,,,,,,,,,,,,,,,,,,,,,,,,,,,,,,,,
24-Jul-2015,22:15,24-Jul-2015,22:30,Gujarat,Ankleshwar,GIDC, Ankleshwar - GPCB,,,,,,,,,,,,,,,,,,,,,,,,,,,,,,,,,,,,,,,
24-Jul-2015,22:30,24-Jul-2015,22:45,Gujarat,Ankleshwar,GIDC, Ankleshwar - GPCB,,,,,,,,,,,,,,,,,,,,,,,,,,,,,,,,,,,,,,,
24-Jul-2015,22:45,24-Jul-2015,23:00,Gujarat,Ankleshwar,GIDC, Ankleshwar - GPCB,,,,,,,,,,,,,,,,,,,,,,,,,,,,,,,,,,,,,,,
24-Jul-2015,23:00,24-Jul-2015,23:15,Gujarat,Ankleshwar,GIDC, Ankleshwar - GPCB,,,,,,,,,,,,,,,,,,,,,,,,,,,,,,,,,,,,,,,
24-Jul-2015,23:15,24-Jul-2015,23:30,Gujarat,Ankleshwar,GIDC, Ankleshwar - GPCB,,,,,,,,,,,,,,,,,,,,,,,,,,,,,,,,,,,,,,,
24-Jul-2015,23:30,24-Jul-2015,23:45,Gujarat,Ankleshwar,GIDC, Ankleshwar - GPCB,,,,,,,,,,,,,,,,,,,,,,,,,,,,,,,,,,,,,,,
24-Jul-2015,23:45,25-Jul-2015,00:00,Gujarat,Ankleshwar,GIDC, Ankleshwar - GPCB,,,,,,,,,,,,,,,,,,,,,,,,,,,,,,,,,,,,,,,
25-Jul-2015,00:00,25-Jul-2015,00:15,Gujarat,Ankleshwar,GIDC, Ankleshwar - GPCB,,,,,,,,,,,,,,,,,,,,,,,,,,,,,,,,,,,,,,,
25-Jul-2015,00:15,25-Jul-2015,00:30,Gujarat,Ankleshwar,GIDC, Ankleshwar - GPCB,,,,,,,,,,,,,,,,,,,,,,,,,,,,,,,,,,,,,,,
25-Jul-2015,00:30,25-Jul-2015,00:45,Gujarat,Ankleshwar,GIDC, Ankleshwar - GPCB,,,,,,,,,,,,,,,,,,,,,,,,,,,,,,,,,,,,,,,
25-Jul-2015,00:45,25-Jul-2015,01:00,Gujarat,Ankleshwar,GIDC, Ankleshwar - GPCB,,,,,,,,,,,,,,,,,,,,,,,,,,,,,,,,,,,,,,,
25-Jul-2015,01:00,25-Jul-2015,01:15,Gujarat,Ankleshwar,GIDC, Ankleshwar - GPCB,,,,,,,,,,,,,,,,,,,,,,,,,,,,,,,,,,,,,,,
25-Jul-2015,01:15,25-Jul-2015,01:30,Gujarat,Ankleshwar,GIDC, Ankleshwar - GPCB,,,,,,,,,,,,,,,,,,,,,,,,,,,,,,,,,,,,,,,
25-Jul-2015,01:30,25-Jul-2015,01:45,Gujarat,Ankleshwar,GIDC, Ankleshwar - GPCB,,,,,,,,,,,,,,,,,,,,,,,,,,,,,,,,,,,,,,,
25-Jul-2015,01:45,25-Jul-2015,02:00,Gujarat,Ankleshwar,GIDC, Ankleshwar - GPCB,,,,,,,,,,,,,,,,,,,,,,,,,,,,,,,,,,,,,,,
25-Jul-2015,02:00,25-Jul-2015,02:15,Gujarat,Ankleshwar,GIDC, Ankleshwar - GPCB,,,,,,,,,,,,,,,,,,,,,,,,,,,,,,,,,,,,,,,
25-Jul-2015,02:15,25-Jul-2015,02:30,Gujarat,Ankleshwar,GIDC, Ankleshwar - GPCB,,,,,,,,,,,,,,,,,,,,,,,,,,,,,,,,,,,,,,,
25-Jul-2015,02:30,25-Jul-2015,02:45,Gujarat,Ankleshwar,GIDC, Ankleshwar - GPCB,,,,,,,,,,,,,,,,,,,,,,,,,,,,,,,,,,,,,,,
25-Jul-2015,02:45,25-Jul-2015,03:00,Gujarat,Ankleshwar,GIDC, Ankleshwar - GPCB,,,,,,,,,,,,,,,,,,,,,,,,,,,,,,,,,,,,,,,
25-Jul-2015,03:00,25-Jul-2015,03:15,Gujarat,Ankleshwar,GIDC, Ankleshwar - GPCB,,,,,,,,,,,,,,,,,,,,,,,,,,,,,,,,,,,,,,,
25-Jul-2015,03:15,25-Jul-2015,03:30,Gujarat,Ankleshwar,GIDC, Ankleshwar - GPCB,,,,,,,,,,,,,,,,,,,,,,,,,,,,,,,,,,,,,,,
25-Jul-2015,03:30,25-Jul-2015,03:45,Gujarat,Ankleshwar,GIDC, Ankleshwar - GPCB,,,,,,,,,,,,,,,,,,,,,,,,,,,,,,,,,,,,,,,
25-Jul-2015,03:45,25-Jul-2015,04:00,Gujarat,Ankleshwar,GIDC, Ankleshwar - GPCB,,,,,,,,,,,,,,,,,,,,,,,,,,,,,,,,,,,,,,,
25-Jul-2015,04:00,25-Jul-2015,04:15,Gujarat,Ankleshwar,GIDC, Ankleshwar - GPCB,,,,,,,,,,,,,,,,,,,,,,,,,,,,,,,,,,,,,,,
25-Jul-2015,04:15,25-Jul-2015,04:30,Gujarat,Ankleshwar,GIDC, Ankleshwar - GPCB,,,,,,,,,,,,,,,,,,,,,,,,,,,,,,,,,,,,,,,
25-Jul-2015,04:30,25-Jul-2015,04:45,Gujarat,Ankleshwar,GIDC, Ankleshwar - GPCB,,,,,,,,,,,,,,,,,,,,,,,,,,,,,,,,,,,,,,,
25-Jul-2015,04:45,25-Jul-2015,05:00,Gujarat,Ankleshwar,GIDC, Ankleshwar - GPCB,,,,,,,,,,,,,,,,,,,,,,,,,,,,,,,,,,,,,,,
25-Jul-2015,05:00,25-Jul-2015,05:15,Gujarat,Ankleshwar,GIDC, Ankleshwar - GPCB,,,,,,,,,,,,,,,,,,,,,,,,,,,,,,,,,,,,,,,
25-Jul-2015,05:15,25-Jul-2015,05:30,Gujarat,Ankleshwar,GIDC, Ankleshwar - GPCB,,,,,,,,,,,,,,,,,,,,,,,,,,,,,,,,,,,,,,,
25-Jul-2015,05:30,25-Jul-2015,05:45,Gujarat,Ankleshwar,GIDC, Ankleshwar - GPCB,,,,,,,,,,,,,,,,,,,,,,,,,,,,,,,,,,,,,,,
25-Jul-2015,05:45,25-Jul-2015,06:00,Gujarat,Ankleshwar,GIDC, Ankleshwar - GPCB,,,,,,,,,,,,,,,,,,,,,,,,,,,,,,,,,,,,,,,
25-Jul-2015,06:00,25-Jul-2015,06:15,Gujarat,Ankleshwar,GIDC, Ankleshwar - GPCB,,,,,,,,,,,,,,,,,,,,,,,,,,,,,,,,,,,,,,,
25-Jul-2015,06:15,25-Jul-2015,06:30,Gujarat,Ankleshwar,GIDC, Ankleshwar - GPCB,,,,,,,,,,,,,,,,,,,,,,,,,,,,,,,,,,,,,,,
25-Jul-2015,06:30,25-Jul-2015,06:45,Gujarat,Ankleshwar,GIDC, Ankleshwar - GPCB,,,,,,,,,,,,,,,,,,,,,,,,,,,,,,,,,,,,,,,
25-Jul-2015,06:45,25-Jul-2015,07:00,Gujarat,Ankleshwar,GIDC, Ankleshwar - GPCB,,,,,,,,,,,,,,,,,,,,,,,,,,,,,,,,,,,,,,,
25-Jul-2015,07:00,25-Jul-2015,07:15,Gujarat,Ankleshwar,GIDC, Ankleshwar - GPCB,,,,,,,,,,,,,,,,,,,,,,,,,,,,,,,,,,,,,,,
25-Jul-2015,07:15,25-Jul-2015,07:30,Gujarat,Ankleshwar,GIDC, Ankleshwar - GPCB,,,,,,,,,,,,,,,,,,,,,,,,,,,,,,,,,,,,,,,
25-Jul-2015,07:30,25-Jul-2015,07:45,Gujarat,Ankleshwar,GIDC, Ankleshwar - GPCB,,,,,,,,,,,,,,,,,,,,,,,,,,,,,,,,,,,,,,,
25-Jul-2015,07:45,25-Jul-2015,08:00,Gujarat,Ankleshwar,GIDC, Ankleshwar - GPCB,,,,,,,,,,,,,,,,,,,,,,,,,,,,,,,,,,,,,,,
25-Jul-2015,08:00,25-Jul-2015,08:15,Gujarat,Ankleshwar,GIDC, Ankleshwar - GPCB,,,,,,,,,,,,,,,,,,,,,,,,,,,,,,,,,,,,,,,
25-Jul-2015,08:15,25-Jul-2015,08:30,Gujarat,Ankleshwar,GIDC, Ankleshwar - GPCB,,,,,,,,,,,,,,,,,,,,,,,,,,,,,,,,,,,,,,,
25-Jul-2015,08:30,25-Jul-2015,08:45,Gujarat,Ankleshwar,GIDC, Ankleshwar - GPCB,,,,,,,,,,,,,,,,,,,,,,,,,,,,,,,,,,,,,,,
25-Jul-2015,08:45,25-Jul-2015,09:00,Gujarat,Ankleshwar,GIDC, Ankleshwar - GPCB,,,,,,,,,,,,,,,,,,,,,,,,,,,,,,,,,,,,,,,
25-Jul-2015,09:00,25-Jul-2015,09:15,Gujarat,Ankleshwar,GIDC, Ankleshwar - GPCB,,,,,,,,,,,,,,,,,,,,,,,,,,,,,,,,,,,,,,,
25-Jul-2015,09:15,25-Jul-2015,09:30,Gujarat,Ankleshwar,GIDC, Ankleshwar - GPCB,,,,,,,,,,,,,,,,,,,,,,,,,,,,,,,,,,,,,,,
25-Jul-2015,09:30,25-Jul-2015,09:45,Gujarat,Ankleshwar,GIDC, Ankleshwar - GPCB,,,,,,,,,,,,,,,,,,,,,,,,,,,,,,,,,,,,,,,
25-Jul-2015,09:45,25-Jul-2015,10:00,Gujarat,Ankleshwar,GIDC, Ankleshwar - GPCB,,,,,,,,,,,,,,,,,,,,,,,,,,,,,,,,,,,,,,,
25-Jul-2015,10:00,25-Jul-2015,10:15,Gujarat,Ankleshwar,GIDC, Ankleshwar - GPCB,,,,,,,,,,,,,,,,,,,,,,,,,,,,,,,,,,,,,,,
25-Jul-2015,10:15,25-Jul-2015,10:30,Gujarat,Ankleshwar,GIDC, Ankleshwar - GPCB,,,,,,,,,,,,,,,,,,,,,,,,,,,,,,,,,,,,,,,
25-Jul-2015,10:30,25-Jul-2015,10:45,Gujarat,Ankleshwar,GIDC, Ankleshwar - GPCB,,,,,,,,,,,,,,,,,,,,,,,,,,,,,,,,,,,,,,,
25-Jul-2015,10:45,25-Jul-2015,11:00,Gujarat,Ankleshwar,GIDC, Ankleshwar - GPCB,,,,,,,,,,,,,,,,,,,,,,,,,,,,,,,,,,,,,,,
25-Jul-2015,11:00,25-Jul-2015,11:15,Gujarat,Ankleshwar,GIDC, Ankleshwar - GPCB,,,,,,,,,,,,,,,,,,,,,,,,,,,,,,,,,,,,,,,
25-Jul-2015,11:15,25-Jul-2015,11:30,Gujarat,Ankleshwar,GIDC, Ankleshwar - GPCB,,,,,,,,,,,,,,,,,,,,,,,,,,,,,,,,,,,,,,,
25-Jul-2015,11:30,25-Jul-2015,11:45,Gujarat,Ankleshwar,GIDC, Ankleshwar - GPCB,,,,,,,,,,,,,,,,,,,,,,,,,,,,,,,,,,,,,,,
25-Jul-2015,11:45,25-Jul-2015,12:00,Gujarat,Ankleshwar,GIDC, Ankleshwar - GPCB,,,,,,,,,,,,,,,,,,,,,,,,,,,,,,,,,,,,,,,
25-Jul-2015,12:00,25-Jul-2015,12:15,Gujarat,Ankleshwar,GIDC, Ankleshwar - GPCB,,,,,,,,,,,,,,,,,,,,,,,,,,,,,,,,,,,,,,,
25-Jul-2015,12:15,25-Jul-2015,12:30,Gujarat,Ankleshwar,GIDC, Ankleshwar - GPCB,,,,,,,,,,,,,,,,,,,,,,,,,,,,,,,,,,,,,,,
25-Jul-2015,12:30,25-Jul-2015,12:45,Gujarat,Ankleshwar,GIDC, Ankleshwar - GPCB,,,,,,,,,,,,,,,,,,,,,,,,,,,,,,,,,,,,,,,
25-Jul-2015,12:45,25-Jul-2015,13:00,Gujarat,Ankleshwar,GIDC, Ankleshwar - GPCB,,,,,,,,,,,,,,,,,,,,,,,,,,,,,,,,,,,,,,,
25-Jul-2015,13:00,25-Jul-2015,13:15,Gujarat,Ankleshwar,GIDC, Ankleshwar - GPCB,,,,,,,,,,,,,,,,,,,,,,,,,,,,,,,,,,,,,,,
25-Jul-2015,13:15,25-Jul-2015,13:30,Gujarat,Ankleshwar,GIDC, Ankleshwar - GPCB,,,,,,,,,,,,,,,,,,,,,,,,,,,,,,,,,,,,,,,
25-Jul-2015,13:30,25-Jul-2015,13:45,Gujarat,Ankleshwar,GIDC, Ankleshwar - GPCB,,,,,,,,,,,,,,,,,,,,,,,,,,,,,,,,,,,,,,,
25-Jul-2015,13:45,25-Jul-2015,14:00,Gujarat,Ankleshwar,GIDC, Ankleshwar - GPCB,,,,,,,,,,,,,,,,,,,,,,,,,,,,,,,,,,,,,,,
25-Jul-2015,14:00,25-Jul-2015,14:15,Gujarat,Ankleshwar,GIDC, Ankleshwar - GPCB,,,,,,,,,,,,,,,,,,,,,,,,,,,,,,,,,,,,,,,
25-Jul-2015,14:15,25-Jul-2015,14:30,Gujarat,Ankleshwar,GIDC, Ankleshwar - GPCB,,,,,,,,,,,,,,,,,,,,,,,,,,,,,,,,,,,,,,,
25-Jul-2015,14:30,25-Jul-2015,14:45,Gujarat,Ankleshwar,GIDC, Ankleshwar - GPCB,,,,,,,,,,,,,,,,,,,,,,,,,,,,,,,,,,,,,,,
25-Jul-2015,14:45,25-Jul-2015,15:00,Gujarat,Ankleshwar,GIDC, Ankleshwar - GPCB,,,,,,,,,,,,,,,,,,,,,,,,,,,,,,,,,,,,,,,
25-Jul-2015,15:00,25-Jul-2015,15:15,Gujarat,Ankleshwar,GIDC, Ankleshwar - GPCB,,,,,,,,,,,,,,,,,,,,,,,,,,,,,,,,,,,,,,,
25-Jul-2015,15:15,25-Jul-2015,15:30,Gujarat,Ankleshwar,GIDC, Ankleshwar - GPCB,,,,,,,,,,,,,,,,,,,,,,,,,,,,,,,,,,,,,,,
25-Jul-2015,15:30,25-Jul-2015,15:45,Gujarat,Ankleshwar,GIDC, Ankleshwar - GPCB,,,,,,,,,,,,,,,,,,,,,,,,,,,,,,,,,,,,,,,
25-Jul-2015,15:45,25-Jul-2015,16:00,Gujarat,Ankleshwar,GIDC, Ankleshwar - GPCB,,,,,,,,,,,,,,,,,,,,,,,,,,,,,,,,,,,,,,,
25-Jul-2015,16:00,25-Jul-2015,16:15,Gujarat,Ankleshwar,GIDC, Ankleshwar - GPCB,,,,,,,,,,,,,,,,,,,,,,,,,,,,,,,,,,,,,,,
25-Jul-2015,16:15,25-Jul-2015,16:30,Gujarat,Ankleshwar,GIDC, Ankleshwar - GPCB,,,,,,,,,,,,,,,,,,,,,,,,,,,,,,,,,,,,,,,
25-Jul-2015,16:30,25-Jul-2015,16:45,Gujarat,Ankleshwar,GIDC, Ankleshwar - GPCB,,,,,,,,,,,,,,,,,,,,,,,,,,,,,,,,,,,,,,,
25-Jul-2015,16:45,25-Jul-2015,17:00,Gujarat,Ankleshwar,GIDC, Ankleshwar - GPCB,,,,,,,,,,,,,,,,,,,,,,,,,,,,,,,,,,,,,,,
25-Jul-2015,17:00,25-Jul-2015,17:15,Gujarat,Ankleshwar,GIDC, Ankleshwar - GPCB,,,,,,,,,,,,,,,,,,,,,,,,,,,,,,,,,,,,,,,
25-Jul-2015,17:15,25-Jul-2015,17:30,Gujarat,Ankleshwar,GIDC, Ankleshwar - GPCB,,,,,,,,,,,,,,,,,,,,,,,,,,,,,,,,,,,,,,,
25-Jul-2015,17:30,25-Jul-2015,17:45,Gujarat,Ankleshwar,GIDC, Ankleshwar - GPCB,,,,,,,,,,,,,,,,,,,,,,,,,,,,,,,,,,,,,,,
25-Jul-2015,17:45,25-Jul-2015,18:00,Gujarat,Ankleshwar,GIDC, Ankleshwar - GPCB,,,,,,,,,,,,,,,,,,,,,,,,,,,,,,,,,,,,,,,
25-Jul-2015,18:00,25-Jul-2015,18:15,Gujarat,Ankleshwar,GIDC, Ankleshwar - GPCB,,,,,,,,,,,,,,,,,,,,,,,,,,,,,,,,,,,,,,,
25-Jul-2015,18:15,25-Jul-2015,18:30,Gujarat,Ankleshwar,GIDC, Ankleshwar - GPCB,,,,,,,,,,,,,,,,,,,,,,,,,,,,,,,,,,,,,,,
25-Jul-2015,18:30,25-Jul-2015,18:45,Gujarat,Ankleshwar,GIDC, Ankleshwar - GPCB,,,,,,,,,,,,,,,,,,,,,,,,,,,,,,,,,,,,,,,
25-Jul-2015,18:45,25-Jul-2015,19:00,Gujarat,Ankleshwar,GIDC, Ankleshwar - GPCB,,,,,,,,,,,,,,,,,,,,,,,,,,,,,,,,,,,,,,,
25-Jul-2015,19:00,25-Jul-2015,19:15,Gujarat,Ankleshwar,GIDC, Ankleshwar - GPCB,,,,,,,,,,,,,,,,,,,,,,,,,,,,,,,,,,,,,,,
25-Jul-2015,19:15,25-Jul-2015,19:30,Gujarat,Ankleshwar,GIDC, Ankleshwar - GPCB,,,,,,,,,,,,,,,,,,,,,,,,,,,,,,,,,,,,,,,
25-Jul-2015,19:30,25-Jul-2015,19:45,Gujarat,Ankleshwar,GIDC, Ankleshwar - GPCB,,,,,,,,,,,,,,,,,,,,,,,,,,,,,,,,,,,,,,,
25-Jul-2015,19:45,25-Jul-2015,20:00,Gujarat,Ankleshwar,GIDC, Ankleshwar - GPCB,,,,,,,,,,,,,,,,,,,,,,,,,,,,,,,,,,,,,,,
25-Jul-2015,20:00,25-Jul-2015,20:15,Gujarat,Ankleshwar,GIDC, Ankleshwar - GPCB,,,,,,,,,,,,,,,,,,,,,,,,,,,,,,,,,,,,,,,
25-Jul-2015,20:15,25-Jul-2015,20:30,Gujarat,Ankleshwar,GIDC, Ankleshwar - GPCB,,,,,,,,,,,,,,,,,,,,,,,,,,,,,,,,,,,,,,,
25-Jul-2015,20:30,25-Jul-2015,20:45,Gujarat,Ankleshwar,GIDC, Ankleshwar - GPCB,,,,,,,,,,,,,,,,,,,,,,,,,,,,,,,,,,,,,,,
25-Jul-2015,20:45,25-Jul-2015,21:00,Gujarat,Ankleshwar,GIDC, Ankleshwar - GPCB,,,,,,,,,,,,,,,,,,,,,,,,,,,,,,,,,,,,,,,
25-Jul-2015,21:00,25-Jul-2015,21:15,Gujarat,Ankleshwar,GIDC, Ankleshwar - GPCB,,,,,,,,,,,,,,,,,,,,,,,,,,,,,,,,,,,,,,,
25-Jul-2015,21:15,25-Jul-2015,21:30,Gujarat,Ankleshwar,GIDC, Ankleshwar - GPCB,,,,,,,,,,,,,,,,,,,,,,,,,,,,,,,,,,,,,,,
25-Jul-2015,21:30,25-Jul-2015,21:45,Gujarat,Ankleshwar,GIDC, Ankleshwar - GPCB,,,,,,,,,,,,,,,,,,,,,,,,,,,,,,,,,,,,,,,
25-Jul-2015,21:45,25-Jul-2015,22:00,Gujarat,Ankleshwar,GIDC, Ankleshwar - GPCB,,,,,,,,,,,,,,,,,,,,,,,,,,,,,,,,,,,,,,,
25-Jul-2015,22:00,25-Jul-2015,22:15,Gujarat,Ankleshwar,GIDC, Ankleshwar - GPCB,,,,,,,,,,,,,,,,,,,,,,,,,,,,,,,,,,,,,,,
25-Jul-2015,22:15,25-Jul-2015,22:30,Gujarat,Ankleshwar,GIDC, Ankleshwar - GPCB,,,,,,,,,,,,,,,,,,,,,,,,,,,,,,,,,,,,,,,
25-Jul-2015,22:30,25-Jul-2015,22:45,Gujarat,Ankleshwar,GIDC, Ankleshwar - GPCB,,,,,,,,,,,,,,,,,,,,,,,,,,,,,,,,,,,,,,,
25-Jul-2015,22:45,25-Jul-2015,23:00,Gujarat,Ankleshwar,GIDC, Ankleshwar - GPCB,,,,,,,,,,,,,,,,,,,,,,,,,,,,,,,,,,,,,,,
25-Jul-2015,23:00,25-Jul-2015,23:15,Gujarat,Ankleshwar,GIDC, Ankleshwar - GPCB,,,,,,,,,,,,,,,,,,,,,,,,,,,,,,,,,,,,,,,
25-Jul-2015,23:15,25-Jul-2015,23:30,Gujarat,Ankleshwar,GIDC, Ankleshwar - GPCB,,,,,,,,,,,,,,,,,,,,,,,,,,,,,,,,,,,,,,,
25-Jul-2015,23:30,25-Jul-2015,23:45,Gujarat,Ankleshwar,GIDC, Ankleshwar - GPCB,,,,,,,,,,,,,,,,,,,,,,,,,,,,,,,,,,,,,,,
25-Jul-2015,23:45,26-Jul-2015,00:00,Gujarat,Ankleshwar,GIDC, Ankleshwar - GPCB,,,,,,,,,,,,,,,,,,,,,,,,,,,,,,,,,,,,,,,
26-Jul-2015,00:00,26-Jul-2015,00:15,Gujarat,Ankleshwar,GIDC, Ankleshwar - GPCB,,,,,,,,,,,,,,,,,,,,,,,,,,,,,,,,,,,,,,,
26-Jul-2015,00:15,26-Jul-2015,00:30,Gujarat,Ankleshwar,GIDC, Ankleshwar - GPCB,,,,,,,,,,,,,,,,,,,,,,,,,,,,,,,,,,,,,,,
26-Jul-2015,00:30,26-Jul-2015,00:45,Gujarat,Ankleshwar,GIDC, Ankleshwar - GPCB,,,,,,,,,,,,,,,,,,,,,,,,,,,,,,,,,,,,,,,
26-Jul-2015,00:45,26-Jul-2015,01:00,Gujarat,Ankleshwar,GIDC, Ankleshwar - GPCB,,,,,,,,,,,,,,,,,,,,,,,,,,,,,,,,,,,,,,,
26-Jul-2015,01:00,26-Jul-2015,01:15,Gujarat,Ankleshwar,GIDC, Ankleshwar - GPCB,,,,,,,,,,,,,,,,,,,,,,,,,,,,,,,,,,,,,,,
26-Jul-2015,01:15,26-Jul-2015,01:30,Gujarat,Ankleshwar,GIDC, Ankleshwar - GPCB,,,,,,,,,,,,,,,,,,,,,,,,,,,,,,,,,,,,,,,
26-Jul-2015,01:30,26-Jul-2015,01:45,Gujarat,Ankleshwar,GIDC, Ankleshwar - GPCB,,,,,,,,,,,,,,,,,,,,,,,,,,,,,,,,,,,,,,,
26-Jul-2015,01:45,26-Jul-2015,02:00,Gujarat,Ankleshwar,GIDC, Ankleshwar - GPCB,,,,,,,,,,,,,,,,,,,,,,,,,,,,,,,,,,,,,,,
26-Jul-2015,02:00,26-Jul-2015,02:15,Gujarat,Ankleshwar,GIDC, Ankleshwar - GPCB,,,,,,,,,,,,,,,,,,,,,,,,,,,,,,,,,,,,,,,
26-Jul-2015,02:15,26-Jul-2015,02:30,Gujarat,Ankleshwar,GIDC, Ankleshwar - GPCB,,,,,,,,,,,,,,,,,,,,,,,,,,,,,,,,,,,,,,,
26-Jul-2015,02:30,26-Jul-2015,02:45,Gujarat,Ankleshwar,GIDC, Ankleshwar - GPCB,,,,,,,,,,,,,,,,,,,,,,,,,,,,,,,,,,,,,,,
26-Jul-2015,02:45,26-Jul-2015,03:00,Gujarat,Ankleshwar,GIDC, Ankleshwar - GPCB,,,,,,,,,,,,,,,,,,,,,,,,,,,,,,,,,,,,,,,
26-Jul-2015,03:00,26-Jul-2015,03:15,Gujarat,Ankleshwar,GIDC, Ankleshwar - GPCB,,,,,,,,,,,,,,,,,,,,,,,,,,,,,,,,,,,,,,,
26-Jul-2015,03:15,26-Jul-2015,03:30,Gujarat,Ankleshwar,GIDC, Ankleshwar - GPCB,,,,,,,,,,,,,,,,,,,,,,,,,,,,,,,,,,,,,,,
26-Jul-2015,03:30,26-Jul-2015,03:45,Gujarat,Ankleshwar,GIDC, Ankleshwar - GPCB,,,,,,,,,,,,,,,,,,,,,,,,,,,,,,,,,,,,,,,
26-Jul-2015,03:45,26-Jul-2015,04:00,Gujarat,Ankleshwar,GIDC, Ankleshwar - GPCB,,,,,,,,,,,,,,,,,,,,,,,,,,,,,,,,,,,,,,,
26-Jul-2015,04:00,26-Jul-2015,04:15,Gujarat,Ankleshwar,GIDC, Ankleshwar - GPCB,,,,,,,,,,,,,,,,,,,,,,,,,,,,,,,,,,,,,,,
26-Jul-2015,04:15,26-Jul-2015,04:30,Gujarat,Ankleshwar,GIDC, Ankleshwar - GPCB,,,,,,,,,,,,,,,,,,,,,,,,,,,,,,,,,,,,,,,
26-Jul-2015,04:30,26-Jul-2015,04:45,Gujarat,Ankleshwar,GIDC, Ankleshwar - GPCB,,,,,,,,,,,,,,,,,,,,,,,,,,,,,,,,,,,,,,,
26-Jul-2015,04:45,26-Jul-2015,05:00,Gujarat,Ankleshwar,GIDC, Ankleshwar - GPCB,,,,,,,,,,,,,,,,,,,,,,,,,,,,,,,,,,,,,,,
26-Jul-2015,05:00,26-Jul-2015,05:15,Gujarat,Ankleshwar,GIDC, Ankleshwar - GPCB,,,,,,,,,,,,,,,,,,,,,,,,,,,,,,,,,,,,,,,
26-Jul-2015,05:15,26-Jul-2015,05:30,Gujarat,Ankleshwar,GIDC, Ankleshwar - GPCB,,,,,,,,,,,,,,,,,,,,,,,,,,,,,,,,,,,,,,,
26-Jul-2015,05:30,26-Jul-2015,05:45,Gujarat,Ankleshwar,GIDC, Ankleshwar - GPCB,,,,,,,,,,,,,,,,,,,,,,,,,,,,,,,,,,,,,,,
26-Jul-2015,05:45,26-Jul-2015,06:00,Gujarat,Ankleshwar,GIDC, Ankleshwar - GPCB,,,,,,,,,,,,,,,,,,,,,,,,,,,,,,,,,,,,,,,
26-Jul-2015,06:00,26-Jul-2015,06:15,Gujarat,Ankleshwar,GIDC, Ankleshwar - GPCB,,,,,,,,,,,,,,,,,,,,,,,,,,,,,,,,,,,,,,,
26-Jul-2015,06:15,26-Jul-2015,06:30,Gujarat,Ankleshwar,GIDC, Ankleshwar - GPCB,,,,,,,,,,,,,,,,,,,,,,,,,,,,,,,,,,,,,,,
26-Jul-2015,06:30,26-Jul-2015,06:45,Gujarat,Ankleshwar,GIDC, Ankleshwar - GPCB,,,,,,,,,,,,,,,,,,,,,,,,,,,,,,,,,,,,,,,
26-Jul-2015,06:45,26-Jul-2015,07:00,Gujarat,Ankleshwar,GIDC, Ankleshwar - GPCB,,,,,,,,,,,,,,,,,,,,,,,,,,,,,,,,,,,,,,,
26-Jul-2015,07:00,26-Jul-2015,07:15,Gujarat,Ankleshwar,GIDC, Ankleshwar - GPCB,,,,,,,,,,,,,,,,,,,,,,,,,,,,,,,,,,,,,,,
26-Jul-2015,07:15,26-Jul-2015,07:30,Gujarat,Ankleshwar,GIDC, Ankleshwar - GPCB,,,,,,,,,,,,,,,,,,,,,,,,,,,,,,,,,,,,,,,
26-Jul-2015,07:30,26-Jul-2015,07:45,Gujarat,Ankleshwar,GIDC, Ankleshwar - GPCB,,,,,,,,,,,,,,,,,,,,,,,,,,,,,,,,,,,,,,,
26-Jul-2015,07:45,26-Jul-2015,08:00,Gujarat,Ankleshwar,GIDC, Ankleshwar - GPCB,,,,,,,,,,,,,,,,,,,,,,,,,,,,,,,,,,,,,,,
26-Jul-2015,08:00,26-Jul-2015,08:15,Gujarat,Ankleshwar,GIDC, Ankleshwar - GPCB,,,,,,,,,,,,,,,,,,,,,,,,,,,,,,,,,,,,,,,
26-Jul-2015,08:15,26-Jul-2015,08:30,Gujarat,Ankleshwar,GIDC, Ankleshwar - GPCB,,,,,,,,,,,,,,,,,,,,,,,,,,,,,,,,,,,,,,,
26-Jul-2015,08:30,26-Jul-2015,08:45,Gujarat,Ankleshwar,GIDC, Ankleshwar - GPCB,,,,,,,,,,,,,,,,,,,,,,,,,,,,,,,,,,,,,,,
26-Jul-2015,08:45,26-Jul-2015,09:00,Gujarat,Ankleshwar,GIDC, Ankleshwar - GPCB,,,,,,,,,,,,,,,,,,,,,,,,,,,,,,,,,,,,,,,
26-Jul-2015,09:00,26-Jul-2015,09:15,Gujarat,Ankleshwar,GIDC, Ankleshwar - GPCB,,,,,,,,,,,,,,,,,,,,,,,,,,,,,,,,,,,,,,,
26-Jul-2015,09:15,26-Jul-2015,09:30,Gujarat,Ankleshwar,GIDC, Ankleshwar - GPCB,,,,,,,,,,,,,,,,,,,,,,,,,,,,,,,,,,,,,,,
26-Jul-2015,09:30,26-Jul-2015,09:45,Gujarat,Ankleshwar,GIDC, Ankleshwar - GPCB,,,,,,,,,,,,,,,,,,,,,,,,,,,,,,,,,,,,,,,
26-Jul-2015,09:45,26-Jul-2015,10:00,Gujarat,Ankleshwar,GIDC, Ankleshwar - GPCB,,,,,,,,,,,,,,,,,,,,,,,,,,,,,,,,,,,,,,,
26-Jul-2015,10:00,26-Jul-2015,10:15,Gujarat,Ankleshwar,GIDC, Ankleshwar - GPCB,,,,,,,,,,,,,,,,,,,,,,,,,,,,,,,,,,,,,,,
26-Jul-2015,10:15,26-Jul-2015,10:30,Gujarat,Ankleshwar,GIDC, Ankleshwar - GPCB,,,,,,,,,,,,,,,,,,,,,,,,,,,,,,,,,,,,,,,
26-Jul-2015,10:30,26-Jul-2015,10:45,Gujarat,Ankleshwar,GIDC, Ankleshwar - GPCB,,,,,,,,,,,,,,,,,,,,,,,,,,,,,,,,,,,,,,,
26-Jul-2015,10:45,26-Jul-2015,11:00,Gujarat,Ankleshwar,GIDC, Ankleshwar - GPCB,,,,,,,,,,,,,,,,,,,,,,,,,,,,,,,,,,,,,,,
26-Jul-2015,11:00,26-Jul-2015,11:15,Gujarat,Ankleshwar,GIDC, Ankleshwar - GPCB,,,,,,,,,,,,,,,,,,,,,,,,,,,,,,,,,,,,,,,
26-Jul-2015,11:15,26-Jul-2015,11:30,Gujarat,Ankleshwar,GIDC, Ankleshwar - GPCB,,,,,,,,,,,,,,,,,,,,,,,,,,,,,,,,,,,,,,,
26-Jul-2015,11:30,26-Jul-2015,11:45,Gujarat,Ankleshwar,GIDC, Ankleshwar - GPCB,,,,,,,,,,,,,,,,,,,,,,,,,,,,,,,,,,,,,,,
26-Jul-2015,11:45,26-Jul-2015,12:00,Gujarat,Ankleshwar,GIDC, Ankleshwar - GPCB,,,,,,,,,,,,,,,,,,,,,,,,,,,,,,,,,,,,,,,
26-Jul-2015,12:00,26-Jul-2015,12:15,Gujarat,Ankleshwar,GIDC, Ankleshwar - GPCB,,,,,,,,,,,,,,,,,,,,,,,,,,,,,,,,,,,,,,,
26-Jul-2015,12:15,26-Jul-2015,12:30,Gujarat,Ankleshwar,GIDC, Ankleshwar - GPCB,,,,,,,,,,,,,,,,,,,,,,,,,,,,,,,,,,,,,,,
26-Jul-2015,12:30,26-Jul-2015,12:45,Gujarat,Ankleshwar,GIDC, Ankleshwar - GPCB,,,,,,,,,,,,,,,,,,,,,,,,,,,,,,,,,,,,,,,
26-Jul-2015,12:45,26-Jul-2015,13:00,Gujarat,Ankleshwar,GIDC, Ankleshwar - GPCB,,,,,,,,,,,,,,,,,,,,,,,,,,,,,,,,,,,,,,,
26-Jul-2015,13:00,26-Jul-2015,13:15,Gujarat,Ankleshwar,GIDC, Ankleshwar - GPCB,,,,,,,,,,,,,,,,,,,,,,,,,,,,,,,,,,,,,,,
26-Jul-2015,13:15,26-Jul-2015,13:30,Gujarat,Ankleshwar,GIDC, Ankleshwar - GPCB,,,,,,,,,,,,,,,,,,,,,,,,,,,,,,,,,,,,,,,
26-Jul-2015,13:30,26-Jul-2015,13:45,Gujarat,Ankleshwar,GIDC, Ankleshwar - GPCB,,,,,,,,,,,,,,,,,,,,,,,,,,,,,,,,,,,,,,,
26-Jul-2015,13:45,26-Jul-2015,14:00,Gujarat,Ankleshwar,GIDC, Ankleshwar - GPCB,,,,,,,,,,,,,,,,,,,,,,,,,,,,,,,,,,,,,,,
26-Jul-2015,14:00,26-Jul-2015,14:15,Gujarat,Ankleshwar,GIDC, Ankleshwar - GPCB,,,,,,,,,,,,,,,,,,,,,,,,,,,,,,,,,,,,,,,
26-Jul-2015,14:15,26-Jul-2015,14:30,Gujarat,Ankleshwar,GIDC, Ankleshwar - GPCB,,,,,,,,,,,,,,,,,,,,,,,,,,,,,,,,,,,,,,,
26-Jul-2015,14:30,26-Jul-2015,14:45,Gujarat,Ankleshwar,GIDC, Ankleshwar - GPCB,,,,,,,,,,,,,,,,,,,,,,,,,,,,,,,,,,,,,,,
26-Jul-2015,14:45,26-Jul-2015,15:00,Gujarat,Ankleshwar,GIDC, Ankleshwar - GPCB,,,,,,,,,,,,,,,,,,,,,,,,,,,,,,,,,,,,,,,
26-Jul-2015,15:00,26-Jul-2015,15:15,Gujarat,Ankleshwar,GIDC, Ankleshwar - GPCB,,,,,,,,,,,,,,,,,,,,,,,,,,,,,,,,,,,,,,,
26-Jul-2015,15:15,26-Jul-2015,15:30,Gujarat,Ankleshwar,GIDC, Ankleshwar - GPCB,,,,,,,,,,,,,,,,,,,,,,,,,,,,,,,,,,,,,,,
26-Jul-2015,15:30,26-Jul-2015,15:45,Gujarat,Ankleshwar,GIDC, Ankleshwar - GPCB,,,,,,,,,,,,,,,,,,,,,,,,,,,,,,,,,,,,,,,
26-Jul-2015,15:45,26-Jul-2015,16:00,Gujarat,Ankleshwar,GIDC, Ankleshwar - GPCB,,,,,,,,,,,,,,,,,,,,,,,,,,,,,,,,,,,,,,,
26-Jul-2015,16:00,26-Jul-2015,16:15,Gujarat,Ankleshwar,GIDC, Ankleshwar - GPCB,,,,,,,,,,,,,,,,,,,,,,,,,,,,,,,,,,,,,,,
26-Jul-2015,16:15,26-Jul-2015,16:30,Gujarat,Ankleshwar,GIDC, Ankleshwar - GPCB,,,,,,,,,,,,,,,,,,,,,,,,,,,,,,,,,,,,,,,
26-Jul-2015,16:30,26-Jul-2015,16:45,Gujarat,Ankleshwar,GIDC, Ankleshwar - GPCB,,,,,,,,,,,,,,,,,,,,,,,,,,,,,,,,,,,,,,,
26-Jul-2015,16:45,26-Jul-2015,17:00,Gujarat,Ankleshwar,GIDC, Ankleshwar - GPCB,,,,,,,,,,,,,,,,,,,,,,,,,,,,,,,,,,,,,,,
26-Jul-2015,17:00,26-Jul-2015,17:15,Gujarat,Ankleshwar,GIDC, Ankleshwar - GPCB,,,,,,,,,,,,,,,,,,,,,,,,,,,,,,,,,,,,,,,
26-Jul-2015,17:15,26-Jul-2015,17:30,Gujarat,Ankleshwar,GIDC, Ankleshwar - GPCB,,,,,,,,,,,,,,,,,,,,,,,,,,,,,,,,,,,,,,,
26-Jul-2015,17:30,26-Jul-2015,17:45,Gujarat,Ankleshwar,GIDC, Ankleshwar - GPCB,,,,,,,,,,,,,,,,,,,,,,,,,,,,,,,,,,,,,,,
26-Jul-2015,17:45,26-Jul-2015,18:00,Gujarat,Ankleshwar,GIDC, Ankleshwar - GPCB,,,,,,,,,,,,,,,,,,,,,,,,,,,,,,,,,,,,,,,
26-Jul-2015,18:00,26-Jul-2015,18:15,Gujarat,Ankleshwar,GIDC, Ankleshwar - GPCB,,,,,,,,,,,,,,,,,,,,,,,,,,,,,,,,,,,,,,,
26-Jul-2015,18:15,26-Jul-2015,18:30,Gujarat,Ankleshwar,GIDC, Ankleshwar - GPCB,,,,,,,,,,,,,,,,,,,,,,,,,,,,,,,,,,,,,,,
26-Jul-2015,18:30,26-Jul-2015,18:45,Gujarat,Ankleshwar,GIDC, Ankleshwar - GPCB,,,,,,,,,,,,,,,,,,,,,,,,,,,,,,,,,,,,,,,
26-Jul-2015,18:45,26-Jul-2015,19:00,Gujarat,Ankleshwar,GIDC, Ankleshwar - GPCB,,,,,,,,,,,,,,,,,,,,,,,,,,,,,,,,,,,,,,,
26-Jul-2015,19:00,26-Jul-2015,19:15,Gujarat,Ankleshwar,GIDC, Ankleshwar - GPCB,,,,,,,,,,,,,,,,,,,,,,,,,,,,,,,,,,,,,,,
26-Jul-2015,19:15,26-Jul-2015,19:30,Gujarat,Ankleshwar,GIDC, Ankleshwar - GPCB,,,,,,,,,,,,,,,,,,,,,,,,,,,,,,,,,,,,,,,
26-Jul-2015,19:30,26-Jul-2015,19:45,Gujarat,Ankleshwar,GIDC, Ankleshwar - GPCB,,,,,,,,,,,,,,,,,,,,,,,,,,,,,,,,,,,,,,,
26-Jul-2015,19:45,26-Jul-2015,20:00,Gujarat,Ankleshwar,GIDC, Ankleshwar - GPCB,,,,,,,,,,,,,,,,,,,,,,,,,,,,,,,,,,,,,,,
26-Jul-2015,20:00,26-Jul-2015,20:15,Gujarat,Ankleshwar,GIDC, Ankleshwar - GPCB,,,,,,,,,,,,,,,,,,,,,,,,,,,,,,,,,,,,,,,
26-Jul-2015,20:15,26-Jul-2015,20:30,Gujarat,Ankleshwar,GIDC, Ankleshwar - GPCB,,,,,,,,,,,,,,,,,,,,,,,,,,,,,,,,,,,,,,,
26-Jul-2015,20:30,26-Jul-2015,20:45,Gujarat,Ankleshwar,GIDC, Ankleshwar - GPCB,,,,,,,,,,,,,,,,,,,,,,,,,,,,,,,,,,,,,,,
26-Jul-2015,20:45,26-Jul-2015,21:00,Gujarat,Ankleshwar,GIDC, Ankleshwar - GPCB,,,,,,,,,,,,,,,,,,,,,,,,,,,,,,,,,,,,,,,
26-Jul-2015,21:00,26-Jul-2015,21:15,Gujarat,Ankleshwar,GIDC, Ankleshwar - GPCB,,,,,,,,,,,,,,,,,,,,,,,,,,,,,,,,,,,,,,,
26-Jul-2015,21:15,26-Jul-2015,21:30,Gujarat,Ankleshwar,GIDC, Ankleshwar - GPCB,,,,,,,,,,,,,,,,,,,,,,,,,,,,,,,,,,,,,,,
26-Jul-2015,21:30,26-Jul-2015,21:45,Gujarat,Ankleshwar,GIDC, Ankleshwar - GPCB,,,,,,,,,,,,,,,,,,,,,,,,,,,,,,,,,,,,,,,
26-Jul-2015,21:45,26-Jul-2015,22:00,Gujarat,Ankleshwar,GIDC, Ankleshwar - GPCB,,,,,,,,,,,,,,,,,,,,,,,,,,,,,,,,,,,,,,,
26-Jul-2015,22:00,26-Jul-2015,22:15,Gujarat,Ankleshwar,GIDC, Ankleshwar - GPCB,,,,,,,,,,,,,,,,,,,,,,,,,,,,,,,,,,,,,,,
26-Jul-2015,22:15,26-Jul-2015,22:30,Gujarat,Ankleshwar,GIDC, Ankleshwar - GPCB,,,,,,,,,,,,,,,,,,,,,,,,,,,,,,,,,,,,,,,
26-Jul-2015,22:30,26-Jul-2015,22:45,Gujarat,Ankleshwar,GIDC, Ankleshwar - GPCB,,,,,,,,,,,,,,,,,,,,,,,,,,,,,,,,,,,,,,,
26-Jul-2015,22:45,26-Jul-2015,23:00,Gujarat,Ankleshwar,GIDC, Ankleshwar - GPCB,,,,,,,,,,,,,,,,,,,,,,,,,,,,,,,,,,,,,,,
26-Jul-2015,23:00,26-Jul-2015,23:15,Gujarat,Ankleshwar,GIDC, Ankleshwar - GPCB,,,,,,,,,,,,,,,,,,,,,,,,,,,,,,,,,,,,,,,
26-Jul-2015,23:15,26-Jul-2015,23:30,Gujarat,Ankleshwar,GIDC, Ankleshwar - GPCB,,,,,,,,,,,,,,,,,,,,,,,,,,,,,,,,,,,,,,,
26-Jul-2015,23:30,26-Jul-2015,23:45,Gujarat,Ankleshwar,GIDC, Ankleshwar - GPCB,,,,,,,,,,,,,,,,,,,,,,,,,,,,,,,,,,,,,,,
26-Jul-2015,23:45,27-Jul-2015,00:00,Gujarat,Ankleshwar,GIDC, Ankleshwar - GPCB,,,,,,,,,,,,,,,,,,,,,,,,,,,,,,,,,,,,,,,
27-Jul-2015,00:00,27-Jul-2015,00:15,Gujarat,Ankleshwar,GIDC, Ankleshwar - GPCB,,,,,,,,,,,,,,,,,,,,,,,,,,,,,,,,,,,,,,,
27-Jul-2015,00:15,27-Jul-2015,00:30,Gujarat,Ankleshwar,GIDC, Ankleshwar - GPCB,,,,,,,,,,,,,,,,,,,,,,,,,,,,,,,,,,,,,,,
27-Jul-2015,00:30,27-Jul-2015,00:45,Gujarat,Ankleshwar,GIDC, Ankleshwar - GPCB,,,,,,,,,,,,,,,,,,,,,,,,,,,,,,,,,,,,,,,
27-Jul-2015,00:45,27-Jul-2015,01:00,Gujarat,Ankleshwar,GIDC, Ankleshwar - GPCB,,,,,,,,,,,,,,,,,,,,,,,,,,,,,,,,,,,,,,,
27-Jul-2015,01:00,27-Jul-2015,01:15,Gujarat,Ankleshwar,GIDC, Ankleshwar - GPCB,,,,,,,,,,,,,,,,,,,,,,,,,,,,,,,,,,,,,,,
27-Jul-2015,01:15,27-Jul-2015,01:30,Gujarat,Ankleshwar,GIDC, Ankleshwar - GPCB,,,,,,,,,,,,,,,,,,,,,,,,,,,,,,,,,,,,,,,
27-Jul-2015,01:30,27-Jul-2015,01:45,Gujarat,Ankleshwar,GIDC, Ankleshwar - GPCB,,,,,,,,,,,,,,,,,,,,,,,,,,,,,,,,,,,,,,,
27-Jul-2015,01:45,27-Jul-2015,02:00,Gujarat,Ankleshwar,GIDC, Ankleshwar - GPCB,,,,,,,,,,,,,,,,,,,,,,,,,,,,,,,,,,,,,,,
27-Jul-2015,02:00,27-Jul-2015,02:15,Gujarat,Ankleshwar,GIDC, Ankleshwar - GPCB,,,,,,,,,,,,,,,,,,,,,,,,,,,,,,,,,,,,,,,
27-Jul-2015,02:15,27-Jul-2015,02:30,Gujarat,Ankleshwar,GIDC, Ankleshwar - GPCB,,,,,,,,,,,,,,,,,,,,,,,,,,,,,,,,,,,,,,,
27-Jul-2015,02:30,27-Jul-2015,02:45,Gujarat,Ankleshwar,GIDC, Ankleshwar - GPCB,,,,,,,,,,,,,,,,,,,,,,,,,,,,,,,,,,,,,,,
27-Jul-2015,02:45,27-Jul-2015,03:00,Gujarat,Ankleshwar,GIDC, Ankleshwar - GPCB,,,,,,,,,,,,,,,,,,,,,,,,,,,,,,,,,,,,,,,
27-Jul-2015,03:00,27-Jul-2015,03:15,Gujarat,Ankleshwar,GIDC, Ankleshwar - GPCB,,,,,,,,,,,,,,,,,,,,,,,,,,,,,,,,,,,,,,,
27-Jul-2015,03:15,27-Jul-2015,03:30,Gujarat,Ankleshwar,GIDC, Ankleshwar - GPCB,,,,,,,,,,,,,,,,,,,,,,,,,,,,,,,,,,,,,,,
27-Jul-2015,03:30,27-Jul-2015,03:45,Gujarat,Ankleshwar,GIDC, Ankleshwar - GPCB,,,,,,,,,,,,,,,,,,,,,,,,,,,,,,,,,,,,,,,
27-Jul-2015,03:45,27-Jul-2015,04:00,Gujarat,Ankleshwar,GIDC, Ankleshwar - GPCB,,,,,,,,,,,,,,,,,,,,,,,,,,,,,,,,,,,,,,,
27-Jul-2015,04:00,27-Jul-2015,04:15,Gujarat,Ankleshwar,GIDC, Ankleshwar - GPCB,,,,,,,,,,,,,,,,,,,,,,,,,,,,,,,,,,,,,,,
27-Jul-2015,04:15,27-Jul-2015,04:30,Gujarat,Ankleshwar,GIDC, Ankleshwar - GPCB,,,,,,,,,,,,,,,,,,,,,,,,,,,,,,,,,,,,,,,
27-Jul-2015,04:30,27-Jul-2015,04:45,Gujarat,Ankleshwar,GIDC, Ankleshwar - GPCB,,,,,,,,,,,,,,,,,,,,,,,,,,,,,,,,,,,,,,,
27-Jul-2015,04:45,27-Jul-2015,05:00,Gujarat,Ankleshwar,GIDC, Ankleshwar - GPCB,,,,,,,,,,,,,,,,,,,,,,,,,,,,,,,,,,,,,,,
27-Jul-2015,05:00,27-Jul-2015,05:15,Gujarat,Ankleshwar,GIDC, Ankleshwar - GPCB,,,,,,,,,,,,,,,,,,,,,,,,,,,,,,,,,,,,,,,
27-Jul-2015,05:15,27-Jul-2015,05:30,Gujarat,Ankleshwar,GIDC, Ankleshwar - GPCB,,,,,,,,,,,,,,,,,,,,,,,,,,,,,,,,,,,,,,,
27-Jul-2015,05:30,27-Jul-2015,05:45,Gujarat,Ankleshwar,GIDC, Ankleshwar - GPCB,,,,,,,,,,,,,,,,,,,,,,,,,,,,,,,,,,,,,,,
27-Jul-2015,05:45,27-Jul-2015,06:00,Gujarat,Ankleshwar,GIDC, Ankleshwar - GPCB,,,,,,,,,,,,,,,,,,,,,,,,,,,,,,,,,,,,,,,
27-Jul-2015,06:00,27-Jul-2015,06:15,Gujarat,Ankleshwar,GIDC, Ankleshwar - GPCB,,,,,,,,,,,,,,,,,,,,,,,,,,,,,,,,,,,,,,,
27-Jul-2015,06:15,27-Jul-2015,06:30,Gujarat,Ankleshwar,GIDC, Ankleshwar - GPCB,,,,,,,,,,,,,,,,,,,,,,,,,,,,,,,,,,,,,,,
27-Jul-2015,06:30,27-Jul-2015,06:45,Gujarat,Ankleshwar,GIDC, Ankleshwar - GPCB,,,,,,,,,,,,,,,,,,,,,,,,,,,,,,,,,,,,,,,
27-Jul-2015,06:45,27-Jul-2015,07:00,Gujarat,Ankleshwar,GIDC, Ankleshwar - GPCB,,,,,,,,,,,,,,,,,,,,,,,,,,,,,,,,,,,,,,,
27-Jul-2015,07:00,27-Jul-2015,07:15,Gujarat,Ankleshwar,GIDC, Ankleshwar - GPCB,,,,,,,,,,,,,,,,,,,,,,,,,,,,,,,,,,,,,,,
27-Jul-2015,07:15,27-Jul-2015,07:30,Gujarat,Ankleshwar,GIDC, Ankleshwar - GPCB,,,,,,,,,,,,,,,,,,,,,,,,,,,,,,,,,,,,,,,
27-Jul-2015,07:30,27-Jul-2015,07:45,Gujarat,Ankleshwar,GIDC, Ankleshwar - GPCB,,,,,,,,,,,,,,,,,,,,,,,,,,,,,,,,,,,,,,,
27-Jul-2015,07:45,27-Jul-2015,08:00,Gujarat,Ankleshwar,GIDC, Ankleshwar - GPCB,,,,,,,,,,,,,,,,,,,,,,,,,,,,,,,,,,,,,,,
27-Jul-2015,08:00,27-Jul-2015,08:15,Gujarat,Ankleshwar,GIDC, Ankleshwar - GPCB,,,,,,,,,,,,,,,,,,,,,,,,,,,,,,,,,,,,,,,
27-Jul-2015,08:15,27-Jul-2015,08:30,Gujarat,Ankleshwar,GIDC, Ankleshwar - GPCB,,,,,,,,,,,,,,,,,,,,,,,,,,,,,,,,,,,,,,,
27-Jul-2015,08:30,27-Jul-2015,08:45,Gujarat,Ankleshwar,GIDC, Ankleshwar - GPCB,,,,,,,,,,,,,,,,,,,,,,,,,,,,,,,,,,,,,,,
27-Jul-2015,08:45,27-Jul-2015,09:00,Gujarat,Ankleshwar,GIDC, Ankleshwar - GPCB,,,,,,,,,,,,,,,,,,,,,,,,,,,,,,,,,,,,,,,
27-Jul-2015,09:00,27-Jul-2015,09:15,Gujarat,Ankleshwar,GIDC, Ankleshwar - GPCB,,,,,,,,,,,,,,,,,,,,,,,,,,,,,,,,,,,,,,,
27-Jul-2015,09:15,27-Jul-2015,09:30,Gujarat,Ankleshwar,GIDC, Ankleshwar - GPCB,,,,,,,,,,,,,,,,,,,,,,,,,,,,,,,,,,,,,,,
27-Jul-2015,09:30,27-Jul-2015,09:45,Gujarat,Ankleshwar,GIDC, Ankleshwar - GPCB,,,,,,,,,,,,,,,,,,,,,,,,,,,,,,,,,,,,,,,
27-Jul-2015,09:45,27-Jul-2015,10:00,Gujarat,Ankleshwar,GIDC, Ankleshwar - GPCB,,,,,,,,,,,,,,,,,,,,,,,,,,,,,,,,,,,,,,,
27-Jul-2015,10:00,27-Jul-2015,10:15,Gujarat,Ankleshwar,GIDC, Ankleshwar - GPCB,,,,,,,,,,,,,,,,,,,,,,,,,,,,,,,,,,,,,,,
27-Jul-2015,10:15,27-Jul-2015,10:30,Gujarat,Ankleshwar,GIDC, Ankleshwar - GPCB,,,,,,,,,,,,,,,,,,,,,,,,,,,,,,,,,,,,,,,
27-Jul-2015,10:30,27-Jul-2015,10:45,Gujarat,Ankleshwar,GIDC, Ankleshwar - GPCB,,,,,,,,,,,,,,,,,,,,,,,,,,,,,,,,,,,,,,,
27-Jul-2015,10:45,27-Jul-2015,11:00,Gujarat,Ankleshwar,GIDC, Ankleshwar - GPCB,,,,,,,,,,,,,,,,,,,,,,,,,,,,,,,,,,,,,,,
27-Jul-2015,11:00,27-Jul-2015,11:15,Gujarat,Ankleshwar,GIDC, Ankleshwar - GPCB,,,,,,,,,,,,,,,,,,,,,,,,,,,,,,,,,,,,,,,
27-Jul-2015,11:15,27-Jul-2015,11:30,Gujarat,Ankleshwar,GIDC, Ankleshwar - GPCB,,,,,,,,,,,,,,,,,,,,,,,,,,,,,,,,,,,,,,,
27-Jul-2015,11:30,27-Jul-2015,11:45,Gujarat,Ankleshwar,GIDC, Ankleshwar - GPCB,,,,,,,,,,,,,,,,,,,,,,,,,,,,,,,,,,,,,,,
27-Jul-2015,11:45,27-Jul-2015,12:00,Gujarat,Ankleshwar,GIDC, Ankleshwar - GPCB,,,,,,,,,,,,,,,,,,,,,,,,,,,,,,,,,,,,,,,
27-Jul-2015,12:00,27-Jul-2015,12:15,Gujarat,Ankleshwar,GIDC, Ankleshwar - GPCB,,,,,,,,,,,,,,,,,,,,,,,,,,,,,,,,,,,,,,,
27-Jul-2015,12:15,27-Jul-2015,12:30,Gujarat,Ankleshwar,GIDC, Ankleshwar - GPCB,,,,,,,,,,,,,,,,,,,,,,,,,,,,,,,,,,,,,,,
27-Jul-2015,12:30,27-Jul-2015,12:45,Gujarat,Ankleshwar,GIDC, Ankleshwar - GPCB,,,,,,,,,,,,,,,,,,,,,,,,,,,,,,,,,,,,,,,
27-Jul-2015,12:45,27-Jul-2015,13:00,Gujarat,Ankleshwar,GIDC, Ankleshwar - GPCB,,,,,,,,,,,,,,,,,,,,,,,,,,,,,,,,,,,,,,,
27-Jul-2015,13:00,27-Jul-2015,13:15,Gujarat,Ankleshwar,GIDC, Ankleshwar - GPCB,,,,,,,,,,,,,,,,,,,,,,,,,,,,,,,,,,,,,,,
27-Jul-2015,13:15,27-Jul-2015,13:30,Gujarat,Ankleshwar,GIDC, Ankleshwar - GPCB,,,,,,,,,,,,,,,,,,,,,,,,,,,,,,,,,,,,,,,
27-Jul-2015,13:30,27-Jul-2015,13:45,Gujarat,Ankleshwar,GIDC, Ankleshwar - GPCB,,,,,,,,,,,,,,,,,,,,,,,,,,,,,,,,,,,,,,,
27-Jul-2015,13:45,27-Jul-2015,14:00,Gujarat,Ankleshwar,GIDC, Ankleshwar - GPCB,,,,,,,,,,,,,,,,,,,,,,,,,,,,,,,,,,,,,,,
27-Jul-2015,14:00,27-Jul-2015,14:15,Gujarat,Ankleshwar,GIDC, Ankleshwar - GPCB,,,,,,,,,,,,,,,,,,,,,,,,,,,,,,,,,,,,,,,
27-Jul-2015,14:15,27-Jul-2015,14:30,Gujarat,Ankleshwar,GIDC, Ankleshwar - GPCB,,,,,,,,,,,,,,,,,,,,,,,,,,,,,,,,,,,,,,,
27-Jul-2015,14:30,27-Jul-2015,14:45,Gujarat,Ankleshwar,GIDC, Ankleshwar - GPCB,,,,,,,,,,,,,,,,,,,,,,,,,,,,,,,,,,,,,,,
27-Jul-2015,14:45,27-Jul-2015,15:00,Gujarat,Ankleshwar,GIDC, Ankleshwar - GPCB,,,,,,,,,,,,,,,,,,,,,,,,,,,,,,,,,,,,,,,
27-Jul-2015,15:00,27-Jul-2015,15:15,Gujarat,Ankleshwar,GIDC, Ankleshwar - GPCB,,,,,,,,,,,,,,,,,,,,,,,,,,,,,,,,,,,,,,,
27-Jul-2015,15:15,27-Jul-2015,15:30,Gujarat,Ankleshwar,GIDC, Ankleshwar - GPCB,,,,,,,,,,,,,,,,,,,,,,,,,,,,,,,,,,,,,,,
27-Jul-2015,15:30,27-Jul-2015,15:45,Gujarat,Ankleshwar,GIDC, Ankleshwar - GPCB,,,,,,,,,,,,,,,,,,,,,,,,,,,,,,,,,,,,,,,
27-Jul-2015,15:45,27-Jul-2015,16:00,Gujarat,Ankleshwar,GIDC, Ankleshwar - GPCB,,,,,,,,,,,,,,,,,,,,,,,,,,,,,,,,,,,,,,,
27-Jul-2015,16:00,27-Jul-2015,16:15,Gujarat,Ankleshwar,GIDC, Ankleshwar - GPCB,,,,,,,,,,,,,,,,,,,,,,,,,,,,,,,,,,,,,,,
27-Jul-2015,16:15,27-Jul-2015,16:30,Gujarat,Ankleshwar,GIDC, Ankleshwar - GPCB,,,,,,,,,,,,,,,,,,,,,,,,,,,,,,,,,,,,,,,
27-Jul-2015,16:30,27-Jul-2015,16:45,Gujarat,Ankleshwar,GIDC, Ankleshwar - GPCB,,,,,,,,,,,,,,,,,,,,,,,,,,,,,,,,,,,,,,,
27-Jul-2015,16:45,27-Jul-2015,17:00,Gujarat,Ankleshwar,GIDC, Ankleshwar - GPCB,,,,,,,,,,,,,,,,,,,,,,,,,,,,,,,,,,,,,,,
27-Jul-2015,17:00,27-Jul-2015,17:15,Gujarat,Ankleshwar,GIDC, Ankleshwar - GPCB,,,,,,,,,,,,,,,,,,,,,,,,,,,,,,,,,,,,,,,
27-Jul-2015,17:15,27-Jul-2015,17:30,Gujarat,Ankleshwar,GIDC, Ankleshwar - GPCB,,,,,,,,,,,,,,,,,,,,,,,,,,,,,,,,,,,,,,,
27-Jul-2015,17:30,27-Jul-2015,17:45,Gujarat,Ankleshwar,GIDC, Ankleshwar - GPCB,,,,,,,,,,,,,,,,,,,,,,,,,,,,,,,,,,,,,,,
27-Jul-2015,17:45,27-Jul-2015,18:00,Gujarat,Ankleshwar,GIDC, Ankleshwar - GPCB,,,,,,,,,,,,,,,,,,,,,,,,,,,,,,,,,,,,,,,
27-Jul-2015,18:00,27-Jul-2015,18:15,Gujarat,Ankleshwar,GIDC, Ankleshwar - GPCB,,,,,,,,,,,,,,,,,,,,,,,,,,,,,,,,,,,,,,,
27-Jul-2015,18:15,27-Jul-2015,18:30,Gujarat,Ankleshwar,GIDC, Ankleshwar - GPCB,,,,,,,,,,,,,,,,,,,,,,,,,,,,,,,,,,,,,,,
27-Jul-2015,18:30,27-Jul-2015,18:45,Gujarat,Ankleshwar,GIDC, Ankleshwar - GPCB,,,,,,,,,,,,,,,,,,,,,,,,,,,,,,,,,,,,,,,
27-Jul-2015,18:45,27-Jul-2015,19:00,Gujarat,Ankleshwar,GIDC, Ankleshwar - GPCB,,,,,,,,,,,,,,,,,,,,,,,,,,,,,,,,,,,,,,,
27-Jul-2015,19:00,27-Jul-2015,19:15,Gujarat,Ankleshwar,GIDC, Ankleshwar - GPCB,,,,,,,,,,,,,,,,,,,,,,,,,,,,,,,,,,,,,,,
27-Jul-2015,19:15,27-Jul-2015,19:30,Gujarat,Ankleshwar,GIDC, Ankleshwar - GPCB,,,,,,,,,,,,,,,,,,,,,,,,,,,,,,,,,,,,,,,
27-Jul-2015,19:30,27-Jul-2015,19:45,Gujarat,Ankleshwar,GIDC, Ankleshwar - GPCB,,,,,,,,,,,,,,,,,,,,,,,,,,,,,,,,,,,,,,,
27-Jul-2015,19:45,27-Jul-2015,20:00,Gujarat,Ankleshwar,GIDC, Ankleshwar - GPCB,,,,,,,,,,,,,,,,,,,,,,,,,,,,,,,,,,,,,,,
27-Jul-2015,20:00,27-Jul-2015,20:15,Gujarat,Ankleshwar,GIDC, Ankleshwar - GPCB,,,,,,,,,,,,,,,,,,,,,,,,,,,,,,,,,,,,,,,
27-Jul-2015,20:15,27-Jul-2015,20:30,Gujarat,Ankleshwar,GIDC, Ankleshwar - GPCB,,,,,,,,,,,,,,,,,,,,,,,,,,,,,,,,,,,,,,,
27-Jul-2015,20:30,27-Jul-2015,20:45,Gujarat,Ankleshwar,GIDC, Ankleshwar - GPCB,,,,,,,,,,,,,,,,,,,,,,,,,,,,,,,,,,,,,,,
27-Jul-2015,20:45,27-Jul-2015,21:00,Gujarat,Ankleshwar,GIDC, Ankleshwar - GPCB,,,,,,,,,,,,,,,,,,,,,,,,,,,,,,,,,,,,,,,
27-Jul-2015,21:00,27-Jul-2015,21:15,Gujarat,Ankleshwar,GIDC, Ankleshwar - GPCB,,,,,,,,,,,,,,,,,,,,,,,,,,,,,,,,,,,,,,,
27-Jul-2015,21:15,27-Jul-2015,21:30,Gujarat,Ankleshwar,GIDC, Ankleshwar - GPCB,,,,,,,,,,,,,,,,,,,,,,,,,,,,,,,,,,,,,,,
27-Jul-2015,21:30,27-Jul-2015,21:45,Gujarat,Ankleshwar,GIDC, Ankleshwar - GPCB,,,,,,,,,,,,,,,,,,,,,,,,,,,,,,,,,,,,,,,
27-Jul-2015,21:45,27-Jul-2015,22:00,Gujarat,Ankleshwar,GIDC, Ankleshwar - GPCB,,,,,,,,,,,,,,,,,,,,,,,,,,,,,,,,,,,,,,,
27-Jul-2015,22:00,27-Jul-2015,22:15,Gujarat,Ankleshwar,GIDC, Ankleshwar - GPCB,,,,,,,,,,,,,,,,,,,,,,,,,,,,,,,,,,,,,,,
27-Jul-2015,22:15,27-Jul-2015,22:30,Gujarat,Ankleshwar,GIDC, Ankleshwar - GPCB,,,,,,,,,,,,,,,,,,,,,,,,,,,,,,,,,,,,,,,
27-Jul-2015,22:30,27-Jul-2015,22:45,Gujarat,Ankleshwar,GIDC, Ankleshwar - GPCB,,,,,,,,,,,,,,,,,,,,,,,,,,,,,,,,,,,,,,,
27-Jul-2015,22:45,27-Jul-2015,23:00,Gujarat,Ankleshwar,GIDC, Ankleshwar - GPCB,,,,,,,,,,,,,,,,,,,,,,,,,,,,,,,,,,,,,,,
27-Jul-2015,23:00,27-Jul-2015,23:15,Gujarat,Ankleshwar,GIDC, Ankleshwar - GPCB,,,,,,,,,,,,,,,,,,,,,,,,,,,,,,,,,,,,,,,
27-Jul-2015,23:15,27-Jul-2015,23:30,Gujarat,Ankleshwar,GIDC, Ankleshwar - GPCB,,,,,,,,,,,,,,,,,,,,,,,,,,,,,,,,,,,,,,,
27-Jul-2015,23:30,27-Jul-2015,23:45,Gujarat,Ankleshwar,GIDC, Ankleshwar - GPCB,,,,,,,,,,,,,,,,,,,,,,,,,,,,,,,,,,,,,,,
27-Jul-2015,23:45,28-Jul-2015,00:00,Gujarat,Ankleshwar,GIDC, Ankleshwar - GPCB,,,,,,,,,,,,,,,,,,,,,,,,,,,,,,,,,,,,,,,
28-Jul-2015,00:00,28-Jul-2015,00:15,Gujarat,Ankleshwar,GIDC, Ankleshwar - GPCB,,,,,,,,,,,,,,,,,,,,,,,,,,,,,,,,,,,,,,,
28-Jul-2015,00:15,28-Jul-2015,00:30,Gujarat,Ankleshwar,GIDC, Ankleshwar - GPCB,,,,,,,,,,,,,,,,,,,,,,,,,,,,,,,,,,,,,,,
28-Jul-2015,00:30,28-Jul-2015,00:45,Gujarat,Ankleshwar,GIDC, Ankleshwar - GPCB,,,,,,,,,,,,,,,,,,,,,,,,,,,,,,,,,,,,,,,
28-Jul-2015,00:45,28-Jul-2015,01:00,Gujarat,Ankleshwar,GIDC, Ankleshwar - GPCB,,,,,,,,,,,,,,,,,,,,,,,,,,,,,,,,,,,,,,,
28-Jul-2015,01:00,28-Jul-2015,01:15,Gujarat,Ankleshwar,GIDC, Ankleshwar - GPCB,,,,,,,,,,,,,,,,,,,,,,,,,,,,,,,,,,,,,,,
28-Jul-2015,01:15,28-Jul-2015,01:30,Gujarat,Ankleshwar,GIDC, Ankleshwar - GPCB,,,,,,,,,,,,,,,,,,,,,,,,,,,,,,,,,,,,,,,
28-Jul-2015,01:30,28-Jul-2015,01:45,Gujarat,Ankleshwar,GIDC, Ankleshwar - GPCB,,,,,,,,,,,,,,,,,,,,,,,,,,,,,,,,,,,,,,,
28-Jul-2015,01:45,28-Jul-2015,02:00,Gujarat,Ankleshwar,GIDC, Ankleshwar - GPCB,,,,,,,,,,,,,,,,,,,,,,,,,,,,,,,,,,,,,,,
28-Jul-2015,02:00,28-Jul-2015,02:15,Gujarat,Ankleshwar,GIDC, Ankleshwar - GPCB,,,,,,,,,,,,,,,,,,,,,,,,,,,,,,,,,,,,,,,
28-Jul-2015,02:15,28-Jul-2015,02:30,Gujarat,Ankleshwar,GIDC, Ankleshwar - GPCB,,,,,,,,,,,,,,,,,,,,,,,,,,,,,,,,,,,,,,,
28-Jul-2015,02:30,28-Jul-2015,02:45,Gujarat,Ankleshwar,GIDC, Ankleshwar - GPCB,,,,,,,,,,,,,,,,,,,,,,,,,,,,,,,,,,,,,,,
28-Jul-2015,02:45,28-Jul-2015,03:00,Gujarat,Ankleshwar,GIDC, Ankleshwar - GPCB,,,,,,,,,,,,,,,,,,,,,,,,,,,,,,,,,,,,,,,
28-Jul-2015,03:00,28-Jul-2015,03:15,Gujarat,Ankleshwar,GIDC, Ankleshwar - GPCB,,,,,,,,,,,,,,,,,,,,,,,,,,,,,,,,,,,,,,,
28-Jul-2015,03:15,28-Jul-2015,03:30,Gujarat,Ankleshwar,GIDC, Ankleshwar - GPCB,,,,,,,,,,,,,,,,,,,,,,,,,,,,,,,,,,,,,,,
28-Jul-2015,03:30,28-Jul-2015,03:45,Gujarat,Ankleshwar,GIDC, Ankleshwar - GPCB,,,,,,,,,,,,,,,,,,,,,,,,,,,,,,,,,,,,,,,
28-Jul-2015,03:45,28-Jul-2015,04:00,Gujarat,Ankleshwar,GIDC, Ankleshwar - GPCB,,,,,,,,,,,,,,,,,,,,,,,,,,,,,,,,,,,,,,,
28-Jul-2015,04:00,28-Jul-2015,04:15,Gujarat,Ankleshwar,GIDC, Ankleshwar - GPCB,,,,,,,,,,,,,,,,,,,,,,,,,,,,,,,,,,,,,,,
28-Jul-2015,04:15,28-Jul-2015,04:30,Gujarat,Ankleshwar,GIDC, Ankleshwar - GPCB,,,,,,,,,,,,,,,,,,,,,,,,,,,,,,,,,,,,,,,
28-Jul-2015,04:30,28-Jul-2015,04:45,Gujarat,Ankleshwar,GIDC, Ankleshwar - GPCB,,,,,,,,,,,,,,,,,,,,,,,,,,,,,,,,,,,,,,,
28-Jul-2015,04:45,28-Jul-2015,05:00,Gujarat,Ankleshwar,GIDC, Ankleshwar - GPCB,,,,,,,,,,,,,,,,,,,,,,,,,,,,,,,,,,,,,,,
28-Jul-2015,05:00,28-Jul-2015,05:15,Gujarat,Ankleshwar,GIDC, Ankleshwar - GPCB,,,,,,,,,,,,,,,,,,,,,,,,,,,,,,,,,,,,,,,
28-Jul-2015,05:15,28-Jul-2015,05:30,Gujarat,Ankleshwar,GIDC, Ankleshwar - GPCB,,,,,,,,,,,,,,,,,,,,,,,,,,,,,,,,,,,,,,,
28-Jul-2015,05:30,28-Jul-2015,05:45,Gujarat,Ankleshwar,GIDC, Ankleshwar - GPCB,,,,,,,,,,,,,,,,,,,,,,,,,,,,,,,,,,,,,,,
28-Jul-2015,05:45,28-Jul-2015,06:00,Gujarat,Ankleshwar,GIDC, Ankleshwar - GPCB,,,,,,,,,,,,,,,,,,,,,,,,,,,,,,,,,,,,,,,
28-Jul-2015,06:00,28-Jul-2015,06:15,Gujarat,Ankleshwar,GIDC, Ankleshwar - GPCB,,,,,,,,,,,,,,,,,,,,,,,,,,,,,,,,,,,,,,,
28-Jul-2015,06:15,28-Jul-2015,06:30,Gujarat,Ankleshwar,GIDC, Ankleshwar - GPCB,,,,,,,,,,,,,,,,,,,,,,,,,,,,,,,,,,,,,,,
28-Jul-2015,06:30,28-Jul-2015,06:45,Gujarat,Ankleshwar,GIDC, Ankleshwar - GPCB,,,,,,,,,,,,,,,,,,,,,,,,,,,,,,,,,,,,,,,
28-Jul-2015,06:45,28-Jul-2015,07:00,Gujarat,Ankleshwar,GIDC, Ankleshwar - GPCB,,,,,,,,,,,,,,,,,,,,,,,,,,,,,,,,,,,,,,,
28-Jul-2015,07:00,28-Jul-2015,07:15,Gujarat,Ankleshwar,GIDC, Ankleshwar - GPCB,,,,,,,,,,,,,,,,,,,,,,,,,,,,,,,,,,,,,,,
28-Jul-2015,07:15,28-Jul-2015,07:30,Gujarat,Ankleshwar,GIDC, Ankleshwar - GPCB,,,,,,,,,,,,,,,,,,,,,,,,,,,,,,,,,,,,,,,
28-Jul-2015,07:30,28-Jul-2015,07:45,Gujarat,Ankleshwar,GIDC, Ankleshwar - GPCB,,,,,,,,,,,,,,,,,,,,,,,,,,,,,,,,,,,,,,,
28-Jul-2015,07:45,28-Jul-2015,08:00,Gujarat,Ankleshwar,GIDC, Ankleshwar - GPCB,,,,,,,,,,,,,,,,,,,,,,,,,,,,,,,,,,,,,,,
28-Jul-2015,08:00,28-Jul-2015,08:15,Gujarat,Ankleshwar,GIDC, Ankleshwar - GPCB,,,,,,,,,,,,,,,,,,,,,,,,,,,,,,,,,,,,,,,
28-Jul-2015,08:15,28-Jul-2015,08:30,Gujarat,Ankleshwar,GIDC, Ankleshwar - GPCB,,,,,,,,,,,,,,,,,,,,,,,,,,,,,,,,,,,,,,,
28-Jul-2015,08:30,28-Jul-2015,08:45,Gujarat,Ankleshwar,GIDC, Ankleshwar - GPCB,,,,,,,,,,,,,,,,,,,,,,,,,,,,,,,,,,,,,,,
28-Jul-2015,08:45,28-Jul-2015,09:00,Gujarat,Ankleshwar,GIDC, Ankleshwar - GPCB,,,,,,,,,,,,,,,,,,,,,,,,,,,,,,,,,,,,,,,
28-Jul-2015,09:00,28-Jul-2015,09:15,Gujarat,Ankleshwar,GIDC, Ankleshwar - GPCB,,,,,,,,,,,,,,,,,,,,,,,,,,,,,,,,,,,,,,,
28-Jul-2015,09:15,28-Jul-2015,09:30,Gujarat,Ankleshwar,GIDC, Ankleshwar - GPCB,,,,,,,,,,,,,,,,,,,,,,,,,,,,,,,,,,,,,,,
28-Jul-2015,09:30,28-Jul-2015,09:45,Gujarat,Ankleshwar,GIDC, Ankleshwar - GPCB,,,,,,,,,,,,,,,,,,,,,,,,,,,,,,,,,,,,,,,
28-Jul-2015,09:45,28-Jul-2015,10:00,Gujarat,Ankleshwar,GIDC, Ankleshwar - GPCB,,,,,,,,,,,,,,,,,,,,,,,,,,,,,,,,,,,,,,,
28-Jul-2015,10:00,28-Jul-2015,10:15,Gujarat,Ankleshwar,GIDC, Ankleshwar - GPCB,,,,,,,,,,,,,,,,,,,,,,,,,,,,,,,,,,,,,,,
28-Jul-2015,10:15,28-Jul-2015,10:30,Gujarat,Ankleshwar,GIDC, Ankleshwar - GPCB,,,,,,,,,,,,,,,,,,,,,,,,,,,,,,,,,,,,,,,
28-Jul-2015,10:30,28-Jul-2015,10:45,Gujarat,Ankleshwar,GIDC, Ankleshwar - GPCB,,,,,,,,,,,,,,,,,,,,,,,,,,,,,,,,,,,,,,,
28-Jul-2015,10:45,28-Jul-2015,11:00,Gujarat,Ankleshwar,GIDC, Ankleshwar - GPCB,,,,,,,,,,,,,,,,,,,,,,,,,,,,,,,,,,,,,,,
28-Jul-2015,11:00,28-Jul-2015,11:15,Gujarat,Ankleshwar,GIDC, Ankleshwar - GPCB,,,,,,,,,,,,,,,,,,,,,,,,,,,,,,,,,,,,,,,
28-Jul-2015,11:15,28-Jul-2015,11:30,Gujarat,Ankleshwar,GIDC, Ankleshwar - GPCB,,,,,,,,,,,,,,,,,,,,,,,,,,,,,,,,,,,,,,,
28-Jul-2015,11:30,28-Jul-2015,11:45,Gujarat,Ankleshwar,GIDC, Ankleshwar - GPCB,,,,,,,,,,,,,,,,,,,,,,,,,,,,,,,,,,,,,,,
28-Jul-2015,11:45,28-Jul-2015,12:00,Gujarat,Ankleshwar,GIDC, Ankleshwar - GPCB,,,,,,,,,,,,,,,,,,,,,,,,,,,,,,,,,,,,,,,
28-Jul-2015,12:00,28-Jul-2015,12:15,Gujarat,Ankleshwar,GIDC, Ankleshwar - GPCB,,,,,,,,,,,,,,,,,,,,,,,,,,,,,,,,,,,,,,,
28-Jul-2015,12:15,28-Jul-2015,12:30,Gujarat,Ankleshwar,GIDC, Ankleshwar - GPCB,,,,,,,,,,,,,,,,,,,,,,,,,,,,,,,,,,,,,,,
28-Jul-2015,12:30,28-Jul-2015,12:45,Gujarat,Ankleshwar,GIDC, Ankleshwar - GPCB,,,,,,,,,,,,,,,,,,,,,,,,,,,,,,,,,,,,,,,
28-Jul-2015,12:45,28-Jul-2015,13:00,Gujarat,Ankleshwar,GIDC, Ankleshwar - GPCB,,,,,,,,,,,,,,,,,,,,,,,,,,,,,,,,,,,,,,,
28-Jul-2015,13:00,28-Jul-2015,13:15,Gujarat,Ankleshwar,GIDC, Ankleshwar - GPCB,,,,,,,,,,,,,,,,,,,,,,,,,,,,,,,,,,,,,,,
28-Jul-2015,13:15,28-Jul-2015,13:30,Gujarat,Ankleshwar,GIDC, Ankleshwar - GPCB,,,,,,,,,,,,,,,,,,,,,,,,,,,,,,,,,,,,,,,
28-Jul-2015,13:30,28-Jul-2015,13:45,Gujarat,Ankleshwar,GIDC, Ankleshwar - GPCB,,,,,,,,,,,,,,,,,,,,,,,,,,,,,,,,,,,,,,,
28-Jul-2015,13:45,28-Jul-2015,14:00,Gujarat,Ankleshwar,GIDC, Ankleshwar - GPCB,,,,,,,,,,,,,,,,,,,,,,,,,,,,,,,,,,,,,,,
28-Jul-2015,14:00,28-Jul-2015,14:15,Gujarat,Ankleshwar,GIDC, Ankleshwar - GPCB,,,,,,,,,,,,,,,,,,,,,,,,,,,,,,,,,,,,,,,
28-Jul-2015,14:15,28-Jul-2015,14:30,Gujarat,Ankleshwar,GIDC, Ankleshwar - GPCB,,,,,,,,,,,,,,,,,,,,,,,,,,,,,,,,,,,,,,,
28-Jul-2015,14:30,28-Jul-2015,14:45,Gujarat,Ankleshwar,GIDC, Ankleshwar - GPCB,,,,,,,,,,,,,,,,,,,,,,,,,,,,,,,,,,,,,,,
28-Jul-2015,14:45,28-Jul-2015,15:00,Gujarat,Ankleshwar,GIDC, Ankleshwar - GPCB,,,,,,,,,,,,,,,,,,,,,,,,,,,,,,,,,,,,,,,
28-Jul-2015,15:00,28-Jul-2015,15:15,Gujarat,Ankleshwar,GIDC, Ankleshwar - GPCB,,,,,,,,,,,,,,,,,,,,,,,,,,,,,,,,,,,,,,,
28-Jul-2015,15:15,28-Jul-2015,15:30,Gujarat,Ankleshwar,GIDC, Ankleshwar - GPCB,,,,,,,,,,,,,,,,,,,,,,,,,,,,,,,,,,,,,,,
28-Jul-2015,15:30,28-Jul-2015,15:45,Gujarat,Ankleshwar,GIDC, Ankleshwar - GPCB,,,,,,,,,,,,,,,,,,,,,,,,,,,,,,,,,,,,,,,
28-Jul-2015,15:45,28-Jul-2015,16:00,Gujarat,Ankleshwar,GIDC, Ankleshwar - GPCB,,,,,,,,,,,,,,,,,,,,,,,,,,,,,,,,,,,,,,,
28-Jul-2015,16:00,28-Jul-2015,16:15,Gujarat,Ankleshwar,GIDC, Ankleshwar - GPCB,,,,,,,,,,,,,,,,,,,,,,,,,,,,,,,,,,,,,,,
28-Jul-2015,16:15,28-Jul-2015,16:30,Gujarat,Ankleshwar,GIDC, Ankleshwar - GPCB,,,,,,,,,,,,,,,,,,,,,,,,,,,,,,,,,,,,,,,
28-Jul-2015,16:30,28-Jul-2015,16:45,Gujarat,Ankleshwar,GIDC, Ankleshwar - GPCB,,,,,,,,,,,,,,,,,,,,,,,,,,,,,,,,,,,,,,,
28-Jul-2015,16:45,28-Jul-2015,17:00,Gujarat,Ankleshwar,GIDC, Ankleshwar - GPCB,,,,,,,,,,,,,,,,,,,,,,,,,,,,,,,,,,,,,,,
28-Jul-2015,17:00,28-Jul-2015,17:15,Gujarat,Ankleshwar,GIDC, Ankleshwar - GPCB,,,,,,,,,,,,,,,,,,,,,,,,,,,,,,,,,,,,,,,
28-Jul-2015,17:15,28-Jul-2015,17:30,Gujarat,Ankleshwar,GIDC, Ankleshwar - GPCB,,,,,,,,,,,,,,,,,,,,,,,,,,,,,,,,,,,,,,,
28-Jul-2015,17:30,28-Jul-2015,17:45,Gujarat,Ankleshwar,GIDC, Ankleshwar - GPCB,,,,,,,,,,,,,,,,,,,,,,,,,,,,,,,,,,,,,,,
28-Jul-2015,17:45,28-Jul-2015,18:00,Gujarat,Ankleshwar,GIDC, Ankleshwar - GPCB,,,,,,,,,,,,,,,,,,,,,,,,,,,,,,,,,,,,,,,
28-Jul-2015,18:00,28-Jul-2015,18:15,Gujarat,Ankleshwar,GIDC, Ankleshwar - GPCB,,,,,,,,,,,,,,,,,,,,,,,,,,,,,,,,,,,,,,,
28-Jul-2015,18:15,28-Jul-2015,18:30,Gujarat,Ankleshwar,GIDC, Ankleshwar - GPCB,,,,,,,,,,,,,,,,,,,,,,,,,,,,,,,,,,,,,,,
28-Jul-2015,18:30,28-Jul-2015,18:45,Gujarat,Ankleshwar,GIDC, Ankleshwar - GPCB,,,,,,,,,,,,,,,,,,,,,,,,,,,,,,,,,,,,,,,
28-Jul-2015,18:45,28-Jul-2015,19:00,Gujarat,Ankleshwar,GIDC, Ankleshwar - GPCB,,,,,,,,,,,,,,,,,,,,,,,,,,,,,,,,,,,,,,,
28-Jul-2015,19:00,28-Jul-2015,19:15,Gujarat,Ankleshwar,GIDC, Ankleshwar - GPCB,,,,,,,,,,,,,,,,,,,,,,,,,,,,,,,,,,,,,,,
28-Jul-2015,19:15,28-Jul-2015,19:30,Gujarat,Ankleshwar,GIDC, Ankleshwar - GPCB,,,,,,,,,,,,,,,,,,,,,,,,,,,,,,,,,,,,,,,
28-Jul-2015,19:30,28-Jul-2015,19:45,Gujarat,Ankleshwar,GIDC, Ankleshwar - GPCB,,,,,,,,,,,,,,,,,,,,,,,,,,,,,,,,,,,,,,,
28-Jul-2015,19:45,28-Jul-2015,20:00,Gujarat,Ankleshwar,GIDC, Ankleshwar - GPCB,,,,,,,,,,,,,,,,,,,,,,,,,,,,,,,,,,,,,,,
28-Jul-2015,20:00,28-Jul-2015,20:15,Gujarat,Ankleshwar,GIDC, Ankleshwar - GPCB,,,,,,,,,,,,,,,,,,,,,,,,,,,,,,,,,,,,,,,
28-Jul-2015,20:15,28-Jul-2015,20:30,Gujarat,Ankleshwar,GIDC, Ankleshwar - GPCB,,,,,,,,,,,,,,,,,,,,,,,,,,,,,,,,,,,,,,,
28-Jul-2015,20:30,28-Jul-2015,20:45,Gujarat,Ankleshwar,GIDC, Ankleshwar - GPCB,,,,,,,,,,,,,,,,,,,,,,,,,,,,,,,,,,,,,,,
28-Jul-2015,20:45,28-Jul-2015,21:00,Gujarat,Ankleshwar,GIDC, Ankleshwar - GPCB,,,,,,,,,,,,,,,,,,,,,,,,,,,,,,,,,,,,,,,
28-Jul-2015,21:00,28-Jul-2015,21:15,Gujarat,Ankleshwar,GIDC, Ankleshwar - GPCB,,,,,,,,,,,,,,,,,,,,,,,,,,,,,,,,,,,,,,,
28-Jul-2015,21:15,28-Jul-2015,21:30,Gujarat,Ankleshwar,GIDC, Ankleshwar - GPCB,,,,,,,,,,,,,,,,,,,,,,,,,,,,,,,,,,,,,,,
28-Jul-2015,21:30,28-Jul-2015,21:45,Gujarat,Ankleshwar,GIDC, Ankleshwar - GPCB,,,,,,,,,,,,,,,,,,,,,,,,,,,,,,,,,,,,,,,
28-Jul-2015,21:45,28-Jul-2015,22:00,Gujarat,Ankleshwar,GIDC, Ankleshwar - GPCB,,,,,,,,,,,,,,,,,,,,,,,,,,,,,,,,,,,,,,,
28-Jul-2015,22:00,28-Jul-2015,22:15,Gujarat,Ankleshwar,GIDC, Ankleshwar - GPCB,,,,,,,,,,,,,,,,,,,,,,,,,,,,,,,,,,,,,,,
28-Jul-2015,22:15,28-Jul-2015,22:30,Gujarat,Ankleshwar,GIDC, Ankleshwar - GPCB,,,,,,,,,,,,,,,,,,,,,,,,,,,,,,,,,,,,,,,
28-Jul-2015,22:30,28-Jul-2015,22:45,Gujarat,Ankleshwar,GIDC, Ankleshwar - GPCB,,,,,,,,,,,,,,,,,,,,,,,,,,,,,,,,,,,,,,,
28-Jul-2015,22:45,28-Jul-2015,23:00,Gujarat,Ankleshwar,GIDC, Ankleshwar - GPCB,,,,,,,,,,,,,,,,,,,,,,,,,,,,,,,,,,,,,,,
28-Jul-2015,23:00,28-Jul-2015,23:15,Gujarat,Ankleshwar,GIDC, Ankleshwar - GPCB,,,,,,,,,,,,,,,,,,,,,,,,,,,,,,,,,,,,,,,
28-Jul-2015,23:15,28-Jul-2015,23:30,Gujarat,Ankleshwar,GIDC, Ankleshwar - GPCB,,,,,,,,,,,,,,,,,,,,,,,,,,,,,,,,,,,,,,,
28-Jul-2015,23:30,28-Jul-2015,23:45,Gujarat,Ankleshwar,GIDC, Ankleshwar - GPCB,,,,,,,,,,,,,,,,,,,,,,,,,,,,,,,,,,,,,,,
28-Jul-2015,23:45,29-Jul-2015,00:00,Gujarat,Ankleshwar,GIDC, Ankleshwar - GPCB,,,,,,,,,,,,,,,,,,,,,,,,,,,,,,,,,,,,,,,
29-Jul-2015,00:00,29-Jul-2015,00:15,Gujarat,Ankleshwar,GIDC, Ankleshwar - GPCB,,,,,,,,,,,,,,,,,,,,,,,,,,,,,,,,,,,,,,,
29-Jul-2015,00:15,29-Jul-2015,00:30,Gujarat,Ankleshwar,GIDC, Ankleshwar - GPCB,,,,,,,,,,,,,,,,,,,,,,,,,,,,,,,,,,,,,,,
29-Jul-2015,00:30,29-Jul-2015,00:45,Gujarat,Ankleshwar,GIDC, Ankleshwar - GPCB,,,,,,,,,,,,,,,,,,,,,,,,,,,,,,,,,,,,,,,
29-Jul-2015,00:45,29-Jul-2015,01:00,Gujarat,Ankleshwar,GIDC, Ankleshwar - GPCB,,,,,,,,,,,,,,,,,,,,,,,,,,,,,,,,,,,,,,,
29-Jul-2015,01:00,29-Jul-2015,01:15,Gujarat,Ankleshwar,GIDC, Ankleshwar - GPCB,,,,,,,,,,,,,,,,,,,,,,,,,,,,,,,,,,,,,,,
29-Jul-2015,01:15,29-Jul-2015,01:30,Gujarat,Ankleshwar,GIDC, Ankleshwar - GPCB,,,,,,,,,,,,,,,,,,,,,,,,,,,,,,,,,,,,,,,
29-Jul-2015,01:30,29-Jul-2015,01:45,Gujarat,Ankleshwar,GIDC, Ankleshwar - GPCB,,,,,,,,,,,,,,,,,,,,,,,,,,,,,,,,,,,,,,,
29-Jul-2015,01:45,29-Jul-2015,02:00,Gujarat,Ankleshwar,GIDC, Ankleshwar - GPCB,,,,,,,,,,,,,,,,,,,,,,,,,,,,,,,,,,,,,,,
29-Jul-2015,02:00,29-Jul-2015,02:15,Gujarat,Ankleshwar,GIDC, Ankleshwar - GPCB,,,,,,,,,,,,,,,,,,,,,,,,,,,,,,,,,,,,,,,
29-Jul-2015,02:15,29-Jul-2015,02:30,Gujarat,Ankleshwar,GIDC, Ankleshwar - GPCB,,,,,,,,,,,,,,,,,,,,,,,,,,,,,,,,,,,,,,,
29-Jul-2015,02:30,29-Jul-2015,02:45,Gujarat,Ankleshwar,GIDC, Ankleshwar - GPCB,,,,,,,,,,,,,,,,,,,,,,,,,,,,,,,,,,,,,,,
29-Jul-2015,02:45,29-Jul-2015,03:00,Gujarat,Ankleshwar,GIDC, Ankleshwar - GPCB,,,,,,,,,,,,,,,,,,,,,,,,,,,,,,,,,,,,,,,
29-Jul-2015,03:00,29-Jul-2015,03:15,Gujarat,Ankleshwar,GIDC, Ankleshwar - GPCB,,,,,,,,,,,,,,,,,,,,,,,,,,,,,,,,,,,,,,,
29-Jul-2015,03:15,29-Jul-2015,03:30,Gujarat,Ankleshwar,GIDC, Ankleshwar - GPCB,,,,,,,,,,,,,,,,,,,,,,,,,,,,,,,,,,,,,,,
29-Jul-2015,03:30,29-Jul-2015,03:45,Gujarat,Ankleshwar,GIDC, Ankleshwar - GPCB,,,,,,,,,,,,,,,,,,,,,,,,,,,,,,,,,,,,,,,
29-Jul-2015,03:45,29-Jul-2015,04:00,Gujarat,Ankleshwar,GIDC, Ankleshwar - GPCB,,,,,,,,,,,,,,,,,,,,,,,,,,,,,,,,,,,,,,,
29-Jul-2015,04:00,29-Jul-2015,04:15,Gujarat,Ankleshwar,GIDC, Ankleshwar - GPCB,,,,,,,,,,,,,,,,,,,,,,,,,,,,,,,,,,,,,,,
29-Jul-2015,04:15,29-Jul-2015,04:30,Gujarat,Ankleshwar,GIDC, Ankleshwar - GPCB,,,,,,,,,,,,,,,,,,,,,,,,,,,,,,,,,,,,,,,
29-Jul-2015,04:30,29-Jul-2015,04:45,Gujarat,Ankleshwar,GIDC, Ankleshwar - GPCB,,,,,,,,,,,,,,,,,,,,,,,,,,,,,,,,,,,,,,,
29-Jul-2015,04:45,29-Jul-2015,05:00,Gujarat,Ankleshwar,GIDC, Ankleshwar - GPCB,,,,,,,,,,,,,,,,,,,,,,,,,,,,,,,,,,,,,,,
29-Jul-2015,05:00,29-Jul-2015,05:15,Gujarat,Ankleshwar,GIDC, Ankleshwar - GPCB,,,,,,,,,,,,,,,,,,,,,,,,,,,,,,,,,,,,,,,
29-Jul-2015,05:15,29-Jul-2015,05:30,Gujarat,Ankleshwar,GIDC, Ankleshwar - GPCB,,,,,,,,,,,,,,,,,,,,,,,,,,,,,,,,,,,,,,,
29-Jul-2015,05:30,29-Jul-2015,05:45,Gujarat,Ankleshwar,GIDC, Ankleshwar - GPCB,,,,,,,,,,,,,,,,,,,,,,,,,,,,,,,,,,,,,,,
29-Jul-2015,05:45,29-Jul-2015,06:00,Gujarat,Ankleshwar,GIDC, Ankleshwar - GPCB,,,,,,,,,,,,,,,,,,,,,,,,,,,,,,,,,,,,,,,
29-Jul-2015,06:00,29-Jul-2015,06:15,Gujarat,Ankleshwar,GIDC, Ankleshwar - GPCB,,,,,,,,,,,,,,,,,,,,,,,,,,,,,,,,,,,,,,,
29-Jul-2015,06:15,29-Jul-2015,06:30,Gujarat,Ankleshwar,GIDC, Ankleshwar - GPCB,,,,,,,,,,,,,,,,,,,,,,,,,,,,,,,,,,,,,,,
29-Jul-2015,06:30,29-Jul-2015,06:45,Gujarat,Ankleshwar,GIDC, Ankleshwar - GPCB,,,,,,,,,,,,,,,,,,,,,,,,,,,,,,,,,,,,,,,
29-Jul-2015,06:45,29-Jul-2015,07:00,Gujarat,Ankleshwar,GIDC, Ankleshwar - GPCB,,,,,,,,,,,,,,,,,,,,,,,,,,,,,,,,,,,,,,,
29-Jul-2015,07:00,29-Jul-2015,07:15,Gujarat,Ankleshwar,GIDC, Ankleshwar - GPCB,,,,,,,,,,,,,,,,,,,,,,,,,,,,,,,,,,,,,,,
29-Jul-2015,07:15,29-Jul-2015,07:30,Gujarat,Ankleshwar,GIDC, Ankleshwar - GPCB,,,,,,,,,,,,,,,,,,,,,,,,,,,,,,,,,,,,,,,
29-Jul-2015,07:30,29-Jul-2015,07:45,Gujarat,Ankleshwar,GIDC, Ankleshwar - GPCB,,,,,,,,,,,,,,,,,,,,,,,,,,,,,,,,,,,,,,,
29-Jul-2015,07:45,29-Jul-2015,08:00,Gujarat,Ankleshwar,GIDC, Ankleshwar - GPCB,,,,,,,,,,,,,,,,,,,,,,,,,,,,,,,,,,,,,,,
29-Jul-2015,08:00,29-Jul-2015,08:15,Gujarat,Ankleshwar,GIDC, Ankleshwar - GPCB,,,,,,,,,,,,,,,,,,,,,,,,,,,,,,,,,,,,,,,
29-Jul-2015,08:15,29-Jul-2015,08:30,Gujarat,Ankleshwar,GIDC, Ankleshwar - GPCB,,,,,,,,,,,,,,,,,,,,,,,,,,,,,,,,,,,,,,,
29-Jul-2015,08:30,29-Jul-2015,08:45,Gujarat,Ankleshwar,GIDC, Ankleshwar - GPCB,,,,,,,,,,,,,,,,,,,,,,,,,,,,,,,,,,,,,,,
29-Jul-2015,08:45,29-Jul-2015,09:00,Gujarat,Ankleshwar,GIDC, Ankleshwar - GPCB,,,,,,,,,,,,,,,,,,,,,,,,,,,,,,,,,,,,,,,
29-Jul-2015,09:00,29-Jul-2015,09:15,Gujarat,Ankleshwar,GIDC, Ankleshwar - GPCB,,,,,,,,,,,,,,,,,,,,,,,,,,,,,,,,,,,,,,,
29-Jul-2015,09:15,29-Jul-2015,09:30,Gujarat,Ankleshwar,GIDC, Ankleshwar - GPCB,,,,,,,,,,,,,,,,,,,,,,,,,,,,,,,,,,,,,,,
29-Jul-2015,09:30,29-Jul-2015,09:45,Gujarat,Ankleshwar,GIDC, Ankleshwar - GPCB,,,,,,,,,,,,,,,,,,,,,,,,,,,,,,,,,,,,,,,
29-Jul-2015,09:45,29-Jul-2015,10:00,Gujarat,Ankleshwar,GIDC, Ankleshwar - GPCB,,,,,,,,,,,,,,,,,,,,,,,,,,,,,,,,,,,,,,,
29-Jul-2015,10:00,29-Jul-2015,10:15,Gujarat,Ankleshwar,GIDC, Ankleshwar - GPCB,,,,,,,,,,,,,,,,,,,,,,,,,,,,,,,,,,,,,,,
29-Jul-2015,10:15,29-Jul-2015,10:30,Gujarat,Ankleshwar,GIDC, Ankleshwar - GPCB,,,,,,,,,,,,,,,,,,,,,,,,,,,,,,,,,,,,,,,
29-Jul-2015,10:30,29-Jul-2015,10:45,Gujarat,Ankleshwar,GIDC, Ankleshwar - GPCB,,,,,,,,,,,,,,,,,,,,,,,,,,,,,,,,,,,,,,,
29-Jul-2015,10:45,29-Jul-2015,11:00,Gujarat,Ankleshwar,GIDC, Ankleshwar - GPCB,,,,,,,,,,,,,,,,,,,,,,,,,,,,,,,,,,,,,,,
29-Jul-2015,11:00,29-Jul-2015,11:15,Gujarat,Ankleshwar,GIDC, Ankleshwar - GPCB,,,,,,,,,,,,,,,,,,,,,,,,,,,,,,,,,,,,,,,
29-Jul-2015,11:15,29-Jul-2015,11:30,Gujarat,Ankleshwar,GIDC, Ankleshwar - GPCB,,,,,,,,,,,,,,,,,,,,,,,,,,,,,,,,,,,,,,,
29-Jul-2015,11:30,29-Jul-2015,11:45,Gujarat,Ankleshwar,GIDC, Ankleshwar - GPCB,,,,,,,,,,,,,,,,,,,,,,,,,,,,,,,,,,,,,,,
29-Jul-2015,11:45,29-Jul-2015,12:00,Gujarat,Ankleshwar,GIDC, Ankleshwar - GPCB,,,,,,,,,,,,,,,,,,,,,,,,,,,,,,,,,,,,,,,
29-Jul-2015,12:00,29-Jul-2015,12:15,Gujarat,Ankleshwar,GIDC, Ankleshwar - GPCB,,,,,,,,,,,,,,,,,,,,,,,,,,,,,,,,,,,,,,,
29-Jul-2015,12:15,29-Jul-2015,12:30,Gujarat,Ankleshwar,GIDC, Ankleshwar - GPCB,,,,,,,,,,,,,,,,,,,,,,,,,,,,,,,,,,,,,,,
29-Jul-2015,12:30,29-Jul-2015,12:45,Gujarat,Ankleshwar,GIDC, Ankleshwar - GPCB,,,,,,,,,,,,,,,,,,,,,,,,,,,,,,,,,,,,,,,
29-Jul-2015,12:45,29-Jul-2015,13:00,Gujarat,Ankleshwar,GIDC, Ankleshwar - GPCB,,,,,,,,,,,,,,,,,,,,,,,,,,,,,,,,,,,,,,,
29-Jul-2015,13:00,29-Jul-2015,13:15,Gujarat,Ankleshwar,GIDC, Ankleshwar - GPCB,,,,,,,,,,,,,,,,,,,,,,,,,,,,,,,,,,,,,,,
29-Jul-2015,13:15,29-Jul-2015,13:30,Gujarat,Ankleshwar,GIDC, Ankleshwar - GPCB,,,,,,,,,,,,,,,,,,,,,,,,,,,,,,,,,,,,,,,
29-Jul-2015,13:30,29-Jul-2015,13:45,Gujarat,Ankleshwar,GIDC, Ankleshwar - GPCB,,,,,,,,,,,,,,,,,,,,,,,,,,,,,,,,,,,,,,,
29-Jul-2015,13:45,29-Jul-2015,14:00,Gujarat,Ankleshwar,GIDC, Ankleshwar - GPCB,,,,,,,,,,,,,,,,,,,,,,,,,,,,,,,,,,,,,,,
29-Jul-2015,14:00,29-Jul-2015,14:15,Gujarat,Ankleshwar,GIDC, Ankleshwar - GPCB,,,,,,,,,,,,,,,,,,,,,,,,,,,,,,,,,,,,,,,
29-Jul-2015,14:15,29-Jul-2015,14:30,Gujarat,Ankleshwar,GIDC, Ankleshwar - GPCB,,,,,,,,,,,,,,,,,,,,,,,,,,,,,,,,,,,,,,,
29-Jul-2015,14:30,29-Jul-2015,14:45,Gujarat,Ankleshwar,GIDC, Ankleshwar - GPCB,,,,,,,,,,,,,,,,,,,,,,,,,,,,,,,,,,,,,,,
29-Jul-2015,14:45,29-Jul-2015,15:00,Gujarat,Ankleshwar,GIDC, Ankleshwar - GPCB,,,,,,,,,,,,,,,,,,,,,,,,,,,,,,,,,,,,,,,
29-Jul-2015,15:00,29-Jul-2015,15:15,Gujarat,Ankleshwar,GIDC, Ankleshwar - GPCB,,,,,,,,,,,,,,,,,,,,,,,,,,,,,,,,,,,,,,,
29-Jul-2015,15:15,29-Jul-2015,15:30,Gujarat,Ankleshwar,GIDC, Ankleshwar - GPCB,,,,,,,,,,,,,,,,,,,,,,,,,,,,,,,,,,,,,,,
29-Jul-2015,15:30,29-Jul-2015,15:45,Gujarat,Ankleshwar,GIDC, Ankleshwar - GPCB,,,,,,,,,,,,,,,,,,,,,,,,,,,,,,,,,,,,,,,
29-Jul-2015,15:45,29-Jul-2015,16:00,Gujarat,Ankleshwar,GIDC, Ankleshwar - GPCB,,,,,,,,,,,,,,,,,,,,,,,,,,,,,,,,,,,,,,,
29-Jul-2015,16:00,29-Jul-2015,16:15,Gujarat,Ankleshwar,GIDC, Ankleshwar - GPCB,,,,,,,,,,,,,,,,,,,,,,,,,,,,,,,,,,,,,,,
29-Jul-2015,16:15,29-Jul-2015,16:30,Gujarat,Ankleshwar,GIDC, Ankleshwar - GPCB,,,,,,,,,,,,,,,,,,,,,,,,,,,,,,,,,,,,,,,
29-Jul-2015,16:30,29-Jul-2015,16:45,Gujarat,Ankleshwar,GIDC, Ankleshwar - GPCB,,,,,,,,,,,,,,,,,,,,,,,,,,,,,,,,,,,,,,,
29-Jul-2015,16:45,29-Jul-2015,17:00,Gujarat,Ankleshwar,GIDC, Ankleshwar - GPCB,,,,,,,,,,,,,,,,,,,,,,,,,,,,,,,,,,,,,,,
29-Jul-2015,17:00,29-Jul-2015,17:15,Gujarat,Ankleshwar,GIDC, Ankleshwar - GPCB,,,,,,,,,,,,,,,,,,,,,,,,,,,,,,,,,,,,,,,
29-Jul-2015,17:15,29-Jul-2015,17:30,Gujarat,Ankleshwar,GIDC, Ankleshwar - GPCB,,,,,,,,,,,,,,,,,,,,,,,,,,,,,,,,,,,,,,,
29-Jul-2015,17:30,29-Jul-2015,17:45,Gujarat,Ankleshwar,GIDC, Ankleshwar - GPCB,,,,,,,,,,,,,,,,,,,,,,,,,,,,,,,,,,,,,,,
29-Jul-2015,17:45,29-Jul-2015,18:00,Gujarat,Ankleshwar,GIDC, Ankleshwar - GPCB,,,,,,,,,,,,,,,,,,,,,,,,,,,,,,,,,,,,,,,
29-Jul-2015,18:00,29-Jul-2015,18:15,Gujarat,Ankleshwar,GIDC, Ankleshwar - GPCB,,,,,,,,,,,,,,,,,,,,,,,,,,,,,,,,,,,,,,,
29-Jul-2015,18:15,29-Jul-2015,18:30,Gujarat,Ankleshwar,GIDC, Ankleshwar - GPCB,,,,,,,,,,,,,,,,,,,,,,,,,,,,,,,,,,,,,,,
29-Jul-2015,18:30,29-Jul-2015,18:45,Gujarat,Ankleshwar,GIDC, Ankleshwar - GPCB,,,,,,,,,,,,,,,,,,,,,,,,,,,,,,,,,,,,,,,
29-Jul-2015,18:45,29-Jul-2015,19:00,Gujarat,Ankleshwar,GIDC, Ankleshwar - GPCB,,,,,,,,,,,,,,,,,,,,,,,,,,,,,,,,,,,,,,,
29-Jul-2015,19:00,29-Jul-2015,19:15,Gujarat,Ankleshwar,GIDC, Ankleshwar - GPCB,,,,,,,,,,,,,,,,,,,,,,,,,,,,,,,,,,,,,,,
29-Jul-2015,19:15,29-Jul-2015,19:30,Gujarat,Ankleshwar,GIDC, Ankleshwar - GPCB,,,,,,,,,,,,,,,,,,,,,,,,,,,,,,,,,,,,,,,
29-Jul-2015,19:30,29-Jul-2015,19:45,Gujarat,Ankleshwar,GIDC, Ankleshwar - GPCB,,,,,,,,,,,,,,,,,,,,,,,,,,,,,,,,,,,,,,,
29-Jul-2015,19:45,29-Jul-2015,20:00,Gujarat,Ankleshwar,GIDC, Ankleshwar - GPCB,,,,,,,,,,,,,,,,,,,,,,,,,,,,,,,,,,,,,,,
29-Jul-2015,20:00,29-Jul-2015,20:15,Gujarat,Ankleshwar,GIDC, Ankleshwar - GPCB,,,,,,,,,,,,,,,,,,,,,,,,,,,,,,,,,,,,,,,
29-Jul-2015,20:15,29-Jul-2015,20:30,Gujarat,Ankleshwar,GIDC, Ankleshwar - GPCB,,,,,,,,,,,,,,,,,,,,,,,,,,,,,,,,,,,,,,,
29-Jul-2015,20:30,29-Jul-2015,20:45,Gujarat,Ankleshwar,GIDC, Ankleshwar - GPCB,,,,,,,,,,,,,,,,,,,,,,,,,,,,,,,,,,,,,,,
29-Jul-2015,20:45,29-Jul-2015,21:00,Gujarat,Ankleshwar,GIDC, Ankleshwar - GPCB,,,,,,,,,,,,,,,,,,,,,,,,,,,,,,,,,,,,,,,
29-Jul-2015,21:00,29-Jul-2015,21:15,Gujarat,Ankleshwar,GIDC, Ankleshwar - GPCB,,,,,,,,,,,,,,,,,,,,,,,,,,,,,,,,,,,,,,,
29-Jul-2015,21:15,29-Jul-2015,21:30,Gujarat,Ankleshwar,GIDC, Ankleshwar - GPCB,,,,,,,,,,,,,,,,,,,,,,,,,,,,,,,,,,,,,,,
29-Jul-2015,21:30,29-Jul-2015,21:45,Gujarat,Ankleshwar,GIDC, Ankleshwar - GPCB,,,,,,,,,,,,,,,,,,,,,,,,,,,,,,,,,,,,,,,
29-Jul-2015,21:45,29-Jul-2015,22:00,Gujarat,Ankleshwar,GIDC, Ankleshwar - GPCB,,,,,,,,,,,,,,,,,,,,,,,,,,,,,,,,,,,,,,,
29-Jul-2015,22:00,29-Jul-2015,22:15,Gujarat,Ankleshwar,GIDC, Ankleshwar - GPCB,,,,,,,,,,,,,,,,,,,,,,,,,,,,,,,,,,,,,,,
29-Jul-2015,22:15,29-Jul-2015,22:30,Gujarat,Ankleshwar,GIDC, Ankleshwar - GPCB,,,,,,,,,,,,,,,,,,,,,,,,,,,,,,,,,,,,,,,
29-Jul-2015,22:30,29-Jul-2015,22:45,Gujarat,Ankleshwar,GIDC, Ankleshwar - GPCB,,,,,,,,,,,,,,,,,,,,,,,,,,,,,,,,,,,,,,,
29-Jul-2015,22:45,29-Jul-2015,23:00,Gujarat,Ankleshwar,GIDC, Ankleshwar - GPCB,,,,,,,,,,,,,,,,,,,,,,,,,,,,,,,,,,,,,,,
29-Jul-2015,23:00,29-Jul-2015,23:15,Gujarat,Ankleshwar,GIDC, Ankleshwar - GPCB,,,,,,,,,,,,,,,,,,,,,,,,,,,,,,,,,,,,,,,
29-Jul-2015,23:15,29-Jul-2015,23:30,Gujarat,Ankleshwar,GIDC, Ankleshwar - GPCB,,,,,,,,,,,,,,,,,,,,,,,,,,,,,,,,,,,,,,,
29-Jul-2015,23:30,29-Jul-2015,23:45,Gujarat,Ankleshwar,GIDC, Ankleshwar - GPCB,,,,,,,,,,,,,,,,,,,,,,,,,,,,,,,,,,,,,,,
29-Jul-2015,23:45,30-Jul-2015,00:00,Gujarat,Ankleshwar,GIDC, Ankleshwar - GPCB,,,,,,,,,,,,,,,,,,,,,,,,,,,,,,,,,,,,,,,
30-Jul-2015,00:00,30-Jul-2015,00:15,Gujarat,Ankleshwar,GIDC, Ankleshwar - GPCB,,,,,,,,,,,,,,,,,,,,,,,,,,,,,,,,,,,,,,,
30-Jul-2015,00:15,30-Jul-2015,00:30,Gujarat,Ankleshwar,GIDC, Ankleshwar - GPCB,,,,,,,,,,,,,,,,,,,,,,,,,,,,,,,,,,,,,,,
30-Jul-2015,00:30,30-Jul-2015,00:45,Gujarat,Ankleshwar,GIDC, Ankleshwar - GPCB,,,,,,,,,,,,,,,,,,,,,,,,,,,,,,,,,,,,,,,
30-Jul-2015,00:45,30-Jul-2015,01:00,Gujarat,Ankleshwar,GIDC, Ankleshwar - GPCB,,,,,,,,,,,,,,,,,,,,,,,,,,,,,,,,,,,,,,,
30-Jul-2015,01:00,30-Jul-2015,01:15,Gujarat,Ankleshwar,GIDC, Ankleshwar - GPCB,,,,,,,,,,,,,,,,,,,,,,,,,,,,,,,,,,,,,,,
30-Jul-2015,01:15,30-Jul-2015,01:30,Gujarat,Ankleshwar,GIDC, Ankleshwar - GPCB,,,,,,,,,,,,,,,,,,,,,,,,,,,,,,,,,,,,,,,
30-Jul-2015,01:30,30-Jul-2015,01:45,Gujarat,Ankleshwar,GIDC, Ankleshwar - GPCB,,,,,,,,,,,,,,,,,,,,,,,,,,,,,,,,,,,,,,,
30-Jul-2015,01:45,30-Jul-2015,02:00,Gujarat,Ankleshwar,GIDC, Ankleshwar - GPCB,,,,,,,,,,,,,,,,,,,,,,,,,,,,,,,,,,,,,,,
30-Jul-2015,02:00,30-Jul-2015,02:15,Gujarat,Ankleshwar,GIDC, Ankleshwar - GPCB,,,,,,,,,,,,,,,,,,,,,,,,,,,,,,,,,,,,,,,
30-Jul-2015,02:15,30-Jul-2015,02:30,Gujarat,Ankleshwar,GIDC, Ankleshwar - GPCB,,,,,,,,,,,,,,,,,,,,,,,,,,,,,,,,,,,,,,,
30-Jul-2015,02:30,30-Jul-2015,02:45,Gujarat,Ankleshwar,GIDC, Ankleshwar - GPCB,,,,,,,,,,,,,,,,,,,,,,,,,,,,,,,,,,,,,,,
30-Jul-2015,02:45,30-Jul-2015,03:00,Gujarat,Ankleshwar,GIDC, Ankleshwar - GPCB,,,,,,,,,,,,,,,,,,,,,,,,,,,,,,,,,,,,,,,
30-Jul-2015,03:00,30-Jul-2015,03:15,Gujarat,Ankleshwar,GIDC, Ankleshwar - GPCB,,,,,,,,,,,,,,,,,,,,,,,,,,,,,,,,,,,,,,,
30-Jul-2015,03:15,30-Jul-2015,03:30,Gujarat,Ankleshwar,GIDC, Ankleshwar - GPCB,,,,,,,,,,,,,,,,,,,,,,,,,,,,,,,,,,,,,,,
30-Jul-2015,03:30,30-Jul-2015,03:45,Gujarat,Ankleshwar,GIDC, Ankleshwar - GPCB,,,,,,,,,,,,,,,,,,,,,,,,,,,,,,,,,,,,,,,
30-Jul-2015,03:45,30-Jul-2015,04:00,Gujarat,Ankleshwar,GIDC, Ankleshwar - GPCB,,,,,,,,,,,,,,,,,,,,,,,,,,,,,,,,,,,,,,,
30-Jul-2015,04:00,30-Jul-2015,04:15,Gujarat,Ankleshwar,GIDC, Ankleshwar - GPCB,,,,,,,,,,,,,,,,,,,,,,,,,,,,,,,,,,,,,,,
30-Jul-2015,04:15,30-Jul-2015,04:30,Gujarat,Ankleshwar,GIDC, Ankleshwar - GPCB,,,,,,,,,,,,,,,,,,,,,,,,,,,,,,,,,,,,,,,
30-Jul-2015,04:30,30-Jul-2015,04:45,Gujarat,Ankleshwar,GIDC, Ankleshwar - GPCB,,,,,,,,,,,,,,,,,,,,,,,,,,,,,,,,,,,,,,,
30-Jul-2015,04:45,30-Jul-2015,05:00,Gujarat,Ankleshwar,GIDC, Ankleshwar - GPCB,,,,,,,,,,,,,,,,,,,,,,,,,,,,,,,,,,,,,,,
30-Jul-2015,05:00,30-Jul-2015,05:15,Gujarat,Ankleshwar,GIDC, Ankleshwar - GPCB,,,,,,,,,,,,,,,,,,,,,,,,,,,,,,,,,,,,,,,
30-Jul-2015,05:15,30-Jul-2015,05:30,Gujarat,Ankleshwar,GIDC, Ankleshwar - GPCB,,,,,,,,,,,,,,,,,,,,,,,,,,,,,,,,,,,,,,,
30-Jul-2015,05:30,30-Jul-2015,05:45,Gujarat,Ankleshwar,GIDC, Ankleshwar - GPCB,,,,,,,,,,,,,,,,,,,,,,,,,,,,,,,,,,,,,,,
30-Jul-2015,05:45,30-Jul-2015,06:00,Gujarat,Ankleshwar,GIDC, Ankleshwar - GPCB,,,,,,,,,,,,,,,,,,,,,,,,,,,,,,,,,,,,,,,
30-Jul-2015,06:00,30-Jul-2015,06:15,Gujarat,Ankleshwar,GIDC, Ankleshwar - GPCB,,,,,,,,,,,,,,,,,,,,,,,,,,,,,,,,,,,,,,,
30-Jul-2015,06:15,30-Jul-2015,06:30,Gujarat,Ankleshwar,GIDC, Ankleshwar - GPCB,,,,,,,,,,,,,,,,,,,,,,,,,,,,,,,,,,,,,,,
30-Jul-2015,06:30,30-Jul-2015,06:45,Gujarat,Ankleshwar,GIDC, Ankleshwar - GPCB,,,,,,,,,,,,,,,,,,,,,,,,,,,,,,,,,,,,,,,
30-Jul-2015,06:45,30-Jul-2015,07:00,Gujarat,Ankleshwar,GIDC, Ankleshwar - GPCB,,,,,,,,,,,,,,,,,,,,,,,,,,,,,,,,,,,,,,,
30-Jul-2015,07:00,30-Jul-2015,07:15,Gujarat,Ankleshwar,GIDC, Ankleshwar - GPCB,,,,,,,,,,,,,,,,,,,,,,,,,,,,,,,,,,,,,,,
30-Jul-2015,07:15,30-Jul-2015,07:30,Gujarat,Ankleshwar,GIDC, Ankleshwar - GPCB,,,,,,,,,,,,,,,,,,,,,,,,,,,,,,,,,,,,,,,
30-Jul-2015,07:30,30-Jul-2015,07:45,Gujarat,Ankleshwar,GIDC, Ankleshwar - GPCB,,,,,,,,,,,,,,,,,,,,,,,,,,,,,,,,,,,,,,,
30-Jul-2015,07:45,30-Jul-2015,08:00,Gujarat,Ankleshwar,GIDC, Ankleshwar - GPCB,,,,,,,,,,,,,,,,,,,,,,,,,,,,,,,,,,,,,,,
30-Jul-2015,08:00,30-Jul-2015,08:15,Gujarat,Ankleshwar,GIDC, Ankleshwar - GPCB,,,,,,,,,,,,,,,,,,,,,,,,,,,,,,,,,,,,,,,
30-Jul-2015,08:15,30-Jul-2015,08:30,Gujarat,Ankleshwar,GIDC, Ankleshwar - GPCB,,,,,,,,,,,,,,,,,,,,,,,,,,,,,,,,,,,,,,,
30-Jul-2015,08:30,30-Jul-2015,08:45,Gujarat,Ankleshwar,GIDC, Ankleshwar - GPCB,,,,,,,,,,,,,,,,,,,,,,,,,,,,,,,,,,,,,,,
30-Jul-2015,08:45,30-Jul-2015,09:00,Gujarat,Ankleshwar,GIDC, Ankleshwar - GPCB,,,,,,,,,,,,,,,,,,,,,,,,,,,,,,,,,,,,,,,
30-Jul-2015,09:00,30-Jul-2015,09:15,Gujarat,Ankleshwar,GIDC, Ankleshwar - GPCB,,,,,,,,,,,,,,,,,,,,,,,,,,,,,,,,,,,,,,,
30-Jul-2015,09:15,30-Jul-2015,09:30,Gujarat,Ankleshwar,GIDC, Ankleshwar - GPCB,,,,,,,,,,,,,,,,,,,,,,,,,,,,,,,,,,,,,,,
30-Jul-2015,09:30,30-Jul-2015,09:45,Gujarat,Ankleshwar,GIDC, Ankleshwar - GPCB,,,,,,,,,,,,,,,,,,,,,,,,,,,,,,,,,,,,,,,
30-Jul-2015,09:45,30-Jul-2015,10:00,Gujarat,Ankleshwar,GIDC, Ankleshwar - GPCB,,,,,,,,,,,,,,,,,,,,,,,,,,,,,,,,,,,,,,,
30-Jul-2015,10:00,30-Jul-2015,10:15,Gujarat,Ankleshwar,GIDC, Ankleshwar - GPCB,,,,,,,,,,,,,,,,,,,,,,,,,,,,,,,,,,,,,,,
30-Jul-2015,10:15,30-Jul-2015,10:30,Gujarat,Ankleshwar,GIDC, Ankleshwar - GPCB,,,,,,,,,,,,,,,,,,,,,,,,,,,,,,,,,,,,,,,
30-Jul-2015,10:30,30-Jul-2015,10:45,Gujarat,Ankleshwar,GIDC, Ankleshwar - GPCB,,,,,,,,,,,,,,,,,,,,,,,,,,,,,,,,,,,,,,,
30-Jul-2015,10:45,30-Jul-2015,11:00,Gujarat,Ankleshwar,GIDC, Ankleshwar - GPCB,,,,,,,,,,,,,,,,,,,,,,,,,,,,,,,,,,,,,,,
30-Jul-2015,11:00,30-Jul-2015,11:15,Gujarat,Ankleshwar,GIDC, Ankleshwar - GPCB,,,,,,,,,,,,,,,,,,,,,,,,,,,,,,,,,,,,,,,
30-Jul-2015,11:15,30-Jul-2015,11:30,Gujarat,Ankleshwar,GIDC, Ankleshwar - GPCB,,,,,,,,,,,,,,,,,,,,,,,,,,,,,,,,,,,,,,,
30-Jul-2015,11:30,30-Jul-2015,11:45,Gujarat,Ankleshwar,GIDC, Ankleshwar - GPCB,,,,,,,,,,,,,,,,,,,,,,,,,,,,,,,,,,,,,,,
30-Jul-2015,11:45,30-Jul-2015,12:00,Gujarat,Ankleshwar,GIDC, Ankleshwar - GPCB,,,,,,,,,,,,,,,,,,,,,,,,,,,,,,,,,,,,,,,
30-Jul-2015,12:00,30-Jul-2015,12:15,Gujarat,Ankleshwar,GIDC, Ankleshwar - GPCB,,,,,,,,,,,,,,,,,,,,,,,,,,,,,,,,,,,,,,,
30-Jul-2015,12:15,30-Jul-2015,12:30,Gujarat,Ankleshwar,GIDC, Ankleshwar - GPCB,,,,,,,,,,,,,,,,,,,,,,,,,,,,,,,,,,,,,,,
30-Jul-2015,12:30,30-Jul-2015,12:45,Gujarat,Ankleshwar,GIDC, Ankleshwar - GPCB,,,,,,,,,,,,,,,,,,,,,,,,,,,,,,,,,,,,,,,
30-Jul-2015,12:45,30-Jul-2015,13:00,Gujarat,Ankleshwar,GIDC, Ankleshwar - GPCB,,,,,,,,,,,,,,,,,,,,,,,,,,,,,,,,,,,,,,,
30-Jul-2015,13:00,30-Jul-2015,13:15,Gujarat,Ankleshwar,GIDC, Ankleshwar - GPCB,,,,,,,,,,,,,,,,,,,,,,,,,,,,,,,,,,,,,,,
30-Jul-2015,13:15,30-Jul-2015,13:30,Gujarat,Ankleshwar,GIDC, Ankleshwar - GPCB,,,,,,,,,,,,,,,,,,,,,,,,,,,,,,,,,,,,,,,
30-Jul-2015,13:30,30-Jul-2015,13:45,Gujarat,Ankleshwar,GIDC, Ankleshwar - GPCB,,,,,,,,,,,,,,,,,,,,,,,,,,,,,,,,,,,,,,,
30-Jul-2015,13:45,30-Jul-2015,14:00,Gujarat,Ankleshwar,GIDC, Ankleshwar - GPCB,,,,,,,,,,,,,,,,,,,,,,,,,,,,,,,,,,,,,,,
30-Jul-2015,14:00,30-Jul-2015,14:15,Gujarat,Ankleshwar,GIDC, Ankleshwar - GPCB,,,,,,,,,,,,,,,,,,,,,,,,,,,,,,,,,,,,,,,
30-Jul-2015,14:15,30-Jul-2015,14:30,Gujarat,Ankleshwar,GIDC, Ankleshwar - GPCB,,,,,,,,,,,,,,,,,,,,,,,,,,,,,,,,,,,,,,,
30-Jul-2015,14:30,30-Jul-2015,14:45,Gujarat,Ankleshwar,GIDC, Ankleshwar - GPCB,,,,,,,,,,,,,,,,,,,,,,,,,,,,,,,,,,,,,,,
30-Jul-2015,14:45,30-Jul-2015,15:00,Gujarat,Ankleshwar,GIDC, Ankleshwar - GPCB,,,,,,,,,,,,,,,,,,,,,,,,,,,,,,,,,,,,,,,
30-Jul-2015,15:00,30-Jul-2015,15:15,Gujarat,Ankleshwar,GIDC, Ankleshwar - GPCB,,,,,,,,,,,,,,,,,,,,,,,,,,,,,,,,,,,,,,,
30-Jul-2015,15:15,30-Jul-2015,15:30,Gujarat,Ankleshwar,GIDC, Ankleshwar - GPCB,,,,,,,,,,,,,,,,,,,,,,,,,,,,,,,,,,,,,,,
30-Jul-2015,15:30,30-Jul-2015,15:45,Gujarat,Ankleshwar,GIDC, Ankleshwar - GPCB,,,,,,,,,,,,,,,,,,,,,,,,,,,,,,,,,,,,,,,
30-Jul-2015,15:45,30-Jul-2015,16:00,Gujarat,Ankleshwar,GIDC, Ankleshwar - GPCB,,,,,,,,,,,,,,,,,,,,,,,,,,,,,,,,,,,,,,,
30-Jul-2015,16:00,30-Jul-2015,16:15,Gujarat,Ankleshwar,GIDC, Ankleshwar - GPCB,,,,,,,,,,,,,,,,,,,,,,,,,,,,,,,,,,,,,,,
30-Jul-2015,16:15,30-Jul-2015,16:30,Gujarat,Ankleshwar,GIDC, Ankleshwar - GPCB,,,,,,,,,,,,,,,,,,,,,,,,,,,,,,,,,,,,,,,
30-Jul-2015,16:30,30-Jul-2015,16:45,Gujarat,Ankleshwar,GIDC, Ankleshwar - GPCB,,,,,,,,,,,,,,,,,,,,,,,,,,,,,,,,,,,,,,,
30-Jul-2015,16:45,30-Jul-2015,17:00,Gujarat,Ankleshwar,GIDC, Ankleshwar - GPCB,,,,,,,,,,,,,,,,,,,,,,,,,,,,,,,,,,,,,,,
30-Jul-2015,17:00,30-Jul-2015,17:15,Gujarat,Ankleshwar,GIDC, Ankleshwar - GPCB,,,,,,,,,,,,,,,,,,,,,,,,,,,,,,,,,,,,,,,
30-Jul-2015,17:15,30-Jul-2015,17:30,Gujarat,Ankleshwar,GIDC, Ankleshwar - GPCB,,,,,,,,,,,,,,,,,,,,,,,,,,,,,,,,,,,,,,,
30-Jul-2015,17:30,30-Jul-2015,17:45,Gujarat,Ankleshwar,GIDC, Ankleshwar - GPCB,,,,,,,,,,,,,,,,,,,,,,,,,,,,,,,,,,,,,,,
30-Jul-2015,17:45,30-Jul-2015,18:00,Gujarat,Ankleshwar,GIDC, Ankleshwar - GPCB,,,,,,,,,,,,,,,,,,,,,,,,,,,,,,,,,,,,,,,
30-Jul-2015,18:00,30-Jul-2015,18:15,Gujarat,Ankleshwar,GIDC, Ankleshwar - GPCB,,,,,,,,,,,,,,,,,,,,,,,,,,,,,,,,,,,,,,,
30-Jul-2015,18:15,30-Jul-2015,18:30,Gujarat,Ankleshwar,GIDC, Ankleshwar - GPCB,,,,,,,,,,,,,,,,,,,,,,,,,,,,,,,,,,,,,,,
30-Jul-2015,18:30,30-Jul-2015,18:45,Gujarat,Ankleshwar,GIDC, Ankleshwar - GPCB,,,,,,,,,,,,,,,,,,,,,,,,,,,,,,,,,,,,,,,
30-Jul-2015,18:45,30-Jul-2015,19:00,Gujarat,Ankleshwar,GIDC, Ankleshwar - GPCB,,,,,,,,,,,,,,,,,,,,,,,,,,,,,,,,,,,,,,,
30-Jul-2015,19:00,30-Jul-2015,19:15,Gujarat,Ankleshwar,GIDC, Ankleshwar - GPCB,,,,,,,,,,,,,,,,,,,,,,,,,,,,,,,,,,,,,,,
30-Jul-2015,19:15,30-Jul-2015,19:30,Gujarat,Ankleshwar,GIDC, Ankleshwar - GPCB,,,,,,,,,,,,,,,,,,,,,,,,,,,,,,,,,,,,,,,
30-Jul-2015,19:30,30-Jul-2015,19:45,Gujarat,Ankleshwar,GIDC, Ankleshwar - GPCB,,,,,,,,,,,,,,,,,,,,,,,,,,,,,,,,,,,,,,,
30-Jul-2015,19:45,30-Jul-2015,20:00,Gujarat,Ankleshwar,GIDC, Ankleshwar - GPCB,,,,,,,,,,,,,,,,,,,,,,,,,,,,,,,,,,,,,,,
30-Jul-2015,20:00,30-Jul-2015,20:15,Gujarat,Ankleshwar,GIDC, Ankleshwar - GPCB,,,,,,,,,,,,,,,,,,,,,,,,,,,,,,,,,,,,,,,
30-Jul-2015,20:15,30-Jul-2015,20:30,Gujarat,Ankleshwar,GIDC, Ankleshwar - GPCB,,,,,,,,,,,,,,,,,,,,,,,,,,,,,,,,,,,,,,,
30-Jul-2015,20:30,30-Jul-2015,20:45,Gujarat,Ankleshwar,GIDC, Ankleshwar - GPCB,,,,,,,,,,,,,,,,,,,,,,,,,,,,,,,,,,,,,,,
30-Jul-2015,20:45,30-Jul-2015,21:00,Gujarat,Ankleshwar,GIDC, Ankleshwar - GPCB,,,,,,,,,,,,,,,,,,,,,,,,,,,,,,,,,,,,,,,
30-Jul-2015,21:00,30-Jul-2015,21:15,Gujarat,Ankleshwar,GIDC, Ankleshwar - GPCB,,,,,,,,,,,,,,,,,,,,,,,,,,,,,,,,,,,,,,,
30-Jul-2015,21:15,30-Jul-2015,21:30,Gujarat,Ankleshwar,GIDC, Ankleshwar - GPCB,,,,,,,,,,,,,,,,,,,,,,,,,,,,,,,,,,,,,,,
30-Jul-2015,21:30,30-Jul-2015,21:45,Gujarat,Ankleshwar,GIDC, Ankleshwar - GPCB,,,,,,,,,,,,,,,,,,,,,,,,,,,,,,,,,,,,,,,
30-Jul-2015,21:45,30-Jul-2015,22:00,Gujarat,Ankleshwar,GIDC, Ankleshwar - GPCB,,,,,,,,,,,,,,,,,,,,,,,,,,,,,,,,,,,,,,,
30-Jul-2015,22:00,30-Jul-2015,22:15,Gujarat,Ankleshwar,GIDC, Ankleshwar - GPCB,,,,,,,,,,,,,,,,,,,,,,,,,,,,,,,,,,,,,,,
30-Jul-2015,22:15,30-Jul-2015,22:30,Gujarat,Ankleshwar,GIDC, Ankleshwar - GPCB,,,,,,,,,,,,,,,,,,,,,,,,,,,,,,,,,,,,,,,
30-Jul-2015,22:30,30-Jul-2015,22:45,Gujarat,Ankleshwar,GIDC, Ankleshwar - GPCB,,,,,,,,,,,,,,,,,,,,,,,,,,,,,,,,,,,,,,,
30-Jul-2015,22:45,30-Jul-2015,23:00,Gujarat,Ankleshwar,GIDC, Ankleshwar - GPCB,,,,,,,,,,,,,,,,,,,,,,,,,,,,,,,,,,,,,,,
30-Jul-2015,23:00,30-Jul-2015,23:15,Gujarat,Ankleshwar,GIDC, Ankleshwar - GPCB,,,,,,,,,,,,,,,,,,,,,,,,,,,,,,,,,,,,,,,
30-Jul-2015,23:15,30-Jul-2015,23:30,Gujarat,Ankleshwar,GIDC, Ankleshwar - GPCB,,,,,,,,,,,,,,,,,,,,,,,,,,,,,,,,,,,,,,,
30-Jul-2015,23:30,30-Jul-2015,23:45,Gujarat,Ankleshwar,GIDC, Ankleshwar - GPCB,,,,,,,,,,,,,,,,,,,,,,,,,,,,,,,,,,,,,,,
30-Jul-2015,23:45,31-Jul-2015,00:00,Gujarat,Ankleshwar,GIDC, Ankleshwar - GPCB,,,,,,,,,,,,,,,,,,,,,,,,,,,,,,,,,,,,,,,
31-Jul-2015,00:00,31-Jul-2015,00:15,Gujarat,Ankleshwar,GIDC, Ankleshwar - GPCB,,,,,,,,,,,,,,,,,,,,,,,,,,,,,,,,,,,,,,,
31-Jul-2015,00:15,31-Jul-2015,00:30,Gujarat,Ankleshwar,GIDC, Ankleshwar - GPCB,,,,,,,,,,,,,,,,,,,,,,,,,,,,,,,,,,,,,,,
31-Jul-2015,00:30,31-Jul-2015,00:45,Gujarat,Ankleshwar,GIDC, Ankleshwar - GPCB,,,,,,,,,,,,,,,,,,,,,,,,,,,,,,,,,,,,,,,
31-Jul-2015,00:45,31-Jul-2015,01:00,Gujarat,Ankleshwar,GIDC, Ankleshwar - GPCB,,,,,,,,,,,,,,,,,,,,,,,,,,,,,,,,,,,,,,,
31-Jul-2015,01:00,31-Jul-2015,01:15,Gujarat,Ankleshwar,GIDC, Ankleshwar - GPCB,,,,,,,,,,,,,,,,,,,,,,,,,,,,,,,,,,,,,,,
31-Jul-2015,01:15,31-Jul-2015,01:30,Gujarat,Ankleshwar,GIDC, Ankleshwar - GPCB,,,,,,,,,,,,,,,,,,,,,,,,,,,,,,,,,,,,,,,
31-Jul-2015,01:30,31-Jul-2015,01:45,Gujarat,Ankleshwar,GIDC, Ankleshwar - GPCB,,,,,,,,,,,,,,,,,,,,,,,,,,,,,,,,,,,,,,,
31-Jul-2015,01:45,31-Jul-2015,02:00,Gujarat,Ankleshwar,GIDC, Ankleshwar - GPCB,,,,,,,,,,,,,,,,,,,,,,,,,,,,,,,,,,,,,,,
31-Jul-2015,02:00,31-Jul-2015,02:15,Gujarat,Ankleshwar,GIDC, Ankleshwar - GPCB,,,,,,,,,,,,,,,,,,,,,,,,,,,,,,,,,,,,,,,
31-Jul-2015,02:15,31-Jul-2015,02:30,Gujarat,Ankleshwar,GIDC, Ankleshwar - GPCB,,,,,,,,,,,,,,,,,,,,,,,,,,,,,,,,,,,,,,,
31-Jul-2015,02:30,31-Jul-2015,02:45,Gujarat,Ankleshwar,GIDC, Ankleshwar - GPCB,,,,,,,,,,,,,,,,,,,,,,,,,,,,,,,,,,,,,,,
31-Jul-2015,02:45,31-Jul-2015,03:00,Gujarat,Ankleshwar,GIDC, Ankleshwar - GPCB,,,,,,,,,,,,,,,,,,,,,,,,,,,,,,,,,,,,,,,
31-Jul-2015,03:00,31-Jul-2015,03:15,Gujarat,Ankleshwar,GIDC, Ankleshwar - GPCB,,,,,,,,,,,,,,,,,,,,,,,,,,,,,,,,,,,,,,,
31-Jul-2015,03:15,31-Jul-2015,03:30,Gujarat,Ankleshwar,GIDC, Ankleshwar - GPCB,,,,,,,,,,,,,,,,,,,,,,,,,,,,,,,,,,,,,,,
31-Jul-2015,03:30,31-Jul-2015,03:45,Gujarat,Ankleshwar,GIDC, Ankleshwar - GPCB,,,,,,,,,,,,,,,,,,,,,,,,,,,,,,,,,,,,,,,
31-Jul-2015,03:45,31-Jul-2015,04:00,Gujarat,Ankleshwar,GIDC, Ankleshwar - GPCB,,,,,,,,,,,,,,,,,,,,,,,,,,,,,,,,,,,,,,,
31-Jul-2015,04:00,31-Jul-2015,04:15,Gujarat,Ankleshwar,GIDC, Ankleshwar - GPCB,,,,,,,,,,,,,,,,,,,,,,,,,,,,,,,,,,,,,,,
31-Jul-2015,04:15,31-Jul-2015,04:30,Gujarat,Ankleshwar,GIDC, Ankleshwar - GPCB,,,,,,,,,,,,,,,,,,,,,,,,,,,,,,,,,,,,,,,
31-Jul-2015,04:30,31-Jul-2015,04:45,Gujarat,Ankleshwar,GIDC, Ankleshwar - GPCB,,,,,,,,,,,,,,,,,,,,,,,,,,,,,,,,,,,,,,,
31-Jul-2015,04:45,31-Jul-2015,05:00,Gujarat,Ankleshwar,GIDC, Ankleshwar - GPCB,,,,,,,,,,,,,,,,,,,,,,,,,,,,,,,,,,,,,,,
31-Jul-2015,05:00,31-Jul-2015,05:15,Gujarat,Ankleshwar,GIDC, Ankleshwar - GPCB,,,,,,,,,,,,,,,,,,,,,,,,,,,,,,,,,,,,,,,
31-Jul-2015,05:15,31-Jul-2015,05:30,Gujarat,Ankleshwar,GIDC, Ankleshwar - GPCB,,,,,,,,,,,,,,,,,,,,,,,,,,,,,,,,,,,,,,,
31-Jul-2015,05:30,31-Jul-2015,05:45,Gujarat,Ankleshwar,GIDC, Ankleshwar - GPCB,,,,,,,,,,,,,,,,,,,,,,,,,,,,,,,,,,,,,,,
31-Jul-2015,05:45,31-Jul-2015,06:00,Gujarat,Ankleshwar,GIDC, Ankleshwar - GPCB,,,,,,,,,,,,,,,,,,,,,,,,,,,,,,,,,,,,,,,
31-Jul-2015,06:00,31-Jul-2015,06:15,Gujarat,Ankleshwar,GIDC, Ankleshwar - GPCB,,,,,,,,,,,,,,,,,,,,,,,,,,,,,,,,,,,,,,,
31-Jul-2015,06:15,31-Jul-2015,06:30,Gujarat,Ankleshwar,GIDC, Ankleshwar - GPCB,,,,,,,,,,,,,,,,,,,,,,,,,,,,,,,,,,,,,,,
31-Jul-2015,06:30,31-Jul-2015,06:45,Gujarat,Ankleshwar,GIDC, Ankleshwar - GPCB,,,,,,,,,,,,,,,,,,,,,,,,,,,,,,,,,,,,,,,
31-Jul-2015,06:45,31-Jul-2015,07:00,Gujarat,Ankleshwar,GIDC, Ankleshwar - GPCB,,,,,,,,,,,,,,,,,,,,,,,,,,,,,,,,,,,,,,,
31-Jul-2015,07:00,31-Jul-2015,07:15,Gujarat,Ankleshwar,GIDC, Ankleshwar - GPCB,,,,,,,,,,,,,,,,,,,,,,,,,,,,,,,,,,,,,,,
31-Jul-2015,07:15,31-Jul-2015,07:30,Gujarat,Ankleshwar,GIDC, Ankleshwar - GPCB,,,,,,,,,,,,,,,,,,,,,,,,,,,,,,,,,,,,,,,
31-Jul-2015,07:30,31-Jul-2015,07:45,Gujarat,Ankleshwar,GIDC, Ankleshwar - GPCB,,,,,,,,,,,,,,,,,,,,,,,,,,,,,,,,,,,,,,,
31-Jul-2015,07:45,31-Jul-2015,08:00,Gujarat,Ankleshwar,GIDC, Ankleshwar - GPCB,,,,,,,,,,,,,,,,,,,,,,,,,,,,,,,,,,,,,,,
31-Jul-2015,08:00,31-Jul-2015,08:15,Gujarat,Ankleshwar,GIDC, Ankleshwar - GPCB,,,,,,,,,,,,,,,,,,,,,,,,,,,,,,,,,,,,,,,
31-Jul-2015,08:15,31-Jul-2015,08:30,Gujarat,Ankleshwar,GIDC, Ankleshwar - GPCB,,,,,,,,,,,,,,,,,,,,,,,,,,,,,,,,,,,,,,,
31-Jul-2015,08:30,31-Jul-2015,08:45,Gujarat,Ankleshwar,GIDC, Ankleshwar - GPCB,,,,,,,,,,,,,,,,,,,,,,,,,,,,,,,,,,,,,,,
31-Jul-2015,08:45,31-Jul-2015,09:00,Gujarat,Ankleshwar,GIDC, Ankleshwar - GPCB,,,,,,,,,,,,,,,,,,,,,,,,,,,,,,,,,,,,,,,
31-Jul-2015,09:00,31-Jul-2015,09:15,Gujarat,Ankleshwar,GIDC, Ankleshwar - GPCB,,,,,,,,,,,,,,,,,,,,,,,,,,,,,,,,,,,,,,,
31-Jul-2015,09:15,31-Jul-2015,09:30,Gujarat,Ankleshwar,GIDC, Ankleshwar - GPCB,,,,,,,,,,,,,,,,,,,,,,,,,,,,,,,,,,,,,,,
31-Jul-2015,09:30,31-Jul-2015,09:45,Gujarat,Ankleshwar,GIDC, Ankleshwar - GPCB,,,,,,,,,,,,,,,,,,,,,,,,,,,,,,,,,,,,,,,
31-Jul-2015,09:45,31-Jul-2015,10:00,Gujarat,Ankleshwar,GIDC, Ankleshwar - GPCB,,,,,,,,,,,,,,,,,,,,,,,,,,,,,,,,,,,,,,,
31-Jul-2015,10:00,31-Jul-2015,10:15,Gujarat,Ankleshwar,GIDC, Ankleshwar - GPCB,,,,,,,,,,,,,,,,,,,,,,,,,,,,,,,,,,,,,,,
31-Jul-2015,10:15,31-Jul-2015,10:30,Gujarat,Ankleshwar,GIDC, Ankleshwar - GPCB,,,,,,,,,,,,,,,,,,,,,,,,,,,,,,,,,,,,,,,
31-Jul-2015,10:30,31-Jul-2015,10:45,Gujarat,Ankleshwar,GIDC, Ankleshwar - GPCB,,,,,,,,,,,,,,,,,,,,,,,,,,,,,,,,,,,,,,,
31-Jul-2015,10:45,31-Jul-2015,11:00,Gujarat,Ankleshwar,GIDC, Ankleshwar - GPCB,,,,,,,,,,,,,,,,,,,,,,,,,,,,,,,,,,,,,,,
31-Jul-2015,11:00,31-Jul-2015,11:15,Gujarat,Ankleshwar,GIDC, Ankleshwar - GPCB,,,,,,,,,,,,,,,,,,,,,,,,,,,,,,,,,,,,,,,
31-Jul-2015,11:15,31-Jul-2015,11:30,Gujarat,Ankleshwar,GIDC, Ankleshwar - GPCB,,,,,,,,,,,,,,,,,,,,,,,,,,,,,,,,,,,,,,,
31-Jul-2015,11:30,31-Jul-2015,11:45,Gujarat,Ankleshwar,GIDC, Ankleshwar - GPCB,,,,,,,,,,,,,,,,,,,,,,,,,,,,,,,,,,,,,,,
31-Jul-2015,11:45,31-Jul-2015,12:00,Gujarat,Ankleshwar,GIDC, Ankleshwar - GPCB,,,,,,,,,,,,,,,,,,,,,,,,,,,,,,,,,,,,,,,
31-Jul-2015,12:00,31-Jul-2015,12:15,Gujarat,Ankleshwar,GIDC, Ankleshwar - GPCB,,,,,,,,,,,,,,,,,,,,,,,,,,,,,,,,,,,,,,,
31-Jul-2015,12:15,31-Jul-2015,12:30,Gujarat,Ankleshwar,GIDC, Ankleshwar - GPCB,,,,,,,,,,,,,,,,,,,,,,,,,,,,,,,,,,,,,,,
31-Jul-2015,12:30,31-Jul-2015,12:45,Gujarat,Ankleshwar,GIDC, Ankleshwar - GPCB,,,,,,,,,,,,,,,,,,,,,,,,,,,,,,,,,,,,,,,
31-Jul-2015,12:45,31-Jul-2015,13:00,Gujarat,Ankleshwar,GIDC, Ankleshwar - GPCB,,,,,,,,,,,,,,,,,,,,,,,,,,,,,,,,,,,,,,,
31-Jul-2015,13:00,31-Jul-2015,13:15,Gujarat,Ankleshwar,GIDC, Ankleshwar - GPCB,,,,,,,,,,,,,,,,,,,,,,,,,,,,,,,,,,,,,,,
31-Jul-2015,13:15,31-Jul-2015,13:30,Gujarat,Ankleshwar,GIDC, Ankleshwar - GPCB,,,,,,,,,,,,,,,,,,,,,,,,,,,,,,,,,,,,,,,
31-Jul-2015,13:30,31-Jul-2015,13:45,Gujarat,Ankleshwar,GIDC, Ankleshwar - GPCB,,,,,,,,,,,,,,,,,,,,,,,,,,,,,,,,,,,,,,,
31-Jul-2015,13:45,31-Jul-2015,14:00,Gujarat,Ankleshwar,GIDC, Ankleshwar - GPCB,,,,,,,,,,,,,,,,,,,,,,,,,,,,,,,,,,,,,,,
31-Jul-2015,14:00,31-Jul-2015,14:15,Gujarat,Ankleshwar,GIDC, Ankleshwar - GPCB,,,,,,,,,,,,,,,,,,,,,,,,,,,,,,,,,,,,,,,
31-Jul-2015,14:15,31-Jul-2015,14:30,Gujarat,Ankleshwar,GIDC, Ankleshwar - GPCB,,,,,,,,,,,,,,,,,,,,,,,,,,,,,,,,,,,,,,,
31-Jul-2015,14:30,31-Jul-2015,14:45,Gujarat,Ankleshwar,GIDC, Ankleshwar - GPCB,,,,,,,,,,,,,,,,,,,,,,,,,,,,,,,,,,,,,,,
31-Jul-2015,14:45,31-Jul-2015,15:00,Gujarat,Ankleshwar,GIDC, Ankleshwar - GPCB,,,,,,,,,,,,,,,,,,,,,,,,,,,,,,,,,,,,,,,
31-Jul-2015,15:00,31-Jul-2015,15:15,Gujarat,Ankleshwar,GIDC, Ankleshwar - GPCB,,,,,,,,,,,,,,,,,,,,,,,,,,,,,,,,,,,,,,,
31-Jul-2015,15:15,31-Jul-2015,15:30,Gujarat,Ankleshwar,GIDC, Ankleshwar - GPCB,,,,,,,,,,,,,,,,,,,,,,,,,,,,,,,,,,,,,,,
31-Jul-2015,15:30,31-Jul-2015,15:45,Gujarat,Ankleshwar,GIDC, Ankleshwar - GPCB,,,,,,,,,,,,,,,,,,,,,,,,,,,,,,,,,,,,,,,
31-Jul-2015,15:45,31-Jul-2015,16:00,Gujarat,Ankleshwar,GIDC, Ankleshwar - GPCB,,,,,,,,,,,,,,,,,,,,,,,,,,,,,,,,,,,,,,,
31-Jul-2015,16:00,31-Jul-2015,16:15,Gujarat,Ankleshwar,GIDC, Ankleshwar - GPCB,,,,,,,,,,,,,,,,,,,,,,,,,,,,,,,,,,,,,,,
31-Jul-2015,16:15,31-Jul-2015,16:30,Gujarat,Ankleshwar,GIDC, Ankleshwar - GPCB,,,,,,,,,,,,,,,,,,,,,,,,,,,,,,,,,,,,,,,
31-Jul-2015,16:30,31-Jul-2015,16:45,Gujarat,Ankleshwar,GIDC, Ankleshwar - GPCB,,,,,,,,,,,,,,,,,,,,,,,,,,,,,,,,,,,,,,,
31-Jul-2015,16:45,31-Jul-2015,17:00,Gujarat,Ankleshwar,GIDC, Ankleshwar - GPCB,,,,,,,,,,,,,,,,,,,,,,,,,,,,,,,,,,,,,,,
31-Jul-2015,17:00,31-Jul-2015,17:15,Gujarat,Ankleshwar,GIDC, Ankleshwar - GPCB,,,,,,,,,,,,,,,,,,,,,,,,,,,,,,,,,,,,,,,
31-Jul-2015,17:15,31-Jul-2015,17:30,Gujarat,Ankleshwar,GIDC, Ankleshwar - GPCB,,,,,,,,,,,,,,,,,,,,,,,,,,,,,,,,,,,,,,,
31-Jul-2015,17:30,31-Jul-2015,17:45,Gujarat,Ankleshwar,GIDC, Ankleshwar - GPCB,,,,,,,,,,,,,,,,,,,,,,,,,,,,,,,,,,,,,,,
31-Jul-2015,17:45,31-Jul-2015,18:00,Gujarat,Ankleshwar,GIDC, Ankleshwar - GPCB,,,,,,,,,,,,,,,,,,,,,,,,,,,,,,,,,,,,,,,
31-Jul-2015,18:00,31-Jul-2015,18:15,Gujarat,Ankleshwar,GIDC, Ankleshwar - GPCB,,,,,,,,,,,,,,,,,,,,,,,,,,,,,,,,,,,,,,,
31-Jul-2015,18:15,31-Jul-2015,18:30,Gujarat,Ankleshwar,GIDC, Ankleshwar - GPCB,,,,,,,,,,,,,,,,,,,,,,,,,,,,,,,,,,,,,,,
31-Jul-2015,18:30,31-Jul-2015,18:45,Gujarat,Ankleshwar,GIDC, Ankleshwar - GPCB,,,,,,,,,,,,,,,,,,,,,,,,,,,,,,,,,,,,,,,
31-Jul-2015,18:45,31-Jul-2015,19:00,Gujarat,Ankleshwar,GIDC, Ankleshwar - GPCB,,,,,,,,,,,,,,,,,,,,,,,,,,,,,,,,,,,,,,,
31-Jul-2015,19:00,31-Jul-2015,19:15,Gujarat,Ankleshwar,GIDC, Ankleshwar - GPCB,,,,,,,,,,,,,,,,,,,,,,,,,,,,,,,,,,,,,,,
31-Jul-2015,19:15,31-Jul-2015,19:30,Gujarat,Ankleshwar,GIDC, Ankleshwar - GPCB,,,,,,,,,,,,,,,,,,,,,,,,,,,,,,,,,,,,,,,
31-Jul-2015,19:30,31-Jul-2015,19:45,Gujarat,Ankleshwar,GIDC, Ankleshwar - GPCB,,,,,,,,,,,,,,,,,,,,,,,,,,,,,,,,,,,,,,,
31-Jul-2015,19:45,31-Jul-2015,20:00,Gujarat,Ankleshwar,GIDC, Ankleshwar - GPCB,,,,,,,,,,,,,,,,,,,,,,,,,,,,,,,,,,,,,,,
31-Jul-2015,20:00,31-Jul-2015,20:15,Gujarat,Ankleshwar,GIDC, Ankleshwar - GPCB,,,,,,,,,,,,,,,,,,,,,,,,,,,,,,,,,,,,,,,
31-Jul-2015,20:15,31-Jul-2015,20:30,Gujarat,Ankleshwar,GIDC, Ankleshwar - GPCB,,,,,,,,,,,,,,,,,,,,,,,,,,,,,,,,,,,,,,,
31-Jul-2015,20:30,31-Jul-2015,20:45,Gujarat,Ankleshwar,GIDC, Ankleshwar - GPCB,,,,,,,,,,,,,,,,,,,,,,,,,,,,,,,,,,,,,,,
31-Jul-2015,20:45,31-Jul-2015,21:00,Gujarat,Ankleshwar,GIDC, Ankleshwar - GPCB,,,,,,,,,,,,,,,,,,,,,,,,,,,,,,,,,,,,,,,
31-Jul-2015,21:00,31-Jul-2015,21:15,Gujarat,Ankleshwar,GIDC, Ankleshwar - GPCB,,,,,,,,,,,,,,,,,,,,,,,,,,,,,,,,,,,,,,,
31-Jul-2015,21:15,31-Jul-2015,21:30,Gujarat,Ankleshwar,GIDC, Ankleshwar - GPCB,,,,,,,,,,,,,,,,,,,,,,,,,,,,,,,,,,,,,,,
31-Jul-2015,21:30,31-Jul-2015,21:45,Gujarat,Ankleshwar,GIDC, Ankleshwar - GPCB,,,,,,,,,,,,,,,,,,,,,,,,,,,,,,,,,,,,,,,
31-Jul-2015,21:45,31-Jul-2015,22:00,Gujarat,Ankleshwar,GIDC, Ankleshwar - GPCB,,,,,,,,,,,,,,,,,,,,,,,,,,,,,,,,,,,,,,,
31-Jul-2015,22:00,31-Jul-2015,22:15,Gujarat,Ankleshwar,GIDC, Ankleshwar - GPCB,,,,,,,,,,,,,,,,,,,,,,,,,,,,,,,,,,,,,,,
31-Jul-2015,22:15,31-Jul-2015,22:30,Gujarat,Ankleshwar,GIDC, Ankleshwar - GPCB,,,,,,,,,,,,,,,,,,,,,,,,,,,,,,,,,,,,,,,
31-Jul-2015,22:30,31-Jul-2015,22:45,Gujarat,Ankleshwar,GIDC, Ankleshwar - GPCB,,,,,,,,,,,,,,,,,,,,,,,,,,,,,,,,,,,,,,,
31-Jul-2015,22:45,31-Jul-2015,23:00,Gujarat,Ankleshwar,GIDC, Ankleshwar - GPCB,,,,,,,,,,,,,,,,,,,,,,,,,,,,,,,,,,,,,,,
31-Jul-2015,23:00,31-Jul-2015,23:15,Gujarat,Ankleshwar,GIDC, Ankleshwar - GPCB,,,,,,,,,,,,,,,,,,,,,,,,,,,,,,,,,,,,,,,
31-Jul-2015,23:15,31-Jul-2015,23:30,Gujarat,Ankleshwar,GIDC, Ankleshwar - GPCB,,,,,,,,,,,,,,,,,,,,,,,,,,,,,,,,,,,,,,,
31-Jul-2015,23:30,31-Jul-2015,23:45,Gujarat,Ankleshwar,GIDC, Ankleshwar - GPCB,,,,,,,,,,,,,,,,,,,,,,,,,,,,,,,,,,,,,,,
31-Jul-2015,23:45,01-Aug-2015,00:00,Gujarat,Ankleshwar,GIDC, Ankleshwar - GPCB,,,,,,,,,,,,,,,,,,,,,,,,,,,,,,,,,,,,,,,