01-Jan-2012,00:00,01-Jan-2012,00:15,Tamil Nadu,Chennai,Velachery Res. Area, Chennai - CPCB,,,,,,,,,,,,,,,,,,,,,,,,,,,,,,,,,,,27.32,,,,
01-Jan-2012,00:15,01-Jan-2012,00:30,Tamil Nadu,Chennai,Velachery Res. Area, Chennai - CPCB,,,,,,,,,,,,,,,,,,,,,,,,,,,,,,,,,,,27.07,,,,
01-Jan-2012,00:30,01-Jan-2012,00:45,Tamil Nadu,Chennai,Velachery Res. Area, Chennai - CPCB,,,,,,,,,,,,,,,,,,,,,,,,,,,,,,,,,,,27.06,,,,
01-Jan-2012,00:45,01-Jan-2012,01:00,Tamil Nadu,Chennai,Velachery Res. Area, Chennai - CPCB,,,,,,,,,,,,,,,,,,,,,,,,,,,,,,,,,,,27.56,,,,
01-Jan-2012,01:00,01-Jan-2012,01:15,Tamil Nadu,Chennai,Velachery Res. Area, Chennai - CPCB,,,,,,,,,,,,,,,,,,,,,,,,,,,,,,,,,,,27.41,,,,
01-Jan-2012,01:15,01-Jan-2012,01:30,Tamil Nadu,Chennai,Velachery Res. Area, Chennai - CPCB,,,,,,,,,,,,,,,,,,,,,,,,,,,,,,,,,,,27.39,,,,
01-Jan-2012,01:30,01-Jan-2012,01:45,Tamil Nadu,Chennai,Velachery Res. Area, Chennai - CPCB,,,,,,,,,,,,,,,,,,,,,,,,,,,,,,,,,,,27.38,,,,
01-Jan-2012,01:45,01-Jan-2012,02:00,Tamil Nadu,Chennai,Velachery Res. Area, Chennai - CPCB,,,,,,,,,,,,,,,,,,,,,,,,,,,,,,,,,,,27.35,,,,
01-Jan-2012,02:00,01-Jan-2012,02:15,Tamil Nadu,Chennai,Velachery Res. Area, Chennai - CPCB,,,,,,,,,,,,,,,,,,,,,,,,,,,,,,,,,,,27.22,,,,
01-Jan-2012,02:15,01-Jan-2012,02:30,Tamil Nadu,Chennai,Velachery Res. Area, Chennai - CPCB,,,,,,,,,,,,,,,,,,,,,,,,,,,,,,,,,,,27.08,,,,
01-Jan-2012,02:30,01-Jan-2012,02:45,Tamil Nadu,Chennai,Velachery Res. Area, Chennai - CPCB,,,,,,,,,,,,,,,,,,,,,,,,,,,,,,,,,,,26.93,,,,
01-Jan-2012,02:45,01-Jan-2012,03:00,Tamil Nadu,Chennai,Velachery Res. Area, Chennai - CPCB,,,,,,,,,,,,,,,,,,,,,,,,,,,,,,,,,,,26.98,,,,
01-Jan-2012,03:00,01-Jan-2012,03:15,Tamil Nadu,Chennai,Velachery Res. Area, Chennai - CPCB,,,,,,,,,,,,,,,,,,,,,,,,,,,,,,,,,,,26.95,,,,
01-Jan-2012,03:15,01-Jan-2012,03:30,Tamil Nadu,Chennai,Velachery Res. Area, Chennai - CPCB,,,,,,,,,,,,,,,,,,,,,,,,,,,,,,,,,,,26.81,,,,
01-Jan-2012,03:30,01-Jan-2012,03:45,Tamil Nadu,Chennai,Velachery Res. Area, Chennai - CPCB,,,,,,,,,,,,,,,,,,,,,,,,,,,,,,,,,,,26.62,,,,
01-Jan-2012,03:45,01-Jan-2012,04:00,Tamil Nadu,Chennai,Velachery Res. Area, Chennai - CPCB,,,,,,,,,,,,,,,,,,,,,,,,,,,,,,,,,,,26.69,,,,
01-Jan-2012,04:00,01-Jan-2012,04:15,Tamil Nadu,Chennai,Velachery Res. Area, Chennai - CPCB,,,,,,,,,,,,,,,,,,,,,,,,,,,,,,,,,,,26.67,,,,
01-Jan-2012,04:15,01-Jan-2012,04:30,Tamil Nadu,Chennai,Velachery Res. Area, Chennai - CPCB,,,,,,,,,,,,,,,,,,,,,,,,,,,,,,,,,,,26.58,,,,
01-Jan-2012,04:30,01-Jan-2012,04:45,Tamil Nadu,Chennai,Velachery Res. Area, Chennai - CPCB,,,,,,,,,,,,,,,,,,,,,,,,,,,,,,,,,,,26.51,,,,
01-Jan-2012,04:45,01-Jan-2012,05:00,Tamil Nadu,Chennai,Velachery Res. Area, Chennai - CPCB,,,,,,,,,,,,,,,,,,,,,,,,,,,,,,,,,,,26.21,,,,
01-Jan-2012,05:00,01-Jan-2012,05:15,Tamil Nadu,Chennai,Velachery Res. Area, Chennai - CPCB,,,,,,,,,,,,,,,,,,,,,,,,,,,,,,,,,,,26.15,,,,
01-Jan-2012,05:15,01-Jan-2012,05:30,Tamil Nadu,Chennai,Velachery Res. Area, Chennai - CPCB,,,,,,,,,,,,,,,,,,,,,,,,,,,,,,,,,,,26.24,,,,
01-Jan-2012,05:30,01-Jan-2012,05:45,Tamil Nadu,Chennai,Velachery Res. Area, Chennai - CPCB,,,,,,,,,,,,,,,,,,,,,,,,,,,,,,,,,,,26.24,,,,
01-Jan-2012,05:45,01-Jan-2012,06:00,Tamil Nadu,Chennai,Velachery Res. Area, Chennai - CPCB,,,,,,,,,,,,,,,,,,,,,,,,,,,,,,,,,,,26.21,,,,
01-Jan-2012,06:00,01-Jan-2012,06:15,Tamil Nadu,Chennai,Velachery Res. Area, Chennai - CPCB,,,,,,,,,,,,,,,,,,,,,,,,,,,,,,,,,,,26.29,,,,
01-Jan-2012,06:15,01-Jan-2012,06:30,Tamil Nadu,Chennai,Velachery Res. Area, Chennai - CPCB,,,,,,,,,,,,,,,,,,,,,,,,,,,,,,,,,,,26.33,,,,
01-Jan-2012,06:30,01-Jan-2012,06:45,Tamil Nadu,Chennai,Velachery Res. Area, Chennai - CPCB,,,,,,,,,,,,,,,,,,,,,,,,,,,,,,,,,,,26.36,,,,
01-Jan-2012,06:45,01-Jan-2012,07:00,Tamil Nadu,Chennai,Velachery Res. Area, Chennai - CPCB,,,,,,,,,,,,,,,,,,,,,,,,,,,,,,,,,,,26.3,,,,
01-Jan-2012,07:00,01-Jan-2012,07:15,Tamil Nadu,Chennai,Velachery Res. Area, Chennai - CPCB,,,,,,,,,,,,,,,,,,,,,,,,,,,,,,,,,,,26.41,,,,
01-Jan-2012,07:15,01-Jan-2012,07:30,Tamil Nadu,Chennai,Velachery Res. Area, Chennai - CPCB,,,,,,,,,,,,,,,,,,,,,,,,,,,,,,,,,,,26.52,,,,
01-Jan-2012,07:30,01-Jan-2012,07:45,Tamil Nadu,Chennai,Velachery Res. Area, Chennai - CPCB,,,,,,,,,,,,,,,,,,,,,,,,,,,,,,,,,,,26.67,,,,
01-Jan-2012,07:45,01-Jan-2012,08:00,Tamil Nadu,Chennai,Velachery Res. Area, Chennai - CPCB,,,,,,,,,,,,,,,,,,,,,,,,,,,,,,,,,,,26.68,,,,
01-Jan-2012,08:00,01-Jan-2012,08:15,Tamil Nadu,Chennai,Velachery Res. Area, Chennai - CPCB,,,,,,,,,,,,,,,,,,,,,,,,,,,,,,,,,,,26.62,,,,
01-Jan-2012,08:15,01-Jan-2012,08:30,Tamil Nadu,Chennai,Velachery Res. Area, Chennai - CPCB,,,,,,,,,,,,,,,,,,,,,,,,,,,,,,,,,,,26.32,,,,
01-Jan-2012,08:30,01-Jan-2012,08:45,Tamil Nadu,Chennai,Velachery Res. Area, Chennai - CPCB,,,,,,,,,,,,,,,,,,,,,,,,,,,,,,,,,,,26.19,,,,
01-Jan-2012,08:45,01-Jan-2012,09:00,Tamil Nadu,Chennai,Velachery Res. Area, Chennai - CPCB,,,,,,,,,,,,,,,,,,,,,,,,,,,,,,,,,,,26.23,,,,
01-Jan-2012,09:00,01-Jan-2012,09:15,Tamil Nadu,Chennai,Velachery Res. Area, Chennai - CPCB,,,,,,,,,,,,,,,,,,,,,,,,,,,,,,,,,,,26.29,,,,
01-Jan-2012,09:15,01-Jan-2012,09:30,Tamil Nadu,Chennai,Velachery Res. Area, Chennai - CPCB,,,,,,,,,,,,,,,,,,,,,,,,,,,,,,,,,,,26.65,,,,
01-Jan-2012,09:30,01-Jan-2012,09:45,Tamil Nadu,Chennai,Velachery Res. Area, Chennai - CPCB,,,,,,,,,,,,,,,,,,,,,,,,,,,,,,,,,,,27.0,,,,
01-Jan-2012,09:45,01-Jan-2012,10:00,Tamil Nadu,Chennai,Velachery Res. Area, Chennai - CPCB,,,,,,,,,,,,,,,,,,,,,,,,,,,,,,,,,,,27.34,,,,
01-Jan-2012,10:00,01-Jan-2012,10:15,Tamil Nadu,Chennai,Velachery Res. Area, Chennai - CPCB,,,,,,,,,,,,,,,,,,,,,,,,,,,,,,,,,,,27.59,,,,
01-Jan-2012,10:15,01-Jan-2012,10:30,Tamil Nadu,Chennai,Velachery Res. Area, Chennai - CPCB,,,,,,,,,,,,,,,,,,,,,,,,,,,,,,,,,,,27.88,,,,
01-Jan-2012,10:30,01-Jan-2012,10:45,Tamil Nadu,Chennai,Velachery Res. Area, Chennai - CPCB,,,,,,,,,,,,,,,,,,,,,,,,,,,,,,,,,,,28.04,,,,
01-Jan-2012,10:45,01-Jan-2012,11:00,Tamil Nadu,Chennai,Velachery Res. Area, Chennai - CPCB,,,,,,,,,,,,,,,,,,,,,,,,,,,,,,,,,,,28.62,,,,
01-Jan-2012,11:00,01-Jan-2012,11:15,Tamil Nadu,Chennai,Velachery Res. Area, Chennai - CPCB,,,,,,,,,,,,,,,,,,,,,,,,,,,,,,,,,,,29.06,,,,
01-Jan-2012,11:15,01-Jan-2012,11:30,Tamil Nadu,Chennai,Velachery Res. Area, Chennai - CPCB,,,,,,,,,,,,,,,,,,,,,,,,,,,,,,,,,,,29.09,,,,
01-Jan-2012,11:30,01-Jan-2012,11:45,Tamil Nadu,Chennai,Velachery Res. Area, Chennai - CPCB,,,,,,,,,,,,,,,,,,,,,,,,,,,,,,,,,,,28.93,,,,
01-Jan-2012,11:45,01-Jan-2012,12:00,Tamil Nadu,Chennai,Velachery Res. Area, Chennai - CPCB,,,,,,,,,,,,,,,,,,,,,,,,,,,,,,,,,,,28.94,,,,
01-Jan-2012,12:00,01-Jan-2012,12:15,Tamil Nadu,Chennai,Velachery Res. Area, Chennai - CPCB,,,,,,,,,,,,,,,,,,,,,,,,,,,,,,,,,,,29.09,,,,
01-Jan-2012,12:15,01-Jan-2012,12:30,Tamil Nadu,Chennai,Velachery Res. Area, Chennai - CPCB,,,,,,,,,,,,,,,,,,,,,,,,,,,,,,,,,,,29.29,,,,
01-Jan-2012,12:30,01-Jan-2012,12:45,Tamil Nadu,Chennai,Velachery Res. Area, Chennai - CPCB,,,,,,,,,,,,,,,,,,,,,,,,,,,,,,,,,,,29.46,,,,
01-Jan-2012,12:45,01-Jan-2012,13:00,Tamil Nadu,Chennai,Velachery Res. Area, Chennai - CPCB,,,,,,,,,,,,,,,,,,,,,,,,,,,,,,,,,,,29.6,,,,
01-Jan-2012,13:00,01-Jan-2012,13:15,Tamil Nadu,Chennai,Velachery Res. Area, Chennai - CPCB,,,,,,,,,,,,,,,,,,,,,,,,,,,,,,,,,,,29.63,,,,
01-Jan-2012,13:15,01-Jan-2012,13:30,Tamil Nadu,Chennai,Velachery Res. Area, Chennai - CPCB,,,,,,,,,,,,,,,,,,,,,,,,,,,,,,,,,,,29.97,,,,
01-Jan-2012,13:30,01-Jan-2012,13:45,Tamil Nadu,Chennai,Velachery Res. Area, Chennai - CPCB,,,,,,,,,,,,,,,,,,,,,,,,,,,,,,,,,,,30.06,,,,
01-Jan-2012,13:45,01-Jan-2012,14:00,Tamil Nadu,Chennai,Velachery Res. Area, Chennai - CPCB,,,,,,,,,,,,,,,,,,,,,,,,,,,,,,,,,,,30.12,,,,
01-Jan-2012,14:00,01-Jan-2012,14:15,Tamil Nadu,Chennai,Velachery Res. Area, Chennai - CPCB,,,,,,,,,,,,,,,,,,,,,,,,,,,,,,,,,,,30.79,,,,
01-Jan-2012,14:15,01-Jan-2012,14:30,Tamil Nadu,Chennai,Velachery Res. Area, Chennai - CPCB,,,,,,,,,,,,,,,,,,,,,,,,,,,,,,,,,,,30.7,,,,
01-Jan-2012,14:30,01-Jan-2012,14:45,Tamil Nadu,Chennai,Velachery Res. Area, Chennai - CPCB,,,,,,,,,,,,,,,,,,,,,,,,,,,,,,,,,,,30.61,,,,
01-Jan-2012,14:45,01-Jan-2012,15:00,Tamil Nadu,Chennai,Velachery Res. Area, Chennai - CPCB,,,,,,,,,,,,,,,,,,,,,,,,,,,,,,,,,,,30.28,,,,
01-Jan-2012,15:00,01-Jan-2012,15:15,Tamil Nadu,Chennai,Velachery Res. Area, Chennai - CPCB,,,,,,,,,,,,,,,,,,,,,,,,,,,,,,,,,,,30.45,,,,
01-Jan-2012,15:15,01-Jan-2012,15:30,Tamil Nadu,Chennai,Velachery Res. Area, Chennai - CPCB,,,,,,,,,,,,,,,,,,,,,,,,,,,,,,,,,,,30.47,,,,
01-Jan-2012,15:30,01-Jan-2012,15:45,Tamil Nadu,Chennai,Velachery Res. Area, Chennai - CPCB,,,,,,,,,,,,,,,,,,,,,,,,,,,,,,,,,,,30.22,,,,
01-Jan-2012,15:45,01-Jan-2012,16:00,Tamil Nadu,Chennai,Velachery Res. Area, Chennai - CPCB,,,,,,,,,,,,,,,,,,,,,,,,,,,,,,,,,,,30.41,,,,
01-Jan-2012,16:00,01-Jan-2012,16:15,Tamil Nadu,Chennai,Velachery Res. Area, Chennai - CPCB,,,,,,,,,,,,,,,,,,,,,,,,,,,,,,,,,,,30.14,,,,
01-Jan-2012,16:15,01-Jan-2012,16:30,Tamil Nadu,Chennai,Velachery Res. Area, Chennai - CPCB,,,,,,,,,,,,,,,,,,,,,,,,,,,,,,,,,,,29.5,,,,
01-Jan-2012,16:30,01-Jan-2012,16:45,Tamil Nadu,Chennai,Velachery Res. Area, Chennai - CPCB,,,,,,,,,,,,,,,,,,,,,,,,,,,,,,,,,,,29.18,,,,
01-Jan-2012,16:45,01-Jan-2012,17:00,Tamil Nadu,Chennai,Velachery Res. Area, Chennai - CPCB,,,,,,,,,,,,,,,,,,,,,,,,,,,,,,,,,,,29.19,,,,
01-Jan-2012,17:00,01-Jan-2012,17:15,Tamil Nadu,Chennai,Velachery Res. Area, Chennai - CPCB,,,,,,,,,,,,,,,,,,,,,,,,,,,,,,,,,,,29.17,,,,
01-Jan-2012,17:15,01-Jan-2012,17:30,Tamil Nadu,Chennai,Velachery Res. Area, Chennai - CPCB,,,,,,,,,,,,,,,,,,,,,,,,,,,,,,,,,,,28.8,,,,
01-Jan-2012,17:30,01-Jan-2012,17:45,Tamil Nadu,Chennai,Velachery Res. Area, Chennai - CPCB,,,,,,,,,,,,,,,,,,,,,,,,,,,,,,,,,,,28.44,,,,
01-Jan-2012,17:45,01-Jan-2012,18:00,Tamil Nadu,Chennai,Velachery Res. Area, Chennai - CPCB,,,,,,,,,,,,,,,,,,,,,,,,,,,,,,,,,,,28.13,,,,
01-Jan-2012,18:00,01-Jan-2012,18:15,Tamil Nadu,Chennai,Velachery Res. Area, Chennai - CPCB,,,,,,,,,,,,,,,,,,,,,,,,,,,,,,,,,,,27.86,,,,
01-Jan-2012,18:15,01-Jan-2012,18:30,Tamil Nadu,Chennai,Velachery Res. Area, Chennai - CPCB,,,,,,,,,,,,,,,,,,,,,,,,,,,,,,,,,,,27.69,,,,
01-Jan-2012,18:30,01-Jan-2012,18:45,Tamil Nadu,Chennai,Velachery Res. Area, Chennai - CPCB,,,,,,,,,,,,,,,,,,,,,,,,,,,,,,,,,,,27.54,,,,
01-Jan-2012,18:45,01-Jan-2012,19:00,Tamil Nadu,Chennai,Velachery Res. Area, Chennai - CPCB,,,,,,,,,,,,,,,,,,,,,,,,,,,,,,,,,,,27.51,,,,
01-Jan-2012,19:00,01-Jan-2012,19:15,Tamil Nadu,Chennai,Velachery Res. Area, Chennai - CPCB,,,,,,,,,,,,,,,,,,,,,,,,,,,,,,,,,,,27.53,,,,
01-Jan-2012,19:15,01-Jan-2012,19:30,Tamil Nadu,Chennai,Velachery Res. Area, Chennai - CPCB,,,,,,,,,,,,,,,,,,,,,,,,,,,,,,,,,,,27.55,,,,
01-Jan-2012,19:30,01-Jan-2012,19:45,Tamil Nadu,Chennai,Velachery Res. Area, Chennai - CPCB,,,,,,,,,,,,,,,,,,,,,,,,,,,,,,,,,,,27.63,,,,
01-Jan-2012,19:45,01-Jan-2012,20:00,Tamil Nadu,Chennai,Velachery Res. Area, Chennai - CPCB,,,,,,,,,,,,,,,,,,,,,,,,,,,,,,,,,,,27.65,,,,
01-Jan-2012,20:00,01-Jan-2012,20:15,Tamil Nadu,Chennai,Velachery Res. Area, Chennai - CPCB,,,,,,,,,,,,,,,,,,,,,,,,,,,,,,,,,,,27.56,,,,
01-Jan-2012,20:15,01-Jan-2012,20:30,Tamil Nadu,Chennai,Velachery Res. Area, Chennai - CPCB,,,,,,,,,,,,,,,,,,,,,,,,,,,,,,,,,,,27.56,,,,
01-Jan-2012,20:30,01-Jan-2012,20:45,Tamil Nadu,Chennai,Velachery Res. Area, Chennai - CPCB,,,,,,,,,,,,,,,,,,,,,,,,,,,,,,,,,,,27.56,,,,
01-Jan-2012,20:45,01-Jan-2012,21:00,Tamil Nadu,Chennai,Velachery Res. Area, Chennai - CPCB,,,,,,,,,,,,,,,,,,,,,,,,,,,,,,,,,,,27.51,,,,
01-Jan-2012,21:00,01-Jan-2012,21:15,Tamil Nadu,Chennai,Velachery Res. Area, Chennai - CPCB,,,,,,,,,,,,,,,,,,,,,,,,,,,,,,,,,,,27.43,,,,
01-Jan-2012,21:15,01-Jan-2012,21:30,Tamil Nadu,Chennai,Velachery Res. Area, Chennai - CPCB,,,,,,,,,,,,,,,,,,,,,,,,,,,,,,,,,,,27.47,,,,
01-Jan-2012,21:30,01-Jan-2012,21:45,Tamil Nadu,Chennai,Velachery Res. Area, Chennai - CPCB,,,,,,,,,,,,,,,,,,,,,,,,,,,,,,,,,,,27.53,,,,
01-Jan-2012,21:45,01-Jan-2012,22:00,Tamil Nadu,Chennai,Velachery Res. Area, Chennai - CPCB,,,,,,,,,,,,,,,,,,,,,,,,,,,,,,,,,,,27.41,,,,
01-Jan-2012,22:00,01-Jan-2012,22:15,Tamil Nadu,Chennai,Velachery Res. Area, Chennai - CPCB,,,,,,,,,,,,,,,,,,,,,,,,,,,,,,,,,,,27.31,,,,
01-Jan-2012,22:15,01-Jan-2012,22:30,Tamil Nadu,Chennai,Velachery Res. Area, Chennai - CPCB,,,,,,,,,,,,,,,,,,,,,,,,,,,,,,,,,,,27.28,,,,
01-Jan-2012,22:30,01-Jan-2012,22:45,Tamil Nadu,Chennai,Velachery Res. Area, Chennai - CPCB,,,,,,,,,,,,,,,,,,,,,,,,,,,,,,,,,,,27.27,,,,
01-Jan-2012,22:45,01-Jan-2012,23:00,Tamil Nadu,Chennai,Velachery Res. Area, Chennai - CPCB,,,,,,,,,,,,,,,,,,,,,,,,,,,,,,,,,,,27.15,,,,
01-Jan-2012,23:00,01-Jan-2012,23:15,Tamil Nadu,Chennai,Velachery Res. Area, Chennai - CPCB,,,,,,,,,,,,,,,,,,,,,,,,,,,,,,,,,,,27.01,,,,
01-Jan-2012,23:15,01-Jan-2012,23:30,Tamil Nadu,Chennai,Velachery Res. Area, Chennai - CPCB,,,,,,,,,,,,,,,,,,,,,,,,,,,,,,,,,,,27.08,,,,
01-Jan-2012,23:30,01-Jan-2012,23:45,Tamil Nadu,Chennai,Velachery Res. Area, Chennai - CPCB,,,,,,,,,,,,,,,,,,,,,,,,,,,,,,,,,,,26.94,,,,
01-Jan-2012,23:45,02-Jan-2012,00:00,Tamil Nadu,Chennai,Velachery Res. Area, Chennai - CPCB,,,,,,,,,,,,,,,,,,,,,,,,,,,,,,,,,,,26.99,,,,
02-Jan-2012,00:00,02-Jan-2012,00:15,Tamil Nadu,Chennai,Velachery Res. Area, Chennai - CPCB,,,,,,,,,,,,,,,,,,,,,,,,,,,,,,,,,,,27.03,,,,
02-Jan-2012,00:15,02-Jan-2012,00:30,Tamil Nadu,Chennai,Velachery Res. Area, Chennai - CPCB,,,,,,,,,,,,,,,,,,,,,,,,,,,,,,,,,,,27.14,,,,
02-Jan-2012,00:30,02-Jan-2012,00:45,Tamil Nadu,Chennai,Velachery Res. Area, Chennai - CPCB,,,,,,,,,,,,,,,,,,,,,,,,,,,,,,,,,,,27.25,,,,
02-Jan-2012,00:45,02-Jan-2012,01:00,Tamil Nadu,Chennai,Velachery Res. Area, Chennai - CPCB,,,,,,,,,,,,,,,,,,,,,,,,,,,,,,,,,,,27.25,,,,
02-Jan-2012,01:00,02-Jan-2012,01:15,Tamil Nadu,Chennai,Velachery Res. Area, Chennai - CPCB,,,,,,,,,,,,,,,,,,,,,,,,,,,,,,,,,,,27.29,,,,
02-Jan-2012,01:15,02-Jan-2012,01:30,Tamil Nadu,Chennai,Velachery Res. Area, Chennai - CPCB,,,,,,,,,,,,,,,,,,,,,,,,,,,,,,,,,,,27.22,,,,
02-Jan-2012,01:30,02-Jan-2012,01:45,Tamil Nadu,Chennai,Velachery Res. Area, Chennai - CPCB,,,,,,,,,,,,,,,,,,,,,,,,,,,,,,,,,,,27.0,,,,
02-Jan-2012,01:45,02-Jan-2012,02:00,Tamil Nadu,Chennai,Velachery Res. Area, Chennai - CPCB,,,,,,,,,,,,,,,,,,,,,,,,,,,,,,,,,,,26.94,,,,
02-Jan-2012,02:00,02-Jan-2012,02:15,Tamil Nadu,Chennai,Velachery Res. Area, Chennai - CPCB,,,,,,,,,,,,,,,,,,,,,,,,,,,,,,,,,,,27.06,,,,
02-Jan-2012,02:15,02-Jan-2012,02:30,Tamil Nadu,Chennai,Velachery Res. Area, Chennai - CPCB,,,,,,,,,,,,,,,,,,,,,,,,,,,,,,,,,,,26.92,,,,
02-Jan-2012,02:30,02-Jan-2012,02:45,Tamil Nadu,Chennai,Velachery Res. Area, Chennai - CPCB,,,,,,,,,,,,,,,,,,,,,,,,,,,,,,,,,,,26.91,,,,
02-Jan-2012,02:45,02-Jan-2012,03:00,Tamil Nadu,Chennai,Velachery Res. Area, Chennai - CPCB,,,,,,,,,,,,,,,,,,,,,,,,,,,,,,,,,,,26.95,,,,
02-Jan-2012,03:00,02-Jan-2012,03:15,Tamil Nadu,Chennai,Velachery Res. Area, Chennai - CPCB,,,,,,,,,,,,,,,,,,,,,,,,,,,,,,,,,,,26.94,,,,
02-Jan-2012,03:15,02-Jan-2012,03:30,Tamil Nadu,Chennai,Velachery Res. Area, Chennai - CPCB,,,,,,,,,,,,,,,,,,,,,,,,,,,,,,,,,,,26.97,,,,
02-Jan-2012,03:30,02-Jan-2012,03:45,Tamil Nadu,Chennai,Velachery Res. Area, Chennai - CPCB,,,,,,,,,,,,,,,,,,,,,,,,,,,,,,,,,,,27.03,,,,
02-Jan-2012,03:45,02-Jan-2012,04:00,Tamil Nadu,Chennai,Velachery Res. Area, Chennai - CPCB,,,,,,,,,,,,,,,,,,,,,,,,,,,,,,,,,,,26.9,,,,
02-Jan-2012,04:00,02-Jan-2012,04:15,Tamil Nadu,Chennai,Velachery Res. Area, Chennai - CPCB,,,,,,,,,,,,,,,,,,,,,,,,,,,,,,,,,,,26.92,,,,
02-Jan-2012,04:15,02-Jan-2012,04:30,Tamil Nadu,Chennai,Velachery Res. Area, Chennai - CPCB,,,,,,,,,,,,,,,,,,,,,,,,,,,,,,,,,,,26.83,,,,
02-Jan-2012,04:30,02-Jan-2012,04:45,Tamil Nadu,Chennai,Velachery Res. Area, Chennai - CPCB,,,,,,,,,,,,,,,,,,,,,,0.27,,,,,,,,,,,,,26.82,,,,
02-Jan-2012,04:45,02-Jan-2012,05:00,Tamil Nadu,Chennai,Velachery Res. Area, Chennai - CPCB,,,,,,,,,,,,,,,,,,,,,,2.99,,,,,,,,,,,,,26.86,,,,
02-Jan-2012,05:00,02-Jan-2012,05:15,Tamil Nadu,Chennai,Velachery Res. Area, Chennai - CPCB,,,,,,,,,,,,,,,,,,,,,,3.03,,,,,,,,,,,,,26.6,,,,
02-Jan-2012,05:15,02-Jan-2012,05:30,Tamil Nadu,Chennai,Velachery Res. Area, Chennai - CPCB,,,,,,,,,,,,,,,,,,,,,,2.9,,,,,,,,,,,,,26.54,,,,
02-Jan-2012,05:30,02-Jan-2012,05:45,Tamil Nadu,Chennai,Velachery Res. Area, Chennai - CPCB,,,,,,,,,,,,,,,,,,,,,,3.26,,,,,,,,,,,,,26.69,,,,
02-Jan-2012,05:45,02-Jan-2012,06:00,Tamil Nadu,Chennai,Velachery Res. Area, Chennai - CPCB,,,,,,,,,,,,,,,,,,,,,,2.57,,,,,,,,,,,,,26.49,,,,
02-Jan-2012,06:00,02-Jan-2012,06:15,Tamil Nadu,Chennai,Velachery Res. Area, Chennai - CPCB,,,,,,,,,,,,,,,,,,,,,,2.59,,,,,,,,,,,,,26.74,,,,
02-Jan-2012,06:15,02-Jan-2012,06:30,Tamil Nadu,Chennai,Velachery Res. Area, Chennai - CPCB,,,,,,,,,,,,,,,,,,,,,,,,,,,,,,,,,,,26.56,,,,
02-Jan-2012,06:30,02-Jan-2012,06:45,Tamil Nadu,Chennai,Velachery Res. Area, Chennai - CPCB,,,,,,,,,,,,,,,,,,,,,,,,,,,,,,,,,,,26.6,,,,
02-Jan-2012,06:45,02-Jan-2012,07:00,Tamil Nadu,Chennai,Velachery Res. Area, Chennai - CPCB,,,,,,,,,,,,,,,,,,,,,,,,,,,,,,,,,,,26.61,,,,
02-Jan-2012,07:00,02-Jan-2012,07:15,Tamil Nadu,Chennai,Velachery Res. Area, Chennai - CPCB,,,,,,,,,,,,,,,,,,,,,,,,,,,,,,,,,,,26.62,,,,
02-Jan-2012,07:15,02-Jan-2012,07:30,Tamil Nadu,Chennai,Velachery Res. Area, Chennai - CPCB,,,,,,,,,,,,,,,,,,,,,,,,,,,,,,,,,,,27.03,,,,
02-Jan-2012,07:30,02-Jan-2012,07:45,Tamil Nadu,Chennai,Velachery Res. Area, Chennai - CPCB,,,,,,,,,,,,,,,,,,,,,,,,,,,,,,,,,,,27.55,,,,
02-Jan-2012,07:45,02-Jan-2012,08:00,Tamil Nadu,Chennai,Velachery Res. Area, Chennai - CPCB,,,,,,,,,,,,,,,,,,,,,,,,,,,,,,,,,,,28.17,,,,
02-Jan-2012,08:00,02-Jan-2012,08:15,Tamil Nadu,Chennai,Velachery Res. Area, Chennai - CPCB,,,,,,,,,,,,,,,,,,,,,,,,,,,,,,,,,,,28.92,,,,
02-Jan-2012,08:15,02-Jan-2012,08:30,Tamil Nadu,Chennai,Velachery Res. Area, Chennai - CPCB,,,,,,,,,,,,,,,,,,,,,,,,,,,,,,,,,,,29.73,,,,
02-Jan-2012,08:30,02-Jan-2012,08:45,Tamil Nadu,Chennai,Velachery Res. Area, Chennai - CPCB,,,,,,,,,,,,,,,,,,,,,,,,,,,,,,,,,,,29.44,,,,
02-Jan-2012,08:45,02-Jan-2012,09:00,Tamil Nadu,Chennai,Velachery Res. Area, Chennai - CPCB,,,,,,,,,,,,,,,,,,,,,,,,,,,,,,,,,,,29.46,,,,
02-Jan-2012,09:00,02-Jan-2012,09:15,Tamil Nadu,Chennai,Velachery Res. Area, Chennai - CPCB,,,,,,,,,,,,,,,,,,,,,,,,,,,,,,,,,,,29.14,,,,
02-Jan-2012,09:15,02-Jan-2012,09:30,Tamil Nadu,Chennai,Velachery Res. Area, Chennai - CPCB,,,,,,,,,,,,,,,,,,,,,,,,,,,,,,,,,,,29.99,,,,
02-Jan-2012,09:30,02-Jan-2012,09:45,Tamil Nadu,Chennai,Velachery Res. Area, Chennai - CPCB,,,,,,,,,,,,,,,,,,,,,,,,,,,,,,,,,,,30.48,,,,
02-Jan-2012,09:45,02-Jan-2012,10:00,Tamil Nadu,Chennai,Velachery Res. Area, Chennai - CPCB,,,,,,,,,,,,,,,,,,,,,,,,,,,,,,,,,,,30.33,,,,
02-Jan-2012,10:00,02-Jan-2012,10:15,Tamil Nadu,Chennai,Velachery Res. Area, Chennai - CPCB,,,,,,,,,,,,,,,,,,,,,,0.27,,,,,,,,,,,,,30.39,,,,
02-Jan-2012,10:15,02-Jan-2012,10:30,Tamil Nadu,Chennai,Velachery Res. Area, Chennai - CPCB,,,,,,,,,,,,,,,,,,,,,,2.99,,,,,,,,,,,,,30.74,,,,
02-Jan-2012,10:30,02-Jan-2012,10:45,Tamil Nadu,Chennai,Velachery Res. Area, Chennai - CPCB,,,,,,,,,,,,,,,,,,,,,,3.03,,,,,,,,,,,,,30.47,,,,
02-Jan-2012,10:45,02-Jan-2012,11:00,Tamil Nadu,Chennai,Velachery Res. Area, Chennai - CPCB,,,,,,,,,,,,,,,,,,,,,,2.9,,,,,,,,,,,,,30.65,,,,
02-Jan-2012,11:00,02-Jan-2012,11:15,Tamil Nadu,Chennai,Velachery Res. Area, Chennai - CPCB,,,,,,,,,,,,,,,,,,,,,,3.26,,,,,,,,,,,,,30.35,,,,
02-Jan-2012,11:15,02-Jan-2012,11:30,Tamil Nadu,Chennai,Velachery Res. Area, Chennai - CPCB,,,,,,,,,,,,,,,,,,,,,,2.57,,,,,,,,,,,,,29.87,,,,
02-Jan-2012,11:30,02-Jan-2012,11:45,Tamil Nadu,Chennai,Velachery Res. Area, Chennai - CPCB,,,,,,,,,,,,,,,,,,,,,,2.59,,,,,,,,,,,,,30.31,,,,
02-Jan-2012,11:45,02-Jan-2012,12:00,Tamil Nadu,Chennai,Velachery Res. Area, Chennai - CPCB,,,,,,,,,,,,,,,,,,,,,,,,,,,,,,,,,,,30.71,,,,
02-Jan-2012,12:00,02-Jan-2012,12:15,Tamil Nadu,Chennai,Velachery Res. Area, Chennai - CPCB,,,,,,,,,,,,,,,,,,,,,,,,,,,,,,,,,,,31.13,,,,
02-Jan-2012,12:15,02-Jan-2012,12:30,Tamil Nadu,Chennai,Velachery Res. Area, Chennai - CPCB,,,,,,,,,,,,,,,,,,,,,,,,,,,,,,,,,,,30.94,,,,
02-Jan-2012,12:30,02-Jan-2012,12:45,Tamil Nadu,Chennai,Velachery Res. Area, Chennai - CPCB,,,,,,,,,,,,,,,,,,,,,,,,,,,,,,,,,,,30.3,,,,
02-Jan-2012,12:45,02-Jan-2012,13:00,Tamil Nadu,Chennai,Velachery Res. Area, Chennai - CPCB,,,,,,,,,,,,,,,,,,,,,,,,,,,,,,,,,,,30.83,,,,
02-Jan-2012,13:00,02-Jan-2012,13:15,Tamil Nadu,Chennai,Velachery Res. Area, Chennai - CPCB,,,,,,,,,,,,,,,,,,,,,,,,,,,,,,,,,,,31.26,,,,
02-Jan-2012,13:15,02-Jan-2012,13:30,Tamil Nadu,Chennai,Velachery Res. Area, Chennai - CPCB,,,,,,,,,,,,,,,,,,,,,,,,,,,,,,,,,,,31.49,,,,
02-Jan-2012,13:30,02-Jan-2012,13:45,Tamil Nadu,Chennai,Velachery Res. Area, Chennai - CPCB,,,,,,,,,,,,,,,,,,,,,,,,,,,,,,,,,,,31.23,,,,
02-Jan-2012,13:45,02-Jan-2012,14:00,Tamil Nadu,Chennai,Velachery Res. Area, Chennai - CPCB,,,,,,,,,,,,,,,,,,,,,,,,,,,,,,,,,,,31.33,,,,
02-Jan-2012,14:00,02-Jan-2012,14:15,Tamil Nadu,Chennai,Velachery Res. Area, Chennai - CPCB,,,,,,,,,,,,,,,,,,,,,,,,,,,,,,,,,,,30.96,,,,
02-Jan-2012,14:15,02-Jan-2012,14:30,Tamil Nadu,Chennai,Velachery Res. Area, Chennai - CPCB,,,,,,,,,,,,,,,,,,,,,,,,,,,,,,,,,,,30.82,,,,
02-Jan-2012,14:30,02-Jan-2012,14:45,Tamil Nadu,Chennai,Velachery Res. Area, Chennai - CPCB,,,,,,,,,,,,,,,,,,,,,,,,,,,,,,,,,,,30.95,,,,
02-Jan-2012,14:45,02-Jan-2012,15:00,Tamil Nadu,Chennai,Velachery Res. Area, Chennai - CPCB,,,,,,,,,,,,,,,,,,,,,,,,,,,,,,,,,,,30.67,,,,
02-Jan-2012,15:00,02-Jan-2012,15:15,Tamil Nadu,Chennai,Velachery Res. Area, Chennai - CPCB,,,,,,,,,,,,,,,,,,,,,,,,,,,,,,,,,,,30.46,,,,
02-Jan-2012,15:15,02-Jan-2012,15:30,Tamil Nadu,Chennai,Velachery Res. Area, Chennai - CPCB,,,,,,,,,,,,,,,,,,,,,,,,,,,,,,,,,,,30.48,,,,
02-Jan-2012,15:30,02-Jan-2012,15:45,Tamil Nadu,Chennai,Velachery Res. Area, Chennai - CPCB,,,,,,,,,,,,,,,,,,,,,,,,,,,,,,,,,,,30.23,,,,
02-Jan-2012,15:45,02-Jan-2012,16:00,Tamil Nadu,Chennai,Velachery Res. Area, Chennai - CPCB,,,,,,,,,,,,,,,,,,,,,,,,,,,,,,,,,,,30.1,,,,
02-Jan-2012,16:00,02-Jan-2012,16:15,Tamil Nadu,Chennai,Velachery Res. Area, Chennai - CPCB,,,,,,,,,,,,,,,,,,,,,,,,,,,,,,,,,,,29.56,,,,
02-Jan-2012,16:15,02-Jan-2012,16:30,Tamil Nadu,Chennai,Velachery Res. Area, Chennai - CPCB,,,,,,,,,,,,,,,,,,,,,,,,,,,,,,,,,,,29.28,,,,
02-Jan-2012,16:30,02-Jan-2012,16:45,Tamil Nadu,Chennai,Velachery Res. Area, Chennai - CPCB,,,,,,,,,,,,,,,,,,,,,,,,,,,,,,,,,,,29.38,,,,
02-Jan-2012,16:45,02-Jan-2012,17:00,Tamil Nadu,Chennai,Velachery Res. Area, Chennai - CPCB,,,,,,,,,,,,,,,,,,,,,,,,,,,,,,,,,,,29.31,,,,
02-Jan-2012,17:00,02-Jan-2012,17:15,Tamil Nadu,Chennai,Velachery Res. Area, Chennai - CPCB,,,,,,,,,,,,,,,,,,,,,,,,,,,,,,,,,,,29.12,,,,
02-Jan-2012,17:15,02-Jan-2012,17:30,Tamil Nadu,Chennai,Velachery Res. Area, Chennai - CPCB,,,,,,,,,,,,,,,,,,,,,,,,,,,,,,,,,,,28.85,,,,
02-Jan-2012,17:30,02-Jan-2012,17:45,Tamil Nadu,Chennai,Velachery Res. Area, Chennai - CPCB,,,,,,,,,,,,,,,,,,,,,,,,,,,,,,,,,,,28.53,,,,
02-Jan-2012,17:45,02-Jan-2012,18:00,Tamil Nadu,Chennai,Velachery Res. Area, Chennai - CPCB,,,,,,,,,,,,,,,,,,,,,,,,,,,,,,,,,,,28.22,,,,
02-Jan-2012,18:00,02-Jan-2012,18:15,Tamil Nadu,Chennai,Velachery Res. Area, Chennai - CPCB,,,,,,,,,,,,,,,,,,,,,,,,,,,,,,,,,,,27.99,,,,
02-Jan-2012,18:15,02-Jan-2012,18:30,Tamil Nadu,Chennai,Velachery Res. Area, Chennai - CPCB,,,,,,,,,,,,,,,,,,,,,,,,,,,,,,,,,,,27.93,,,,
02-Jan-2012,18:30,02-Jan-2012,18:45,Tamil Nadu,Chennai,Velachery Res. Area, Chennai - CPCB,,,,,,,,,,,,,,,,,,,,,,,,,,,,,,,,,,,27.91,,,,
02-Jan-2012,18:45,02-Jan-2012,19:00,Tamil Nadu,Chennai,Velachery Res. Area, Chennai - CPCB,,,,,,,,,,,,,,,,,,,,,,,,,,,,,,,,,,,27.79,,,,
02-Jan-2012,19:00,02-Jan-2012,19:15,Tamil Nadu,Chennai,Velachery Res. Area, Chennai - CPCB,,,,,,,,,,,,,,,,,,,,,,,,,,,,,,,,,,,27.76,,,,
02-Jan-2012,19:15,02-Jan-2012,19:30,Tamil Nadu,Chennai,Velachery Res. Area, Chennai - CPCB,,,,,,,,,,,,,,,,,,,,,,,,,,,,,,,,,,,27.65,,,,
02-Jan-2012,19:30,02-Jan-2012,19:45,Tamil Nadu,Chennai,Velachery Res. Area, Chennai - CPCB,,,,,,,,,,,,,,,,,,,,,,,,,,,,,,,,,,,27.67,,,,
02-Jan-2012,19:45,02-Jan-2012,20:00,Tamil Nadu,Chennai,Velachery Res. Area, Chennai - CPCB,,,,,,,,,,,,,,,,,,,,,,,,,,,,,,,,,,,27.57,,,,
02-Jan-2012,20:00,02-Jan-2012,20:15,Tamil Nadu,Chennai,Velachery Res. Area, Chennai - CPCB,,,,,,,,,,,,,,,,,,,,,,,,,,,,,,,,,,,27.52,,,,
02-Jan-2012,20:15,02-Jan-2012,20:30,Tamil Nadu,Chennai,Velachery Res. Area, Chennai - CPCB,,,,,,,,,,,,,,,,,,,,,,,,,,,,,,,,,,,27.5,,,,
02-Jan-2012,20:30,02-Jan-2012,20:45,Tamil Nadu,Chennai,Velachery Res. Area, Chennai - CPCB,,,,,,,,,,,,,,,,,,,,,,,,,,,,,,,,,,,27.43,,,,
02-Jan-2012,20:45,02-Jan-2012,21:00,Tamil Nadu,Chennai,Velachery Res. Area, Chennai - CPCB,,,,,,,,,,,,,,,,,,,,,,,,,,,,,,,,,,,27.36,,,,
02-Jan-2012,21:00,02-Jan-2012,21:15,Tamil Nadu,Chennai,Velachery Res. Area, Chennai - CPCB,,,,,,,,,,,,,,,,,,,,,,,,,,,,,,,,,,,27.36,,,,
02-Jan-2012,21:15,02-Jan-2012,21:30,Tamil Nadu,Chennai,Velachery Res. Area, Chennai - CPCB,,,,,,,,,,,,,,,,,,,,,,,,,,,,,,,,,,,27.25,,,,
02-Jan-2012,21:30,02-Jan-2012,21:45,Tamil Nadu,Chennai,Velachery Res. Area, Chennai - CPCB,,,,,,,,,,,,,,,,,,,,,,,,,,,,,,,,,,,27.25,,,,
02-Jan-2012,21:45,02-Jan-2012,22:00,Tamil Nadu,Chennai,Velachery Res. Area, Chennai - CPCB,,,,,,,,,,,,,,,,,,,,,,,,,,,,,,,,,,,27.23,,,,
02-Jan-2012,22:00,02-Jan-2012,22:15,Tamil Nadu,Chennai,Velachery Res. Area, Chennai - CPCB,,,,,,,,,,,,,,,,,,,,,,,,,,,,,,,,,,,27.23,,,,
02-Jan-2012,22:15,02-Jan-2012,22:30,Tamil Nadu,Chennai,Velachery Res. Area, Chennai - CPCB,,,,,,,,,,,,,,,,,,,,,,,,,,,,,,,,,,,27.05,,,,
02-Jan-2012,22:30,02-Jan-2012,22:45,Tamil Nadu,Chennai,Velachery Res. Area, Chennai - CPCB,,,,,,,,,,,,,,,,,,,,,,,,,,,,,,,,,,,27.03,,,,
02-Jan-2012,22:45,02-Jan-2012,23:00,Tamil Nadu,Chennai,Velachery Res. Area, Chennai - CPCB,,,,,,,,,,,,,,,,,,,,,,,,,,,,,,,,,,,27.15,,,,
02-Jan-2012,23:00,02-Jan-2012,23:15,Tamil Nadu,Chennai,Velachery Res. Area, Chennai - CPCB,,,,,,,,,,,,,,,,,,,,,,,,,,,,,,,,,,,27.04,,,,
02-Jan-2012,23:15,02-Jan-2012,23:30,Tamil Nadu,Chennai,Velachery Res. Area, Chennai - CPCB,,,,,,,,,,,,,,,,,,,,,,,,,,,,,,,,,,,27.08,,,,
02-Jan-2012,23:30,02-Jan-2012,23:45,Tamil Nadu,Chennai,Velachery Res. Area, Chennai - CPCB,,,,,,,,,,,,,,,,,,,,,,,,,,,,,,,,,,,27.12,,,,
02-Jan-2012,23:45,03-Jan-2012,00:00,Tamil Nadu,Chennai,Velachery Res. Area, Chennai - CPCB,,,,,,,,,,,,,,,,,,,,,,,,,,,,,,,,,,,27.22,,,,
03-Jan-2012,00:00,03-Jan-2012,00:15,Tamil Nadu,Chennai,Velachery Res. Area, Chennai - CPCB,,,,,,,,,,,,,,,,,,,,,,,,,,,,,,,,,,,27.29,,,,
03-Jan-2012,00:15,03-Jan-2012,00:30,Tamil Nadu,Chennai,Velachery Res. Area, Chennai - CPCB,,,,,,,,,,,,,,,,,,,,,,,,,,,,,,,,,,,27.32,,,,
03-Jan-2012,00:30,03-Jan-2012,00:45,Tamil Nadu,Chennai,Velachery Res. Area, Chennai - CPCB,,,,,,,,,,,,,,,,,,,,,,,,,,,,,,,,,,,27.35,,,,
03-Jan-2012,00:45,03-Jan-2012,01:00,Tamil Nadu,Chennai,Velachery Res. Area, Chennai - CPCB,,,,,,,,,,,,,,,,,,,,,,,,,,,,,,,,,,,27.28,,,,
03-Jan-2012,01:00,03-Jan-2012,01:15,Tamil Nadu,Chennai,Velachery Res. Area, Chennai - CPCB,,,,,,,,,,,,,,,,,,,,,,,,,,,,,,,,,,,27.2,,,,
03-Jan-2012,01:15,03-Jan-2012,01:30,Tamil Nadu,Chennai,Velachery Res. Area, Chennai - CPCB,,,,,,,,,,,,,,,,,,,,,,,,,,,,,,,,,,,27.19,,,,
03-Jan-2012,01:30,03-Jan-2012,01:45,Tamil Nadu,Chennai,Velachery Res. Area, Chennai - CPCB,,,,,,,,,,,,,,,,,,,,,,,,,,,,,,,,,,,27.07,,,,
03-Jan-2012,01:45,03-Jan-2012,02:00,Tamil Nadu,Chennai,Velachery Res. Area, Chennai - CPCB,,,,,,,,,,,,,,,,,,,,,,,,,,,,,,,,,,,27.02,,,,
03-Jan-2012,02:00,03-Jan-2012,02:15,Tamil Nadu,Chennai,Velachery Res. Area, Chennai - CPCB,,,,,,,,,,,,,,,,,,,,,,,,,,,,,,,,,,,26.94,,,,
03-Jan-2012,02:15,03-Jan-2012,02:30,Tamil Nadu,Chennai,Velachery Res. Area, Chennai - CPCB,,,,,,,,,,,,,,,,,,,,,,,,,,,,,,,,,,,26.93,,,,
03-Jan-2012,02:30,03-Jan-2012,02:45,Tamil Nadu,Chennai,Velachery Res. Area, Chennai - CPCB,,,,,,,,,,,,,,,,,,,,,,,,,,,,,,,,,,,27.01,,,,
03-Jan-2012,02:45,03-Jan-2012,03:00,Tamil Nadu,Chennai,Velachery Res. Area, Chennai - CPCB,,,,,,,,,,,,,,,,,,,,,,,,,,,,,,,,,,,27.08,,,,
03-Jan-2012,03:00,03-Jan-2012,03:15,Tamil Nadu,Chennai,Velachery Res. Area, Chennai - CPCB,,,,,,,,,,,,,,,,,,,,,,,,,,,,,,,,,,,26.93,,,,
03-Jan-2012,03:15,03-Jan-2012,03:30,Tamil Nadu,Chennai,Velachery Res. Area, Chennai - CPCB,,,,,,,,,,,,,,,,,,,,,,,,,,,,,,,,,,,26.71,,,,
03-Jan-2012,03:30,03-Jan-2012,03:45,Tamil Nadu,Chennai,Velachery Res. Area, Chennai - CPCB,,,,,,,,,,,,,,,,,,,,,,,,,,,,,,,,,,,26.68,,,,
03-Jan-2012,03:45,03-Jan-2012,04:00,Tamil Nadu,Chennai,Velachery Res. Area, Chennai - CPCB,,,,,,,,,,,,,,,,,,,,,,,,,,,,,,,,,,,26.62,,,,
03-Jan-2012,04:00,03-Jan-2012,04:15,Tamil Nadu,Chennai,Velachery Res. Area, Chennai - CPCB,,,,,,,,,,,,,,,,,,,,,,,,,,,,,,,,,,,26.45,,,,
03-Jan-2012,04:15,03-Jan-2012,04:30,Tamil Nadu,Chennai,Velachery Res. Area, Chennai - CPCB,,,,,,,,,,,,,,,,,,,,,,,,,,,,,,,,,,,26.49,,,,
03-Jan-2012,04:30,03-Jan-2012,04:45,Tamil Nadu,Chennai,Velachery Res. Area, Chennai - CPCB,,,,,,,,,,,,,,,,,,,,,,,,,,,,,,,,,,,26.46,,,,
03-Jan-2012,04:45,03-Jan-2012,05:00,Tamil Nadu,Chennai,Velachery Res. Area, Chennai - CPCB,,,,,,,,,,,,,,,,,,,,,,,,,,,,,,,,,,,26.39,,,,
03-Jan-2012,05:00,03-Jan-2012,05:15,Tamil Nadu,Chennai,Velachery Res. Area, Chennai - CPCB,,,,,,,,,,,,,,,,,,,,,,,,,,,,,,,,,,,26.38,,,,
03-Jan-2012,05:15,03-Jan-2012,05:30,Tamil Nadu,Chennai,Velachery Res. Area, Chennai - CPCB,,,,,,,,,,,,,,,,,,,,,,,,,,,,,,,,,,,26.46,,,,
03-Jan-2012,05:30,03-Jan-2012,05:45,Tamil Nadu,Chennai,Velachery Res. Area, Chennai - CPCB,,,,,,,,,,,,,,,,,,,,,,,,,,,,,,,,,,,26.48,,,,
03-Jan-2012,05:45,03-Jan-2012,06:00,Tamil Nadu,Chennai,Velachery Res. Area, Chennai - CPCB,,,,,,,,,,,,,,,,,,,,,,,,,,,,,,,,,,,26.47,,,,
03-Jan-2012,06:00,03-Jan-2012,06:15,Tamil Nadu,Chennai,Velachery Res. Area, Chennai - CPCB,,,,,,,,,,,,,,,,,,,,,,,,,,,,,,,,,,,26.44,,,,
03-Jan-2012,06:15,03-Jan-2012,06:30,Tamil Nadu,Chennai,Velachery Res. Area, Chennai - CPCB,,,,,,,,,,,,,,,,,,,,,,,,,,,,,,,,,,,26.34,,,,
03-Jan-2012,06:30,03-Jan-2012,06:45,Tamil Nadu,Chennai,Velachery Res. Area, Chennai - CPCB,,,,,,,,,,,,,,,,,,,,,,,,,,,,,,,,,,,26.28,,,,
03-Jan-2012,06:45,03-Jan-2012,07:00,Tamil Nadu,Chennai,Velachery Res. Area, Chennai - CPCB,,,,,,,,,,,,,,,,,,,,,,,,,,,,,,,,,,,26.33,,,,
03-Jan-2012,07:00,03-Jan-2012,07:15,Tamil Nadu,Chennai,Velachery Res. Area, Chennai - CPCB,,,,,,,,,,,,,,,,,,,,,,,,,,,,,,,,,,,26.55,,,,
03-Jan-2012,07:15,03-Jan-2012,07:30,Tamil Nadu,Chennai,Velachery Res. Area, Chennai - CPCB,,,,,,,,,,,,,,,,,,,,,,,,,,,,,,,,,,,27.02,,,,
03-Jan-2012,07:30,03-Jan-2012,07:45,Tamil Nadu,Chennai,Velachery Res. Area, Chennai - CPCB,,,,,,,,,,,,,,,,,,,,,,,,,,,,,,,,,,,26.94,,,,
03-Jan-2012,07:45,03-Jan-2012,08:00,Tamil Nadu,Chennai,Velachery Res. Area, Chennai - CPCB,,,,,,,,,,,,,,,,,,,,,,,,,,,,,,,,,,,26.93,,,,
03-Jan-2012,08:00,03-Jan-2012,08:15,Tamil Nadu,Chennai,Velachery Res. Area, Chennai - CPCB,,,,,,,,,,,,,,,,,,,,,,,,,,,,,,,,,,,27.01,,,,
03-Jan-2012,08:15,03-Jan-2012,08:30,Tamil Nadu,Chennai,Velachery Res. Area, Chennai - CPCB,,,,,,,,,,,,,,,,,,,,,,,,,,,,,,,,,,,27.08,,,,
03-Jan-2012,08:30,03-Jan-2012,08:45,Tamil Nadu,Chennai,Velachery Res. Area, Chennai - CPCB,,,,,,,,,,,,,,,,,,,,,,,,,,,,,,,,,,,26.93,,,,
03-Jan-2012,08:45,03-Jan-2012,09:00,Tamil Nadu,Chennai,Velachery Res. Area, Chennai - CPCB,,,,,,,,,,,,,,,,,,,,,,,,,,,,,,,,,,,26.71,,,,
03-Jan-2012,09:00,03-Jan-2012,09:15,Tamil Nadu,Chennai,Velachery Res. Area, Chennai - CPCB,,,,,,,,,,,,,,,,,,,,,,,,,,,,,,,,,,,26.68,,,,
03-Jan-2012,09:15,03-Jan-2012,09:30,Tamil Nadu,Chennai,Velachery Res. Area, Chennai - CPCB,,,,,,,,,,,,,,,,,,,,,,,,,,,,,,,,,,,29.96,,,,
03-Jan-2012,09:30,03-Jan-2012,09:45,Tamil Nadu,Chennai,Velachery Res. Area, Chennai - CPCB,,,,,,,,,,,,,,,,,,,,,,,,,,,,,,,,,,,30.07,,,,
03-Jan-2012,09:45,03-Jan-2012,10:00,Tamil Nadu,Chennai,Velachery Res. Area, Chennai - CPCB,,,,,,,,,,,,,,,,,,,,,,,,,,,,,,,,,,,30.25,,,,
03-Jan-2012,10:00,03-Jan-2012,10:15,Tamil Nadu,Chennai,Velachery Res. Area, Chennai - CPCB,,,,,,,,,,,,,,,,,,,,,,,,,,,,,,,,,,,30.54,,,,
03-Jan-2012,10:15,03-Jan-2012,10:30,Tamil Nadu,Chennai,Velachery Res. Area, Chennai - CPCB,,,,,,,,,,,,,,,,,,,,,,,,,,,,,,,,,,,30.91,,,,
03-Jan-2012,10:30,03-Jan-2012,10:45,Tamil Nadu,Chennai,Velachery Res. Area, Chennai - CPCB,,,,,,,,,,,,,,,,,,,,,,,,,,,,,,,,,,,30.54,,,,
03-Jan-2012,10:45,03-Jan-2012,11:00,Tamil Nadu,Chennai,Velachery Res. Area, Chennai - CPCB,,,,,,,,,,,,,,,,,,,,,,,,,,,,,,,,,,,30.43,,,,
03-Jan-2012,11:00,03-Jan-2012,11:15,Tamil Nadu,Chennai,Velachery Res. Area, Chennai - CPCB,,,,,,,,,,,,,,,,,,,,,,,,,,,,,,,,,,,30.25,,,,
03-Jan-2012,11:15,03-Jan-2012,11:30,Tamil Nadu,Chennai,Velachery Res. Area, Chennai - CPCB,,,,,,,,,,,,,,,,,,,,,,,,,,,,,,,,,,,30.16,,,,
03-Jan-2012,11:30,03-Jan-2012,11:45,Tamil Nadu,Chennai,Velachery Res. Area, Chennai - CPCB,,,,,,,,,,,,,,,,,,,,,,,,,,,,,,,,,,,30.73,,,,
03-Jan-2012,11:45,03-Jan-2012,12:00,Tamil Nadu,Chennai,Velachery Res. Area, Chennai - CPCB,,,,,,,,,,,,,,,,,,,,,,,,,,,,,,,,,,,31.05,,,,
03-Jan-2012,12:00,03-Jan-2012,12:15,Tamil Nadu,Chennai,Velachery Res. Area, Chennai - CPCB,,,,,,,,,,,,,,,,,,,,,,,,,,,,,,,,,,,31.2,,,,
03-Jan-2012,12:15,03-Jan-2012,12:30,Tamil Nadu,Chennai,Velachery Res. Area, Chennai - CPCB,,,,,,,,,,,,,,,,,,,,,,,,,,,,,,,,,,,31.27,,,,
03-Jan-2012,12:30,03-Jan-2012,12:45,Tamil Nadu,Chennai,Velachery Res. Area, Chennai - CPCB,,,,,,,,,,,,,,,,,,,,,,,,,,,,,,,,,,,30.88,,,,
03-Jan-2012,12:45,03-Jan-2012,13:00,Tamil Nadu,Chennai,Velachery Res. Area, Chennai - CPCB,,,,,,,,,,,,,,,,,,,,,,,,,,,,,,,,,,,31.13,,,,
03-Jan-2012,13:00,03-Jan-2012,13:15,Tamil Nadu,Chennai,Velachery Res. Area, Chennai - CPCB,,,,,,,,,,,,,,,,,,,,,,,,,,,,,,,,,,,31.13,,,,
03-Jan-2012,13:15,03-Jan-2012,13:30,Tamil Nadu,Chennai,Velachery Res. Area, Chennai - CPCB,,,,,,,,,,,,,,,,,,,,,,,,,,,,,,,,,,,30.78,,,,
03-Jan-2012,13:30,03-Jan-2012,13:45,Tamil Nadu,Chennai,Velachery Res. Area, Chennai - CPCB,,,,,,,,,,,,,,,,,,,,,,,,,,,,,,,,,,,30.99,,,,
03-Jan-2012,13:45,03-Jan-2012,14:00,Tamil Nadu,Chennai,Velachery Res. Area, Chennai - CPCB,,,,,,,,,,,,,,,,,,,,,,,,,,,,,,,,,,,31.13,,,,
03-Jan-2012,14:00,03-Jan-2012,14:15,Tamil Nadu,Chennai,Velachery Res. Area, Chennai - CPCB,,,,,,,,,,,,,,,,,,,,,,,,,,,,,,,,,,,30.96,,,,
03-Jan-2012,14:15,03-Jan-2012,14:30,Tamil Nadu,Chennai,Velachery Res. Area, Chennai - CPCB,,,,,,,,,,,,,,,,,,,,,,,,,,,,,,,,,,,30.99,,,,
03-Jan-2012,14:30,03-Jan-2012,14:45,Tamil Nadu,Chennai,Velachery Res. Area, Chennai - CPCB,,,,,,,,,,,,,,,,,,,,,,,,,,,,,,,,,,,30.95,,,,
03-Jan-2012,14:45,03-Jan-2012,15:00,Tamil Nadu,Chennai,Velachery Res. Area, Chennai - CPCB,,,,,,,,,,,,,,,,,,,,,,,,,,,,,,,,,,,30.81,,,,
03-Jan-2012,15:00,03-Jan-2012,15:15,Tamil Nadu,Chennai,Velachery Res. Area, Chennai - CPCB,,,,,,,,,,,,,,,,,,,,,,,,,,,,,,,,,,,30.76,,,,
03-Jan-2012,15:15,03-Jan-2012,15:30,Tamil Nadu,Chennai,Velachery Res. Area, Chennai - CPCB,,,,,,,,,,,,,,,,,,,,,,,,,,,,,,,,,,,30.73,,,,
03-Jan-2012,15:30,03-Jan-2012,15:45,Tamil Nadu,Chennai,Velachery Res. Area, Chennai - CPCB,,,,,,,,,,,,,,,,,,,,,,,,,,,,,,,,,,,30.34,,,,
03-Jan-2012,15:45,03-Jan-2012,16:00,Tamil Nadu,Chennai,Velachery Res. Area, Chennai - CPCB,,,,,,,,,,,,,,,,,,,,,,,,,,,,,,,,,,,30.24,,,,
03-Jan-2012,16:00,03-Jan-2012,16:15,Tamil Nadu,Chennai,Velachery Res. Area, Chennai - CPCB,,,,,,,,,,,,,,,,,,,,,,,,,,,,,,,,,,,30.28,,,,
03-Jan-2012,16:15,03-Jan-2012,16:30,Tamil Nadu,Chennai,Velachery Res. Area, Chennai - CPCB,,,,,,,,,,,,,,,,,,,,,,,,,,,,,,,,,,,30.25,,,,
03-Jan-2012,16:30,03-Jan-2012,16:45,Tamil Nadu,Chennai,Velachery Res. Area, Chennai - CPCB,,,,,,,,,,,,,,,,,,,,,,,,,,,,,,,,,,,29.97,,,,
03-Jan-2012,16:45,03-Jan-2012,17:00,Tamil Nadu,Chennai,Velachery Res. Area, Chennai - CPCB,,,,,,,,,,,,,,,,,,,,,,,,,,,,,,,,,,,29.86,,,,
03-Jan-2012,17:00,03-Jan-2012,17:15,Tamil Nadu,Chennai,Velachery Res. Area, Chennai - CPCB,,,,,,,,,,,,,,,,,,,,,,,,,,,,,,,,,,,29.65,,,,
03-Jan-2012,17:15,03-Jan-2012,17:30,Tamil Nadu,Chennai,Velachery Res. Area, Chennai - CPCB,,,,,,,,,,,,,,,,,,,,,,,,,,,,,,,,,,,29.29,,,,
03-Jan-2012,17:30,03-Jan-2012,17:45,Tamil Nadu,Chennai,Velachery Res. Area, Chennai - CPCB,,,,,,,,,,,,,,,,,,,,,,,,,,,,,,,,,,,28.91,,,,
03-Jan-2012,17:45,03-Jan-2012,18:00,Tamil Nadu,Chennai,Velachery Res. Area, Chennai - CPCB,,,,,,,,,,,,,,,,,,,,,,,,,,,,,,,,,,,28.53,,,,
03-Jan-2012,18:00,03-Jan-2012,18:15,Tamil Nadu,Chennai,Velachery Res. Area, Chennai - CPCB,,,,,,,,,,,,,,,,,,,,,,,,,,,,,,,,,,,28.34,,,,
03-Jan-2012,18:15,03-Jan-2012,18:30,Tamil Nadu,Chennai,Velachery Res. Area, Chennai - CPCB,,,,,,,,,,,,,,,,,,,,,,,,,,,,,,,,,,,28.31,,,,
03-Jan-2012,18:30,03-Jan-2012,18:45,Tamil Nadu,Chennai,Velachery Res. Area, Chennai - CPCB,,,,,,,,,,,,,,,,,,,,,,,,,,,,,,,,,,,28.17,,,,
03-Jan-2012,18:45,03-Jan-2012,19:00,Tamil Nadu,Chennai,Velachery Res. Area, Chennai - CPCB,,,,,,,,,,,,,,,,,,,,,,,,,,,,,,,,,,,28.02,,,,
03-Jan-2012,19:00,03-Jan-2012,19:15,Tamil Nadu,Chennai,Velachery Res. Area, Chennai - CPCB,,,,,,,,,,,,,,,,,,,,,,,,,,,,,,,,,,,28.0,,,,
03-Jan-2012,19:15,03-Jan-2012,19:30,Tamil Nadu,Chennai,Velachery Res. Area, Chennai - CPCB,,,,,,,,,,,,,,,,,,,,,,,,,,,,,,,,,,,27.93,,,,
03-Jan-2012,19:30,03-Jan-2012,19:45,Tamil Nadu,Chennai,Velachery Res. Area, Chennai - CPCB,,,,,,,,,,,,,,,,,,,,,,,,,,,,,,,,,,,27.93,,,,
03-Jan-2012,19:45,03-Jan-2012,20:00,Tamil Nadu,Chennai,Velachery Res. Area, Chennai - CPCB,,,,,,,,,,,,,,,,,,,,,,,,,,,,,,,,,,,27.8,,,,
03-Jan-2012,20:00,03-Jan-2012,20:15,Tamil Nadu,Chennai,Velachery Res. Area, Chennai - CPCB,,,,,,,,,,,,,,,,,,,,,,,,,,,,,,,,,,,27.7,,,,
03-Jan-2012,20:15,03-Jan-2012,20:30,Tamil Nadu,Chennai,Velachery Res. Area, Chennai - CPCB,,,,,,,,,,,,,,,,,,,,,,,,,,,,,,,,,,,27.73,,,,
03-Jan-2012,20:30,03-Jan-2012,20:45,Tamil Nadu,Chennai,Velachery Res. Area, Chennai - CPCB,,,,,,,,,,,,,,,,,,,,,,,,,,,,,,,,,,,27.71,,,,
03-Jan-2012,20:45,03-Jan-2012,21:00,Tamil Nadu,Chennai,Velachery Res. Area, Chennai - CPCB,,,,,,,,,,,,,,,,,,,,,,,,,,,,,,,,,,,27.68,,,,
03-Jan-2012,21:00,03-Jan-2012,21:15,Tamil Nadu,Chennai,Velachery Res. Area, Chennai - CPCB,,,,,,,,,,,,,,,,,,,,,,,,,,,,,,,,,,,27.62,,,,
03-Jan-2012,21:15,03-Jan-2012,21:30,Tamil Nadu,Chennai,Velachery Res. Area, Chennai - CPCB,,,,,,,,,,,,,,,,,,,,,,,,,,,,,,,,,,,27.54,,,,
03-Jan-2012,21:30,03-Jan-2012,21:45,Tamil Nadu,Chennai,Velachery Res. Area, Chennai - CPCB,,,,,,,,,,,,,,,,,,,,,,,,,,,,,,,,,,,27.5,,,,
03-Jan-2012,21:45,03-Jan-2012,22:00,Tamil Nadu,Chennai,Velachery Res. Area, Chennai - CPCB,,,,,,,,,,,,,,,,,,,,,,,,,,,,,,,,,,,27.43,,,,
03-Jan-2012,22:00,03-Jan-2012,22:15,Tamil Nadu,Chennai,Velachery Res. Area, Chennai - CPCB,,,,,,,,,,,,,,,,,,,,,,,,,,,,,,,,,,,27.39,,,,
03-Jan-2012,22:15,03-Jan-2012,22:30,Tamil Nadu,Chennai,Velachery Res. Area, Chennai - CPCB,,,,,,,,,,,,,,,,,,,,,,,,,,,,,,,,,,,27.34,,,,
03-Jan-2012,22:30,03-Jan-2012,22:45,Tamil Nadu,Chennai,Velachery Res. Area, Chennai - CPCB,,,,,,,,,,,,,,,,,,,,,,,,,,,,,,,,,,,27.29,,,,
03-Jan-2012,22:45,03-Jan-2012,23:00,Tamil Nadu,Chennai,Velachery Res. Area, Chennai - CPCB,,,,,,,,,,,,,,,,,,,,,,,,,,,,,,,,,,,27.11,,,,
03-Jan-2012,23:00,03-Jan-2012,23:15,Tamil Nadu,Chennai,Velachery Res. Area, Chennai - CPCB,,,,,,,,,,,,,,,,,,,,,,,,,,,,,,,,,,,27.01,,,,
03-Jan-2012,23:15,03-Jan-2012,23:30,Tamil Nadu,Chennai,Velachery Res. Area, Chennai - CPCB,,,,,,,,,,,,,,,,,,,,,,,,,,,,,,,,,,,26.99,,,,
03-Jan-2012,23:30,03-Jan-2012,23:45,Tamil Nadu,Chennai,Velachery Res. Area, Chennai - CPCB,,,,,,,,,,,,,,,,,,,,,,,,,,,,,,,,,,,26.88,,,,
03-Jan-2012,23:45,04-Jan-2012,00:00,Tamil Nadu,Chennai,Velachery Res. Area, Chennai - CPCB,,,,,,,,,,,,,,,,,,,,,,,,,,,,,,,,,,,26.88,,,,
04-Jan-2012,00:00,04-Jan-2012,00:15,Tamil Nadu,Chennai,Velachery Res. Area, Chennai - CPCB,,,,,,,,,,,,,,,,,,,,,,,,,,,,,,,,,,,26.88,,,,
04-Jan-2012,00:15,04-Jan-2012,00:30,Tamil Nadu,Chennai,Velachery Res. Area, Chennai - CPCB,,,,,,,,,,,,,,,,,,,,,,,,,,,,,,,,,,,26.88,,,,
04-Jan-2012,00:30,04-Jan-2012,00:45,Tamil Nadu,Chennai,Velachery Res. Area, Chennai - CPCB,,,,,,,,,,,,,,,,,,,,,,,,,,,,,,,,,,,26.86,,,,
04-Jan-2012,00:45,04-Jan-2012,01:00,Tamil Nadu,Chennai,Velachery Res. Area, Chennai - CPCB,,,,,,,,,,,,,,,,,,,,,,,,,,,,,,,,,,,26.86,,,,
04-Jan-2012,01:00,04-Jan-2012,01:15,Tamil Nadu,Chennai,Velachery Res. Area, Chennai - CPCB,,,,,,,,,,,,,,,,,,,,,,,,,,,,,,,,,,,26.87,,,,
04-Jan-2012,01:15,04-Jan-2012,01:30,Tamil Nadu,Chennai,Velachery Res. Area, Chennai - CPCB,,,,,,,,,,,,,,,,,,,,,,,,,,,,,,,,,,,26.86,,,,
04-Jan-2012,01:30,04-Jan-2012,01:45,Tamil Nadu,Chennai,Velachery Res. Area, Chennai - CPCB,,,,,,,,,,,,,,,,,,,,,,,,,,,,,,,,,,,26.75,,,,
04-Jan-2012,01:45,04-Jan-2012,02:00,Tamil Nadu,Chennai,Velachery Res. Area, Chennai - CPCB,,,,,,,,,,,,,,,,,,,,,,,,,,,,,,,,,,,26.56,,,,
04-Jan-2012,02:00,04-Jan-2012,02:15,Tamil Nadu,Chennai,Velachery Res. Area, Chennai - CPCB,,,,,,,,,,,,,,,,,,,,,,,,,,,,,,,,,,,26.53,,,,
04-Jan-2012,02:15,04-Jan-2012,02:30,Tamil Nadu,Chennai,Velachery Res. Area, Chennai - CPCB,,,,,,,,,,,,,,,,,,,,,,,,,,,,,,,,,,,26.49,,,,
04-Jan-2012,02:30,04-Jan-2012,02:45,Tamil Nadu,Chennai,Velachery Res. Area, Chennai - CPCB,,,,,,,,,,,,,,,,,,,,,,,,,,,,,,,,,,,26.42,,,,
04-Jan-2012,02:45,04-Jan-2012,03:00,Tamil Nadu,Chennai,Velachery Res. Area, Chennai - CPCB,,,,,,,,,,,,,,,,,,,,,,,,,,,,,,,,,,,26.44,,,,
04-Jan-2012,03:00,04-Jan-2012,03:15,Tamil Nadu,Chennai,Velachery Res. Area, Chennai - CPCB,,,,,,,,,,,,,,,,,,,,,,,,,,,,,,,,,,,26.45,,,,
04-Jan-2012,03:15,04-Jan-2012,03:30,Tamil Nadu,Chennai,Velachery Res. Area, Chennai - CPCB,,,,,,,,,,,,,,,,,,,,,,,,,,,,,,,,,,,26.47,,,,
04-Jan-2012,03:30,04-Jan-2012,03:45,Tamil Nadu,Chennai,Velachery Res. Area, Chennai - CPCB,,,,,,,,,,,,,,,,,,,,,,,,,,,,,,,,,,,26.43,,,,
04-Jan-2012,03:45,04-Jan-2012,04:00,Tamil Nadu,Chennai,Velachery Res. Area, Chennai - CPCB,,,,,,,,,,,,,,,,,,,,,,,,,,,,,,,,,,,26.64,,,,
04-Jan-2012,04:00,04-Jan-2012,04:15,Tamil Nadu,Chennai,Velachery Res. Area, Chennai - CPCB,,,,,,,,,,,,,,,,,,,,,,,,,,,,,,,,,,,26.57,,,,
04-Jan-2012,04:15,04-Jan-2012,04:30,Tamil Nadu,Chennai,Velachery Res. Area, Chennai - CPCB,,,,,,,,,,,,,,,,,,,,,,,,,,,,,,,,,,,26.33,,,,
04-Jan-2012,04:30,04-Jan-2012,04:45,Tamil Nadu,Chennai,Velachery Res. Area, Chennai - CPCB,,,,,,,,,,,,,,,,,,,,,,,,,,,,,,,,,,,26.21,,,,
04-Jan-2012,04:45,04-Jan-2012,05:00,Tamil Nadu,Chennai,Velachery Res. Area, Chennai - CPCB,,,,,,,,,,,,,,,,,,,,,,,,,,,,,,,,,,,26.31,,,,
04-Jan-2012,05:00,04-Jan-2012,05:15,Tamil Nadu,Chennai,Velachery Res. Area, Chennai - CPCB,,,,,,,,,,,,,,,,,,,,,,,,,,,,,,,,,,,26.37,,,,
04-Jan-2012,05:15,04-Jan-2012,05:30,Tamil Nadu,Chennai,Velachery Res. Area, Chennai - CPCB,,,,,,,,,,,,,,,,,,,,,,,,,,,,,,,,,,,26.3,,,,
04-Jan-2012,05:30,04-Jan-2012,05:45,Tamil Nadu,Chennai,Velachery Res. Area, Chennai - CPCB,,,,,,,,,,,,,,,,,,,,,,,,,,,,,,,,,,,26.16,,,,
04-Jan-2012,05:45,04-Jan-2012,06:00,Tamil Nadu,Chennai,Velachery Res. Area, Chennai - CPCB,,,,,,,,,,,,,,,,,,,,,,,,,,,,,,,,,,,26.1,,,,
04-Jan-2012,06:00,04-Jan-2012,06:15,Tamil Nadu,Chennai,Velachery Res. Area, Chennai - CPCB,,,,,,,,,,,,,,,,,,,,,,,,,,,,,,,,,,,26.1,,,,
04-Jan-2012,06:15,04-Jan-2012,06:30,Tamil Nadu,Chennai,Velachery Res. Area, Chennai - CPCB,,,,,,,,,,,,,,,,,,,,,,,,,,,,,,,,,,,26.29,,,,
04-Jan-2012,06:30,04-Jan-2012,06:45,Tamil Nadu,Chennai,Velachery Res. Area, Chennai - CPCB,,,,,,,,,,,,,,,,,,,,,,,,,,,,,,,,,,,26.47,,,,
04-Jan-2012,06:45,04-Jan-2012,07:00,Tamil Nadu,Chennai,Velachery Res. Area, Chennai - CPCB,,,,,,,,,,,,,,,,,,,,,,,,,,,,,,,,,,,26.61,,,,
04-Jan-2012,07:00,04-Jan-2012,07:15,Tamil Nadu,Chennai,Velachery Res. Area, Chennai - CPCB,,,,,,,,,,,,,,,,,,,,,,,,,,,,,,,,,,,26.85,,,,
04-Jan-2012,07:15,04-Jan-2012,07:30,Tamil Nadu,Chennai,Velachery Res. Area, Chennai - CPCB,,,,,,,,,,,,,,,,,,,,,,,,,,,,,,,,,,,27.19,,,,
04-Jan-2012,07:30,04-Jan-2012,07:45,Tamil Nadu,Chennai,Velachery Res. Area, Chennai - CPCB,,,,,,,,,,,,,,,,,,,,,,,,,,,,,,,,,,,27.5,,,,
04-Jan-2012,07:45,04-Jan-2012,08:00,Tamil Nadu,Chennai,Velachery Res. Area, Chennai - CPCB,,,,,,,,,,,,,,,,,,,,,,,,,,,,,,,,,,,27.71,,,,
04-Jan-2012,08:00,04-Jan-2012,08:15,Tamil Nadu,Chennai,Velachery Res. Area, Chennai - CPCB,,,,,,,,,,,,,,,,,,,,,,,,,,,,,,,,,,,28.3,,,,
04-Jan-2012,08:15,04-Jan-2012,08:30,Tamil Nadu,Chennai,Velachery Res. Area, Chennai - CPCB,,,,,,,,,,,,,,,,,,,,,,,,,,,,,,,,,,,28.58,,,,
04-Jan-2012,08:30,04-Jan-2012,08:45,Tamil Nadu,Chennai,Velachery Res. Area, Chennai - CPCB,,,,,,,,,,,,,,,,,,,,,,,,,,,,,,,,,,,29.05,,,,
04-Jan-2012,08:45,04-Jan-2012,09:00,Tamil Nadu,Chennai,Velachery Res. Area, Chennai - CPCB,,,,,,,,,,,,,,,,,,,,,,,,,,,,,,,,,,,29.53,,,,
04-Jan-2012,09:00,04-Jan-2012,09:15,Tamil Nadu,Chennai,Velachery Res. Area, Chennai - CPCB,,,,,,,,,,,,,,,,,,,,,,,,,,,,,,,,,,,29.55,,,,
04-Jan-2012,09:15,04-Jan-2012,09:30,Tamil Nadu,Chennai,Velachery Res. Area, Chennai - CPCB,,,,,,,,,,,,,,,,,,,,,,,,,,,,,,,,,,,29.39,,,,
04-Jan-2012,09:30,04-Jan-2012,09:45,Tamil Nadu,Chennai,Velachery Res. Area, Chennai - CPCB,,,,,,,,,,,,,,,,,,,,,,,,,,,,,,,,,,,29.76,,,,
04-Jan-2012,09:45,04-Jan-2012,10:00,Tamil Nadu,Chennai,Velachery Res. Area, Chennai - CPCB,,,,,,,,,,,,,,,,,,,,,,,,,,,,,,,,,,,30.54,,,,
04-Jan-2012,10:00,04-Jan-2012,10:15,Tamil Nadu,Chennai,Velachery Res. Area, Chennai - CPCB,,,,,,,,,,,,,,,,,,,,,,,,,,,,,,,,,,,31.14,,,,
04-Jan-2012,10:15,04-Jan-2012,10:30,Tamil Nadu,Chennai,Velachery Res. Area, Chennai - CPCB,,,,,,,,,,,,,,,,,,,,,,,,,,,,,,,,,,,31.15,,,,
04-Jan-2012,10:30,04-Jan-2012,10:45,Tamil Nadu,Chennai,Velachery Res. Area, Chennai - CPCB,,,,,,,,,,,,,,,,,,,,,,,,,,,,,,,,,,,31.23,,,,
04-Jan-2012,10:45,04-Jan-2012,11:00,Tamil Nadu,Chennai,Velachery Res. Area, Chennai - CPCB,,,,,,,,,,,,,,,,,,,,,,,,,,,,,,,,,,,31.25,,,,
04-Jan-2012,11:00,04-Jan-2012,11:15,Tamil Nadu,Chennai,Velachery Res. Area, Chennai - CPCB,,,,,,,,,,,,,,,,,,,,,,,,,,,,,,,,,,,31.16,,,,
04-Jan-2012,11:15,04-Jan-2012,11:30,Tamil Nadu,Chennai,Velachery Res. Area, Chennai - CPCB,,,,,,,,,,,,,,,,,,,,,,,,,,,,,,,,,,,31.24,,,,
04-Jan-2012,11:30,04-Jan-2012,11:45,Tamil Nadu,Chennai,Velachery Res. Area, Chennai - CPCB,,,,,,,,,,,,,,,,,,,,,,,,,,,,,,,,,,,31.17,,,,
04-Jan-2012,11:45,04-Jan-2012,12:00,Tamil Nadu,Chennai,Velachery Res. Area, Chennai - CPCB,,,,,,,,,,,,,,,,,,,,,,,,,,,,,,,,,,,31.29,,,,
04-Jan-2012,12:00,04-Jan-2012,12:15,Tamil Nadu,Chennai,Velachery Res. Area, Chennai - CPCB,,,,,,,,,,,,,,,,,,,,,,,,,,,,,,,,,,,31.2,,,,
04-Jan-2012,12:15,04-Jan-2012,12:30,Tamil Nadu,Chennai,Velachery Res. Area, Chennai - CPCB,,,,,,,,,,,,,,,,,,,,,,,,,,,,,,,,,,,31.36,,,,
04-Jan-2012,12:30,04-Jan-2012,12:45,Tamil Nadu,Chennai,Velachery Res. Area, Chennai - CPCB,,,,,,,,,,,,,,,,,,,,,,,,,,,,,,,,,,,31.28,,,,
04-Jan-2012,12:45,04-Jan-2012,13:00,Tamil Nadu,Chennai,Velachery Res. Area, Chennai - CPCB,,,,,,,,,,,,,,,,,,,,,,,,,,,,,,,,,,,31.01,,,,
04-Jan-2012,13:00,04-Jan-2012,13:15,Tamil Nadu,Chennai,Velachery Res. Area, Chennai - CPCB,,,,,,,,,,,,,,,,,,,,,,,,,,,,,,,,,,,30.95,,,,
04-Jan-2012,13:15,04-Jan-2012,13:30,Tamil Nadu,Chennai,Velachery Res. Area, Chennai - CPCB,,,,,,,,,,,,,,,,,,,,,,,,,,,,,,,,,,,30.94,,,,
04-Jan-2012,13:30,04-Jan-2012,13:45,Tamil Nadu,Chennai,Velachery Res. Area, Chennai - CPCB,,,,,,,,,,,,,,,,,,,,,,,,,,,,,,,,,,,31.21,,,,
04-Jan-2012,13:45,04-Jan-2012,14:00,Tamil Nadu,Chennai,Velachery Res. Area, Chennai - CPCB,,,,,,,,,,,,,,,,,,,,,,,,,,,,,,,,,,,30.93,,,,
04-Jan-2012,14:00,04-Jan-2012,14:15,Tamil Nadu,Chennai,Velachery Res. Area, Chennai - CPCB,,,,,,,,,,,,,,,,,,,,,,,,,,,,,,,,,,,30.93,,,,
04-Jan-2012,14:15,04-Jan-2012,14:30,Tamil Nadu,Chennai,Velachery Res. Area, Chennai - CPCB,,,,,,,,,,,,,,,,,,,,,,,,,,,,,,,,,,,30.56,,,,
04-Jan-2012,14:30,04-Jan-2012,14:45,Tamil Nadu,Chennai,Velachery Res. Area, Chennai - CPCB,,,,,,,,,,,,,,,,,,,,,,,,,,,,,,,,,,,30.26,,,,
04-Jan-2012,14:45,04-Jan-2012,15:00,Tamil Nadu,Chennai,Velachery Res. Area, Chennai - CPCB,,,,,,,,,,,,,,,,,,,,,,,,,,,,,,,,,,,30.31,,,,
04-Jan-2012,15:00,04-Jan-2012,15:15,Tamil Nadu,Chennai,Velachery Res. Area, Chennai - CPCB,,,,,,,,,,,,,,,,,,,,,,,,,,,,,,,,,,,30.35,,,,
04-Jan-2012,15:15,04-Jan-2012,15:30,Tamil Nadu,Chennai,Velachery Res. Area, Chennai - CPCB,,,,,,,,,,,,,,,,,,,,,,,,,,,,,,,,,,,30.47,,,,
04-Jan-2012,15:30,04-Jan-2012,15:45,Tamil Nadu,Chennai,Velachery Res. Area, Chennai - CPCB,,,,,,,,,,,,,,,,,,,,,,,,,,,,,,,,,,,30.29,,,,
04-Jan-2012,15:45,04-Jan-2012,16:00,Tamil Nadu,Chennai,Velachery Res. Area, Chennai - CPCB,,,,,,,,,,,,,,,,,,,,,,,,,,,,,,,,,,,30.28,,,,
04-Jan-2012,16:00,04-Jan-2012,16:15,Tamil Nadu,Chennai,Velachery Res. Area, Chennai - CPCB,,,,,,,,,,,,,,,,,,,,,,,,,,,,,,,,,,,30.24,,,,
04-Jan-2012,16:15,04-Jan-2012,16:30,Tamil Nadu,Chennai,Velachery Res. Area, Chennai - CPCB,,,,,,,,,,,,,,,,,,,,,,,,,,,,,,,,,,,30.13,,,,
04-Jan-2012,16:30,04-Jan-2012,16:45,Tamil Nadu,Chennai,Velachery Res. Area, Chennai - CPCB,,,,,,,,,,,,,,,,,,,,,,,,,,,,,,,,,,,29.89,,,,
04-Jan-2012,16:45,04-Jan-2012,17:00,Tamil Nadu,Chennai,Velachery Res. Area, Chennai - CPCB,,,,,,,,,,,,,,,,,,,,,,,,,,,,,,,,,,,29.65,,,,
04-Jan-2012,17:00,04-Jan-2012,17:15,Tamil Nadu,Chennai,Velachery Res. Area, Chennai - CPCB,,,,,,,,,,,,,,,,,,,,,,,,,,,,,,,,,,,29.53,,,,
04-Jan-2012,17:15,04-Jan-2012,17:30,Tamil Nadu,Chennai,Velachery Res. Area, Chennai - CPCB,,,,,,,,,,,,,,,,,,,,,,,,,,,,,,,,,,,29.35,,,,
04-Jan-2012,17:30,04-Jan-2012,17:45,Tamil Nadu,Chennai,Velachery Res. Area, Chennai - CPCB,,,,,,,,,,,,,,,,,,,,,,,,,,,,,,,,,,,28.95,,,,
04-Jan-2012,17:45,04-Jan-2012,18:00,Tamil Nadu,Chennai,Velachery Res. Area, Chennai - CPCB,,,,,,,,,,,,,,,,,,,,,,,,,,,,,,,,,,,28.66,,,,
04-Jan-2012,18:00,04-Jan-2012,18:15,Tamil Nadu,Chennai,Velachery Res. Area, Chennai - CPCB,,,,,,,,,,,,,,,,,,,,,,,,,,,,,,,,,,,28.48,,,,
04-Jan-2012,18:15,04-Jan-2012,18:30,Tamil Nadu,Chennai,Velachery Res. Area, Chennai - CPCB,,,,,,,,,,,,,,,,,,,,,,,,,,,,,,,,,,,28.43,,,,
04-Jan-2012,18:30,04-Jan-2012,18:45,Tamil Nadu,Chennai,Velachery Res. Area, Chennai - CPCB,,,,,,,,,,,,,,,,,,,,,,,,,,,,,,,,,,,28.29,,,,
04-Jan-2012,18:45,04-Jan-2012,19:00,Tamil Nadu,Chennai,Velachery Res. Area, Chennai - CPCB,,,,,,,,,,,,,,,,,,,,,,,,,,,,,,,,,,,28.16,,,,
04-Jan-2012,19:00,04-Jan-2012,19:15,Tamil Nadu,Chennai,Velachery Res. Area, Chennai - CPCB,,,,,,,,,,,,,,,,,,,,,,,,,,,,,,,,,,,28.06,,,,
04-Jan-2012,19:15,04-Jan-2012,19:30,Tamil Nadu,Chennai,Velachery Res. Area, Chennai - CPCB,,,,,,,,,,,,,,,,,,,,,,,,,,,,,,,,,,,28.06,,,,
04-Jan-2012,19:30,04-Jan-2012,19:45,Tamil Nadu,Chennai,Velachery Res. Area, Chennai - CPCB,,,,,,,,,,,,,,,,,,,,,,,,,,,,,,,,,,,28.0,,,,
04-Jan-2012,19:45,04-Jan-2012,20:00,Tamil Nadu,Chennai,Velachery Res. Area, Chennai - CPCB,,,,,,,,,,,,,,,,,,,,,,,,,,,,,,,,,,,28.06,,,,
04-Jan-2012,20:00,04-Jan-2012,20:15,Tamil Nadu,Chennai,Velachery Res. Area, Chennai - CPCB,,,,,,,,,,,,,,,,,,,,,,,,,,,,,,,,,,,28.06,,,,
04-Jan-2012,20:15,04-Jan-2012,20:30,Tamil Nadu,Chennai,Velachery Res. Area, Chennai - CPCB,,,,,,,,,,,,,,,,,,,,,,,,,,,,,,,,,,,28.13,,,,
04-Jan-2012,20:30,04-Jan-2012,20:45,Tamil Nadu,Chennai,Velachery Res. Area, Chennai - CPCB,,,,,,,,,,,,,,,,,,,,,,,,,,,,,,,,,,,28.16,,,,
04-Jan-2012,20:45,04-Jan-2012,21:00,Tamil Nadu,Chennai,Velachery Res. Area, Chennai - CPCB,,,,,,,,,,,,,,,,,,,,,,,,,,,,,,,,,,,28.16,,,,
04-Jan-2012,21:00,04-Jan-2012,21:15,Tamil Nadu,Chennai,Velachery Res. Area, Chennai - CPCB,,,,,,,,,,,,,,,,,,,,,,,,,,,,,,,,,,,28.08,,,,
04-Jan-2012,21:15,04-Jan-2012,21:30,Tamil Nadu,Chennai,Velachery Res. Area, Chennai - CPCB,,,,,,,,,,,,,,,,,,,,,,,,,,,,,,,,,,,27.95,,,,
04-Jan-2012,21:30,04-Jan-2012,21:45,Tamil Nadu,Chennai,Velachery Res. Area, Chennai - CPCB,,,,,,,,,,,,,,,,,,,,,,,,,,,,,,,,,,,27.86,,,,
04-Jan-2012,21:45,04-Jan-2012,22:00,Tamil Nadu,Chennai,Velachery Res. Area, Chennai - CPCB,,,,,,,,,,,,,,,,,,,,,,,,,,,,,,,,,,,27.75,,,,
04-Jan-2012,22:00,04-Jan-2012,22:15,Tamil Nadu,Chennai,Velachery Res. Area, Chennai - CPCB,,,,,,,,,,,,,,,,,,,,,,,,,,,,,,,,,,,27.7,,,,
04-Jan-2012,22:15,04-Jan-2012,22:30,Tamil Nadu,Chennai,Velachery Res. Area, Chennai - CPCB,,,,,,,,,,,,,,,,,,,,,,,,,,,,,,,,,,,27.67,,,,
04-Jan-2012,22:30,04-Jan-2012,22:45,Tamil Nadu,Chennai,Velachery Res. Area, Chennai - CPCB,,,,,,,,,,,,,,,,,,,,,,,,,,,,,,,,,,,27.58,,,,
04-Jan-2012,22:45,04-Jan-2012,23:00,Tamil Nadu,Chennai,Velachery Res. Area, Chennai - CPCB,,,,,,,,,,,,,,,,,,,,,,,,,,,,,,,,,,,27.52,,,,
04-Jan-2012,23:00,04-Jan-2012,23:15,Tamil Nadu,Chennai,Velachery Res. Area, Chennai - CPCB,,,,,,,,,,,,,,,,,,,,,,,,,,,,,,,,,,,27.44,,,,
04-Jan-2012,23:15,04-Jan-2012,23:30,Tamil Nadu,Chennai,Velachery Res. Area, Chennai - CPCB,,,,,,,,,,,,,,,,,,,,,,,,,,,,,,,,,,,27.41,,,,
04-Jan-2012,23:30,04-Jan-2012,23:45,Tamil Nadu,Chennai,Velachery Res. Area, Chennai - CPCB,,,,,,,,,,,,,,,,,,,,,,,,,,,,,,,,,,,27.32,,,,
04-Jan-2012,23:45,05-Jan-2012,00:00,Tamil Nadu,Chennai,Velachery Res. Area, Chennai - CPCB,,,,,,,,,,,,,,,,,,,,,,,,,,,,,,,,,,,27.22,,,,
05-Jan-2012,00:00,05-Jan-2012,00:15,Tamil Nadu,Chennai,Velachery Res. Area, Chennai - CPCB,,,,,,,,,,,,,,,,,,,,,,,,,,,,,,,,,,,27.17,,,,
05-Jan-2012,00:15,05-Jan-2012,00:30,Tamil Nadu,Chennai,Velachery Res. Area, Chennai - CPCB,,,,,,,,,,,,,,,,,,,,,,,,,,,,,,,,,,,27.13,,,,
05-Jan-2012,00:30,05-Jan-2012,00:45,Tamil Nadu,Chennai,Velachery Res. Area, Chennai - CPCB,,,,,,,,,,,,,,,,,,,,,,,,,,,,,,,,,,,27.02,,,,
05-Jan-2012,00:45,05-Jan-2012,01:00,Tamil Nadu,Chennai,Velachery Res. Area, Chennai - CPCB,,,,,,,,,,,,,,,,,,,,,,,,,,,,,,,,,,,27.1,,,,
05-Jan-2012,01:00,05-Jan-2012,01:15,Tamil Nadu,Chennai,Velachery Res. Area, Chennai - CPCB,,,,,,,,,,,,,,,,,,,,,,,,,,,,,,,,,,,27.11,,,,
05-Jan-2012,01:15,05-Jan-2012,01:30,Tamil Nadu,Chennai,Velachery Res. Area, Chennai - CPCB,,,,,,,,,,,,,,,,,,,,,,,,,,,,,,,,,,,27.1,,,,
05-Jan-2012,01:30,05-Jan-2012,01:45,Tamil Nadu,Chennai,Velachery Res. Area, Chennai - CPCB,,,,,,,,,,,,,,,,,,,,,,,,,,,,,,,,,,,27.11,,,,
05-Jan-2012,01:45,05-Jan-2012,02:00,Tamil Nadu,Chennai,Velachery Res. Area, Chennai - CPCB,,,,,,,,,,,,,,,,,,,,,,,,,,,,,,,,,,,27.2,,,,
05-Jan-2012,02:00,05-Jan-2012,02:15,Tamil Nadu,Chennai,Velachery Res. Area, Chennai - CPCB,,,,,,,,,,,,,,,,,,,,,,,,,,,,,,,,,,,27.16,,,,
05-Jan-2012,02:15,05-Jan-2012,02:30,Tamil Nadu,Chennai,Velachery Res. Area, Chennai - CPCB,,,,,,,,,,,,,,,,,,,,,,,,,,,,,,,,,,,26.99,,,,
05-Jan-2012,02:30,05-Jan-2012,02:45,Tamil Nadu,Chennai,Velachery Res. Area, Chennai - CPCB,,,,,,,,,,,,,,,,,,,,,,,,,,,,,,,,,,,26.88,,,,
05-Jan-2012,02:45,05-Jan-2012,03:00,Tamil Nadu,Chennai,Velachery Res. Area, Chennai - CPCB,,,,,,,,,,,,,,,,,,,,,,,,,,,,,,,,,,,26.76,,,,
05-Jan-2012,03:00,05-Jan-2012,03:15,Tamil Nadu,Chennai,Velachery Res. Area, Chennai - CPCB,,,,,,,,,,,,,,,,,,,,,,,,,,,,,,,,,,,26.75,,,,
05-Jan-2012,03:15,05-Jan-2012,03:30,Tamil Nadu,Chennai,Velachery Res. Area, Chennai - CPCB,,,,,,,,,,,,,,,,,,,,,,,,,,,,,,,,,,,26.67,,,,
05-Jan-2012,03:30,05-Jan-2012,03:45,Tamil Nadu,Chennai,Velachery Res. Area, Chennai - CPCB,,,,,,,,,,,,,,,,,,,,,,,,,,,,,,,,,,,26.63,,,,
05-Jan-2012,03:45,05-Jan-2012,04:00,Tamil Nadu,Chennai,Velachery Res. Area, Chennai - CPCB,,,,,,,,,,,,,,,,,,,,,,,,,,,,,,,,,,,26.76,,,,
05-Jan-2012,04:00,05-Jan-2012,04:15,Tamil Nadu,Chennai,Velachery Res. Area, Chennai - CPCB,,,,,,,,,,,,,,,,,,,,,,,,,,,,,,,,,,,26.75,,,,
05-Jan-2012,04:15,05-Jan-2012,04:30,Tamil Nadu,Chennai,Velachery Res. Area, Chennai - CPCB,,,,,,,,,,,,,,,,,,,,,,,,,,,,,,,,,,,26.75,,,,
05-Jan-2012,04:30,05-Jan-2012,04:45,Tamil Nadu,Chennai,Velachery Res. Area, Chennai - CPCB,,,,,,,,,,,,,,,,,,,,,,,,,,,,,,,,,,,26.83,,,,
05-Jan-2012,04:45,05-Jan-2012,05:00,Tamil Nadu,Chennai,Velachery Res. Area, Chennai - CPCB,,,,,,,,,,,,,,,,,,,,,,,,,,,,,,,,,,,26.72,,,,
05-Jan-2012,05:00,05-Jan-2012,05:15,Tamil Nadu,Chennai,Velachery Res. Area, Chennai - CPCB,,,,,,,,,,,,,,,,,,,,,,,,,,,,,,,,,,,26.68,,,,
05-Jan-2012,05:15,05-Jan-2012,05:30,Tamil Nadu,Chennai,Velachery Res. Area, Chennai - CPCB,,,,,,,,,,,,,,,,,,,,,,,,,,,,,,,,,,,26.74,,,,
05-Jan-2012,05:30,05-Jan-2012,05:45,Tamil Nadu,Chennai,Velachery Res. Area, Chennai - CPCB,,,,,,,,,,,,,,,,,,,,,,,,,,,,,,,,,,,26.62,,,,
05-Jan-2012,05:45,05-Jan-2012,06:00,Tamil Nadu,Chennai,Velachery Res. Area, Chennai - CPCB,,,,,,,,,,,,,,,,,,,,,,,,,,,,,,,,,,,26.57,,,,
05-Jan-2012,06:00,05-Jan-2012,06:15,Tamil Nadu,Chennai,Velachery Res. Area, Chennai - CPCB,,,,,,,,,,,,,,,,,,,,,,,,,,,,,,,,,,,26.49,,,,
05-Jan-2012,06:15,05-Jan-2012,06:30,Tamil Nadu,Chennai,Velachery Res. Area, Chennai - CPCB,,,,,,,,,,,,,,,,,,,,,,,,,,,,,,,,,,,26.6,,,,
05-Jan-2012,06:30,05-Jan-2012,06:45,Tamil Nadu,Chennai,Velachery Res. Area, Chennai - CPCB,,,,,,,,,,,,,,,,,,,,,,,,,,,,,,,,,,,26.69,,,,
05-Jan-2012,06:45,05-Jan-2012,07:00,Tamil Nadu,Chennai,Velachery Res. Area, Chennai - CPCB,,,,,,,,,,,,,,,,,,,,,,,,,,,,,,,,,,,26.66,,,,
05-Jan-2012,07:00,05-Jan-2012,07:15,Tamil Nadu,Chennai,Velachery Res. Area, Chennai - CPCB,,,,,,,,,,,,,,,,,,,,,,,,,,,,,,,,,,,26.7,,,,
05-Jan-2012,07:15,05-Jan-2012,07:30,Tamil Nadu,Chennai,Velachery Res. Area, Chennai - CPCB,,,,,,,,,,,,,,,,,,,,,,,,,,,,,,,,,,,26.84,,,,
05-Jan-2012,07:30,05-Jan-2012,07:45,Tamil Nadu,Chennai,Velachery Res. Area, Chennai - CPCB,,,,,,,,,,,,,,,,,,,,,,,,,,,,,,,,,,,27.42,,,,
05-Jan-2012,07:45,05-Jan-2012,08:00,Tamil Nadu,Chennai,Velachery Res. Area, Chennai - CPCB,,,,,,,,,,,,,,,,,,,,,,,,,,,,,,,,,,,28.34,,,,
05-Jan-2012,08:00,05-Jan-2012,08:15,Tamil Nadu,Chennai,Velachery Res. Area, Chennai - CPCB,,,,,,,,,,,,,,,,,,,,,,,,,,,,,,,,,,,28.88,,,,
05-Jan-2012,08:15,05-Jan-2012,08:30,Tamil Nadu,Chennai,Velachery Res. Area, Chennai - CPCB,,,,,,,,,,,,,,,,,,,,,,,,,,,,,,,,,,,29.03,,,,
05-Jan-2012,08:30,05-Jan-2012,08:45,Tamil Nadu,Chennai,Velachery Res. Area, Chennai - CPCB,,,,,,,,,,,,,,,,,,,,,,,,,,,,,,,,,,,28.88,,,,
05-Jan-2012,08:45,05-Jan-2012,09:00,Tamil Nadu,Chennai,Velachery Res. Area, Chennai - CPCB,,,,,,,,,,,,,,,,,,,,,,,,,,,,,,,,,,,28.99,,,,
05-Jan-2012,09:00,05-Jan-2012,09:15,Tamil Nadu,Chennai,Velachery Res. Area, Chennai - CPCB,,,,,,,,,,,,,,,,,,,,,,,,,,,,,,,,,,,29.27,,,,
05-Jan-2012,09:15,05-Jan-2012,09:30,Tamil Nadu,Chennai,Velachery Res. Area, Chennai - CPCB,,,,,,,,,,,,,,,,,,,,,,,,,,,,,,,,,,,29.52,,,,
05-Jan-2012,09:30,05-Jan-2012,09:45,Tamil Nadu,Chennai,Velachery Res. Area, Chennai - CPCB,,,,,,,,,,,,,,,,,,,,,,,,,,,,,,,,,,,29.82,,,,
05-Jan-2012,09:45,05-Jan-2012,10:00,Tamil Nadu,Chennai,Velachery Res. Area, Chennai - CPCB,,,,,,,,,,,,,,,,,,,,,,,,,,,,,,,,,,,30.25,,,,
05-Jan-2012,10:00,05-Jan-2012,10:15,Tamil Nadu,Chennai,Velachery Res. Area, Chennai - CPCB,,,,,,,,,,,,,,,,,,,,,,,,,,,,,,,,,,,30.63,,,,
05-Jan-2012,10:15,05-Jan-2012,10:30,Tamil Nadu,Chennai,Velachery Res. Area, Chennai - CPCB,,,,,,,,,,,,,,,,,,,,,,,,,,,,,,,,,,,30.72,,,,
05-Jan-2012,10:30,05-Jan-2012,10:45,Tamil Nadu,Chennai,Velachery Res. Area, Chennai - CPCB,,,,,,,,,,,,,,,,,,,,,,,,,,,,,,,,,,,30.9,,,,
05-Jan-2012,10:45,05-Jan-2012,11:00,Tamil Nadu,Chennai,Velachery Res. Area, Chennai - CPCB,,,,,,,,,,,,,,,,,,,,,,,,,,,,,,,,,,,31.5,,,,
05-Jan-2012,11:00,05-Jan-2012,11:15,Tamil Nadu,Chennai,Velachery Res. Area, Chennai - CPCB,,,,,,,,,,,,,,,,,,,,,,,,,,,,,,,,,,,31.12,,,,
05-Jan-2012,11:15,05-Jan-2012,11:30,Tamil Nadu,Chennai,Velachery Res. Area, Chennai - CPCB,,,,,,,,,,,,,,,,,,,,,,,,,,,,,,,,,,,31.2,,,,
05-Jan-2012,11:30,05-Jan-2012,11:45,Tamil Nadu,Chennai,Velachery Res. Area, Chennai - CPCB,,,,,,,,,,,,,,,,,,,,,,,,,,,,,,,,,,,31.27,,,,
05-Jan-2012,11:45,05-Jan-2012,12:00,Tamil Nadu,Chennai,Velachery Res. Area, Chennai - CPCB,,,,,,,,,,,,,,,,,,,,,,,,,,,,,,,,,,,30.96,,,,
05-Jan-2012,12:00,05-Jan-2012,12:15,Tamil Nadu,Chennai,Velachery Res. Area, Chennai - CPCB,,,,,,,,,,,,,,,,,,,,,,,,,,,,,,,,,,,31.2,,,,
05-Jan-2012,12:15,05-Jan-2012,12:30,Tamil Nadu,Chennai,Velachery Res. Area, Chennai - CPCB,,,,,,,,,,,,,,,,,,,,,,,,,,,,,,,,,,,31.15,,,,
05-Jan-2012,12:30,05-Jan-2012,12:45,Tamil Nadu,Chennai,Velachery Res. Area, Chennai - CPCB,,,,,,,,,,,,,,,,,,,,,,,,,,,,,,,,,,,31.28,,,,
05-Jan-2012,12:45,05-Jan-2012,13:00,Tamil Nadu,Chennai,Velachery Res. Area, Chennai - CPCB,,,,,,,,,,,,,,,,,,,,,,,,,,,,,,,,,,,31.18,,,,
05-Jan-2012,13:00,05-Jan-2012,13:15,Tamil Nadu,Chennai,Velachery Res. Area, Chennai - CPCB,,,,,,,,,,,,,,,,,,,,,,,,,,,,,,,,,,,31.1,,,,
05-Jan-2012,13:15,05-Jan-2012,13:30,Tamil Nadu,Chennai,Velachery Res. Area, Chennai - CPCB,,,,,,,,,,,,,,,,,,,,,,,,,,,,,,,,,,,31.09,,,,
05-Jan-2012,13:30,05-Jan-2012,13:45,Tamil Nadu,Chennai,Velachery Res. Area, Chennai - CPCB,,,,,,,,,,,,,,,,,,,,,,,,,,,,,,,,,,,31.06,,,,
05-Jan-2012,13:45,05-Jan-2012,14:00,Tamil Nadu,Chennai,Velachery Res. Area, Chennai - CPCB,,,,,,,,,,,,,,,,,,,,,,,,,,,,,,,,,,,30.88,,,,
05-Jan-2012,14:00,05-Jan-2012,14:15,Tamil Nadu,Chennai,Velachery Res. Area, Chennai - CPCB,,,,,,,,,,,,,,,,,,,,,,,,,,,,,,,,,,,30.69,,,,
05-Jan-2012,14:15,05-Jan-2012,14:30,Tamil Nadu,Chennai,Velachery Res. Area, Chennai - CPCB,,,,,,,,,,,,,,,,,,,,,,,,,,,,,,,,,,,30.74,,,,
05-Jan-2012,14:30,05-Jan-2012,14:45,Tamil Nadu,Chennai,Velachery Res. Area, Chennai - CPCB,,,,,,,,,,,,,,,,,,,,,,,,,,,,,,,,,,,30.8,,,,
05-Jan-2012,14:45,05-Jan-2012,15:00,Tamil Nadu,Chennai,Velachery Res. Area, Chennai - CPCB,,,,,,,,,,,,,,,,,,,,,,,,,,,,,,,,,,,30.62,,,,
05-Jan-2012,15:00,05-Jan-2012,15:15,Tamil Nadu,Chennai,Velachery Res. Area, Chennai - CPCB,,,,,,,,,,,,,,,,,,,,,,,,,,,,,,,,,,,30.67,,,,
05-Jan-2012,15:15,05-Jan-2012,15:30,Tamil Nadu,Chennai,Velachery Res. Area, Chennai - CPCB,,,,,,,,,,,,,,,,,,,,,,,,,,,,,,,,,,,30.57,,,,
05-Jan-2012,15:30,05-Jan-2012,15:45,Tamil Nadu,Chennai,Velachery Res. Area, Chennai - CPCB,,,,,,,,,,,,,,,,,,,,,,,,,,,,,,,,,,,30.46,,,,
05-Jan-2012,15:45,05-Jan-2012,16:00,Tamil Nadu,Chennai,Velachery Res. Area, Chennai - CPCB,,,,,,,,,,,,,,,,,,,,,,,,,,,,,,,,,,,30.48,,,,
05-Jan-2012,16:00,05-Jan-2012,16:15,Tamil Nadu,Chennai,Velachery Res. Area, Chennai - CPCB,,,,,,,,,,,,,,,,,,,,,,,,,,,,,,,,,,,30.31,,,,
05-Jan-2012,16:15,05-Jan-2012,16:30,Tamil Nadu,Chennai,Velachery Res. Area, Chennai - CPCB,,,,,,,,,,,,,,,,,,,,,,,,,,,,,,,,,,,30.08,,,,
05-Jan-2012,16:30,05-Jan-2012,16:45,Tamil Nadu,Chennai,Velachery Res. Area, Chennai - CPCB,,,,,,,,,,,,,,,,,,,,,,,,,,,,,,,,,,,29.94,,,,
05-Jan-2012,16:45,05-Jan-2012,17:00,Tamil Nadu,Chennai,Velachery Res. Area, Chennai - CPCB,,,,,,,,,,,,,,,,,,,,,,,,,,,,,,,,,,,29.77,,,,
05-Jan-2012,17:00,05-Jan-2012,17:15,Tamil Nadu,Chennai,Velachery Res. Area, Chennai - CPCB,,,,,,,,,,,,,,,,,,,,,,,,,,,,,,,,,,,29.49,,,,
05-Jan-2012,17:15,05-Jan-2012,17:30,Tamil Nadu,Chennai,Velachery Res. Area, Chennai - CPCB,,,,,,,,,,,,,,,,,,,,,,,,,,,,,,,,,,,29.24,,,,
05-Jan-2012,17:30,05-Jan-2012,17:45,Tamil Nadu,Chennai,Velachery Res. Area, Chennai - CPCB,,,,,,,,,,,,,,,,,,,,,,,,,,,,,,,,,,,28.9,,,,
05-Jan-2012,17:45,05-Jan-2012,18:00,Tamil Nadu,Chennai,Velachery Res. Area, Chennai - CPCB,,,,,,,,,,,,,,,,,,,,,,,,,,,,,,,,,,,28.62,,,,
05-Jan-2012,18:00,05-Jan-2012,18:15,Tamil Nadu,Chennai,Velachery Res. Area, Chennai - CPCB,,,,,,,,,,,,,,,,,,,,,,,,,,,,,,,,,,,28.36,,,,
05-Jan-2012,18:15,05-Jan-2012,18:30,Tamil Nadu,Chennai,Velachery Res. Area, Chennai - CPCB,,,,,,,,,,,,,,,,,,,,,,,,,,,,,,,,,,,28.17,,,,
05-Jan-2012,18:30,05-Jan-2012,18:45,Tamil Nadu,Chennai,Velachery Res. Area, Chennai - CPCB,,,,,,,,,,,,,,,,,,,,,,,,,,,,,,,,,,,28.1,,,,
05-Jan-2012,18:45,05-Jan-2012,19:00,Tamil Nadu,Chennai,Velachery Res. Area, Chennai - CPCB,,,,,,,,,,,,,,,,,,,,,,,,,,,,,,,,,,,28.06,,,,
05-Jan-2012,19:00,05-Jan-2012,19:15,Tamil Nadu,Chennai,Velachery Res. Area, Chennai - CPCB,,,,,,,,,,,,,,,,,,,,,,,,,,,,,,,,,,,27.97,,,,
05-Jan-2012,19:15,05-Jan-2012,19:30,Tamil Nadu,Chennai,Velachery Res. Area, Chennai - CPCB,,,,,,,,,,,,,,,,,,,,,,,,,,,,,,,,,,,27.93,,,,
05-Jan-2012,19:30,05-Jan-2012,19:45,Tamil Nadu,Chennai,Velachery Res. Area, Chennai - CPCB,,,,,,,,,,,,,,,,,,,,,,,,,,,,,,,,,,,27.84,,,,
05-Jan-2012,19:45,05-Jan-2012,20:00,Tamil Nadu,Chennai,Velachery Res. Area, Chennai - CPCB,,,,,,,,,,,,,,,,,,,,,,,,,,,,,,,,,,,27.76,,,,
05-Jan-2012,20:00,05-Jan-2012,20:15,Tamil Nadu,Chennai,Velachery Res. Area, Chennai - CPCB,,,,,,,,,,,,,,,,,,,,,,,,,,,,,,,,,,,27.7,,,,
05-Jan-2012,20:15,05-Jan-2012,20:30,Tamil Nadu,Chennai,Velachery Res. Area, Chennai - CPCB,,,,,,,,,,,,,,,,,,,,,,,,,,,,,,,,,,,27.69,,,,
05-Jan-2012,20:30,05-Jan-2012,20:45,Tamil Nadu,Chennai,Velachery Res. Area, Chennai - CPCB,,,,,,,,,,,,,,,,,,,,,,,,,,,,,,,,,,,27.66,,,,
05-Jan-2012,20:45,05-Jan-2012,21:00,Tamil Nadu,Chennai,Velachery Res. Area, Chennai - CPCB,,,,,,,,,,,,,,,,,,,,,,,,,,,,,,,,,,,27.64,,,,
05-Jan-2012,21:00,05-Jan-2012,21:15,Tamil Nadu,Chennai,Velachery Res. Area, Chennai - CPCB,,,,,,,,,,,,,,,,,,,,,,,,,,,,,,,,,,,27.7,,,,
05-Jan-2012,21:15,05-Jan-2012,21:30,Tamil Nadu,Chennai,Velachery Res. Area, Chennai - CPCB,,,,,,,,,,,,,,,,,,,,,,,,,,,,,,,,,,,27.64,,,,
05-Jan-2012,21:30,05-Jan-2012,21:45,Tamil Nadu,Chennai,Velachery Res. Area, Chennai - CPCB,,,,,,,,,,,,,,,,,,,,,,,,,,,,,,,,,,,27.48,,,,
05-Jan-2012,21:45,05-Jan-2012,22:00,Tamil Nadu,Chennai,Velachery Res. Area, Chennai - CPCB,,,,,,,,,,,,,,,,,,,,,,,,,,,,,,,,,,,27.45,,,,
05-Jan-2012,22:00,05-Jan-2012,22:15,Tamil Nadu,Chennai,Velachery Res. Area, Chennai - CPCB,,,,,,,,,,,,,,,,,,,,,,,,,,,,,,,,,,,27.49,,,,
05-Jan-2012,22:15,05-Jan-2012,22:30,Tamil Nadu,Chennai,Velachery Res. Area, Chennai - CPCB,,,,,,,,,,,,,,,,,,,,,,,,,,,,,,,,,,,27.41,,,,
05-Jan-2012,22:30,05-Jan-2012,22:45,Tamil Nadu,Chennai,Velachery Res. Area, Chennai - CPCB,,,,,,,,,,,,,,,,,,,,,,,,,,,,,,,,,,,27.41,,,,
05-Jan-2012,22:45,05-Jan-2012,23:00,Tamil Nadu,Chennai,Velachery Res. Area, Chennai - CPCB,,,,,,,,,,,,,,,,,,,,,,,,,,,,,,,,,,,27.46,,,,
05-Jan-2012,23:00,05-Jan-2012,23:15,Tamil Nadu,Chennai,Velachery Res. Area, Chennai - CPCB,,,,,,,,,,,,,,,,,,,,,,,,,,,,,,,,,,,27.49,,,,
05-Jan-2012,23:15,05-Jan-2012,23:30,Tamil Nadu,Chennai,Velachery Res. Area, Chennai - CPCB,,,,,,,,,,,,,,,,,,,,,,,,,,,,,,,,,,,27.54,,,,
05-Jan-2012,23:30,05-Jan-2012,23:45,Tamil Nadu,Chennai,Velachery Res. Area, Chennai - CPCB,,,,,,,,,,,,,,,,,,,,,,,,,,,,,,,,,,,27.47,,,,
05-Jan-2012,23:45,06-Jan-2012,00:00,Tamil Nadu,Chennai,Velachery Res. Area, Chennai - CPCB,,,,,,,,,,,,,,,,,,,,,,,,,,,,,,,,,,,27.36,,,,
06-Jan-2012,00:00,06-Jan-2012,00:15,Tamil Nadu,Chennai,Velachery Res. Area, Chennai - CPCB,,,,,,,,,,,,,,,,,,,,,,,,,,,,,,,,,,,27.24,,,,
06-Jan-2012,00:15,06-Jan-2012,00:30,Tamil Nadu,Chennai,Velachery Res. Area, Chennai - CPCB,,,,,,,,,,,,,,,,,,,,,,,,,,,,,,,,,,,27.18,,,,
06-Jan-2012,00:30,06-Jan-2012,00:45,Tamil Nadu,Chennai,Velachery Res. Area, Chennai - CPCB,,,,,,,,,,,,,,,,,,,,,,,,,,,,,,,,,,,27.2,,,,
06-Jan-2012,00:45,06-Jan-2012,01:00,Tamil Nadu,Chennai,Velachery Res. Area, Chennai - CPCB,,,,,,,,,,,,,,,,,,,,,,,,,,,,,,,,,,,27.17,,,,
06-Jan-2012,01:00,06-Jan-2012,01:15,Tamil Nadu,Chennai,Velachery Res. Area, Chennai - CPCB,,,,,,,,,,,,,,,,,,,,,,,,,,,,,,,,,,,27.16,,,,
06-Jan-2012,01:15,06-Jan-2012,01:30,Tamil Nadu,Chennai,Velachery Res. Area, Chennai - CPCB,,,,,,,,,,,,,,,,,,,,,,,,,,,,,,,,,,,27.23,,,,
06-Jan-2012,01:30,06-Jan-2012,01:45,Tamil Nadu,Chennai,Velachery Res. Area, Chennai - CPCB,,,,,,,,,,,,,,,,,,,,,,,,,,,,,,,,,,,27.17,,,,
06-Jan-2012,01:45,06-Jan-2012,02:00,Tamil Nadu,Chennai,Velachery Res. Area, Chennai - CPCB,,,,,,,,,,,,,,,,,,,,,,,,,,,,,,,,,,,27.09,,,,
06-Jan-2012,02:00,06-Jan-2012,02:15,Tamil Nadu,Chennai,Velachery Res. Area, Chennai - CPCB,,,,,,,,,,,,,,,,,,,,,,,,,,,,,,,,,,,27.04,,,,
06-Jan-2012,02:15,06-Jan-2012,02:30,Tamil Nadu,Chennai,Velachery Res. Area, Chennai - CPCB,,,,,,,,,,,,,,,,,,,,,,,,,,,,,,,,,,,27.03,,,,
06-Jan-2012,02:30,06-Jan-2012,02:45,Tamil Nadu,Chennai,Velachery Res. Area, Chennai - CPCB,,,,,,,,,,,,,,,,,,,,,,,,,,,,,,,,,,,26.97,,,,
06-Jan-2012,02:45,06-Jan-2012,03:00,Tamil Nadu,Chennai,Velachery Res. Area, Chennai - CPCB,,,,,,,,,,,,,,,,,,,,,,,,,,,,,,,,,,,26.8,,,,
06-Jan-2012,03:00,06-Jan-2012,03:15,Tamil Nadu,Chennai,Velachery Res. Area, Chennai - CPCB,,,,,,,,,,,,,,,,,,,,,,,,,,,,,,,,,,,26.67,,,,
06-Jan-2012,03:15,06-Jan-2012,03:30,Tamil Nadu,Chennai,Velachery Res. Area, Chennai - CPCB,,,,,,,,,,,,,,,,,,,,,,,,,,,,,,,,,,,26.58,,,,
06-Jan-2012,03:30,06-Jan-2012,03:45,Tamil Nadu,Chennai,Velachery Res. Area, Chennai - CPCB,,,,,,,,,,,,,,,,,,,,,,,,,,,,,,,,,,,26.49,,,,
06-Jan-2012,03:45,06-Jan-2012,04:00,Tamil Nadu,Chennai,Velachery Res. Area, Chennai - CPCB,,,,,,,,,,,,,,,,,,,,,,,,,,,,,,,,,,,26.43,,,,
06-Jan-2012,04:00,06-Jan-2012,04:15,Tamil Nadu,Chennai,Velachery Res. Area, Chennai - CPCB,,,,,,,,,,,,,,,,,,,,,,,,,,,,,,,,,,,26.39,,,,
06-Jan-2012,04:15,06-Jan-2012,04:30,Tamil Nadu,Chennai,Velachery Res. Area, Chennai - CPCB,,,,,,,,,,,,,,,,,,,,,,,,,,,,,,,,,,,26.28,,,,
06-Jan-2012,04:30,06-Jan-2012,04:45,Tamil Nadu,Chennai,Velachery Res. Area, Chennai - CPCB,,,,,,,,,,,,,,,,,,,,,,,,,,,,,,,,,,,26.39,,,,
06-Jan-2012,04:45,06-Jan-2012,05:00,Tamil Nadu,Chennai,Velachery Res. Area, Chennai - CPCB,,,,,,,,,,,,,,,,,,,,,,,,,,,,,,,,,,,26.42,,,,
06-Jan-2012,05:00,06-Jan-2012,05:15,Tamil Nadu,Chennai,Velachery Res. Area, Chennai - CPCB,,,,,,,,,,,,,,,,,,,,,,,,,,,,,,,,,,,26.42,,,,
06-Jan-2012,05:15,06-Jan-2012,05:30,Tamil Nadu,Chennai,Velachery Res. Area, Chennai - CPCB,,,,,,,,,,,,,,,,,,,,,,,,,,,,,,,,,,,26.49,,,,
06-Jan-2012,05:30,06-Jan-2012,05:45,Tamil Nadu,Chennai,Velachery Res. Area, Chennai - CPCB,,,,,,,,,,,,,,,,,,,,,,,,,,,,,,,,,,,26.4,,,,
06-Jan-2012,05:45,06-Jan-2012,06:00,Tamil Nadu,Chennai,Velachery Res. Area, Chennai - CPCB,,,,,,,,,,,,,,,,,,,,,,,,,,,,,,,,,,,26.49,,,,
06-Jan-2012,06:00,06-Jan-2012,06:15,Tamil Nadu,Chennai,Velachery Res. Area, Chennai - CPCB,,,,,,,,,,,,,,,,,,,,,,,,,,,,,,,,,,,26.49,,,,
06-Jan-2012,06:15,06-Jan-2012,06:30,Tamil Nadu,Chennai,Velachery Res. Area, Chennai - CPCB,,,,,,,,,,,,,,,,,,,,,,,,,,,,,,,,,,,26.4,,,,
06-Jan-2012,06:30,06-Jan-2012,06:45,Tamil Nadu,Chennai,Velachery Res. Area, Chennai - CPCB,,,,,,,,,,,,,,,,,,,,,,,,,,,,,,,,,,,26.37,,,,
06-Jan-2012,06:45,06-Jan-2012,07:00,Tamil Nadu,Chennai,Velachery Res. Area, Chennai - CPCB,,,,,,,,,,,,,,,,,,,,,,,,,,,,,,,,,,,26.53,,,,
06-Jan-2012,07:00,06-Jan-2012,07:15,Tamil Nadu,Chennai,Velachery Res. Area, Chennai - CPCB,,,,,,,,,,,,,,,,,,,,,,,,,,,,,,,,,,,26.74,,,,
06-Jan-2012,07:15,06-Jan-2012,07:30,Tamil Nadu,Chennai,Velachery Res. Area, Chennai - CPCB,,,,,,,,,,,,,,,,,,,,,,,,,,,,,,,,,,,26.94,,,,
06-Jan-2012,07:30,06-Jan-2012,07:45,Tamil Nadu,Chennai,Velachery Res. Area, Chennai - CPCB,,,,,,,,,,,,,,,,,,,,,,,,,,,,,,,,,,,27.07,,,,
06-Jan-2012,07:45,06-Jan-2012,08:00,Tamil Nadu,Chennai,Velachery Res. Area, Chennai - CPCB,,,,,,,,,,,,,,,,,,,,,,,,,,,,,,,,,,,27.27,,,,
06-Jan-2012,08:00,06-Jan-2012,08:15,Tamil Nadu,Chennai,Velachery Res. Area, Chennai - CPCB,,,,,,,,,,,,,,,,,,,,,,,,,,,,,,,,,,,27.44,,,,
06-Jan-2012,08:15,06-Jan-2012,08:30,Tamil Nadu,Chennai,Velachery Res. Area, Chennai - CPCB,,,,,,,,,,,,,,,,,,,,,,,,,,,,,,,,,,,27.73,,,,
06-Jan-2012,08:30,06-Jan-2012,08:45,Tamil Nadu,Chennai,Velachery Res. Area, Chennai - CPCB,,,,,,,,,,,,,,,,,,,,,,,,,,,,,,,,,,,28.11,,,,
06-Jan-2012,08:45,06-Jan-2012,09:00,Tamil Nadu,Chennai,Velachery Res. Area, Chennai - CPCB,,,,,,,,,,,,,,,,,,,,,,,,,,,,,,,,,,,28.42,,,,
06-Jan-2012,09:00,06-Jan-2012,09:15,Tamil Nadu,Chennai,Velachery Res. Area, Chennai - CPCB,,,,,,,,,,,,,,,,,,,,,,,,,,,,,,,,,,,28.92,,,,
06-Jan-2012,09:15,06-Jan-2012,09:30,Tamil Nadu,Chennai,Velachery Res. Area, Chennai - CPCB,,,,,,,,,,,,,,,,,,,,,,,,,,,,,,,,,,,29.56,,,,
06-Jan-2012,09:30,06-Jan-2012,09:45,Tamil Nadu,Chennai,Velachery Res. Area, Chennai - CPCB,,,,,,,,,,,,,,,,,,,,,,,,,,,,,,,,,,,30.08,,,,
06-Jan-2012,09:45,06-Jan-2012,10:00,Tamil Nadu,Chennai,Velachery Res. Area, Chennai - CPCB,,,,,,,,,,,,,,,,,,,,,,,,,,,,,,,,,,,30.18,,,,
06-Jan-2012,10:00,06-Jan-2012,10:15,Tamil Nadu,Chennai,Velachery Res. Area, Chennai - CPCB,,,,,,,,,,,,,,,,,,,,,,,,,,,,,,,,,,,30.24,,,,
06-Jan-2012,10:15,06-Jan-2012,10:30,Tamil Nadu,Chennai,Velachery Res. Area, Chennai - CPCB,,,,,,,,,,,,,,,,,,,,,,,,,,,,,,,,,,,30.7,,,,
06-Jan-2012,10:30,06-Jan-2012,10:45,Tamil Nadu,Chennai,Velachery Res. Area, Chennai - CPCB,,,,,,,,,,,,,,,,,,,,,,,,,,,,,,,,,,,30.31,,,,
06-Jan-2012,10:45,06-Jan-2012,11:00,Tamil Nadu,Chennai,Velachery Res. Area, Chennai - CPCB,,,,,,,,,,,,,,,,,,,,,,,,,,,,,,,,,,,30.15,,,,
06-Jan-2012,11:00,06-Jan-2012,11:15,Tamil Nadu,Chennai,Velachery Res. Area, Chennai - CPCB,,,,,,,,,,,,,,,,,,,,,,,,,,,,,,,,,,,30.02,,,,
06-Jan-2012,11:15,06-Jan-2012,11:30,Tamil Nadu,Chennai,Velachery Res. Area, Chennai - CPCB,,,,,,,,,,,,,,,,,,,,,,,,,,,,,,,,,,,30.3,,,,
06-Jan-2012,11:30,06-Jan-2012,11:45,Tamil Nadu,Chennai,Velachery Res. Area, Chennai - CPCB,,,,,,,,,,,,,,,,,,,,,,,,,,,,,,,,,,,30.57,,,,
06-Jan-2012,11:45,06-Jan-2012,12:00,Tamil Nadu,Chennai,Velachery Res. Area, Chennai - CPCB,,,,,,,,,,,,,,,,,,,,,,,,,,,,,,,,,,,30.6,,,,
06-Jan-2012,12:00,06-Jan-2012,12:15,Tamil Nadu,Chennai,Velachery Res. Area, Chennai - CPCB,,,,,,,,,,,,,,,,,,,,,,,,,,,,,,,,,,,30.67,,,,
06-Jan-2012,12:15,06-Jan-2012,12:30,Tamil Nadu,Chennai,Velachery Res. Area, Chennai - CPCB,,,,,,,,,,,,,,,,,,,,,,,,,,,,,,,,,,,30.87,,,,
06-Jan-2012,12:30,06-Jan-2012,12:45,Tamil Nadu,Chennai,Velachery Res. Area, Chennai - CPCB,,,,,,,,,,,,,,,,,,,,,,,,,,,,,,,,,,,30.9,,,,
06-Jan-2012,12:45,06-Jan-2012,13:00,Tamil Nadu,Chennai,Velachery Res. Area, Chennai - CPCB,,,,,,,,,,,,,,,,,,,,,,,,,,,,,,,,,,,30.98,,,,
06-Jan-2012,13:00,06-Jan-2012,13:15,Tamil Nadu,Chennai,Velachery Res. Area, Chennai - CPCB,,,,,,,,,,,,,,,,,,,,,,,,,,,,,,,,,,,31.09,,,,
06-Jan-2012,13:15,06-Jan-2012,13:30,Tamil Nadu,Chennai,Velachery Res. Area, Chennai - CPCB,,,,,,,,,,,,,,,,,,,,,,,,,,,,,,,,,,,31.26,,,,
06-Jan-2012,13:30,06-Jan-2012,13:45,Tamil Nadu,Chennai,Velachery Res. Area, Chennai - CPCB,,,,,,,,,,,,,,,,,,,,,,,,,,,,,,,,,,,31.12,,,,
06-Jan-2012,13:45,06-Jan-2012,14:00,Tamil Nadu,Chennai,Velachery Res. Area, Chennai - CPCB,,,,,,,,,,,,,,,,,,,,,,,,,,,,,,,,,,,31.13,,,,
06-Jan-2012,14:00,06-Jan-2012,14:15,Tamil Nadu,Chennai,Velachery Res. Area, Chennai - CPCB,,,,,,,,,,,,,,,,,,,,,,,,,,,,,,,,,,,30.98,,,,
06-Jan-2012,14:15,06-Jan-2012,14:30,Tamil Nadu,Chennai,Velachery Res. Area, Chennai - CPCB,,,,,,,,,,,,,,,,,,,,,,,,,,,,,,,,,,,30.86,,,,
06-Jan-2012,14:30,06-Jan-2012,14:45,Tamil Nadu,Chennai,Velachery Res. Area, Chennai - CPCB,,,,,,,,,,,,,,,,,,,,,,,,,,,,,,,,,,,30.66,,,,
06-Jan-2012,14:45,06-Jan-2012,15:00,Tamil Nadu,Chennai,Velachery Res. Area, Chennai - CPCB,,,,,,,,,,,,,,,,,,,,,,,,,,,,,,,,,,,30.64,,,,
06-Jan-2012,15:00,06-Jan-2012,15:15,Tamil Nadu,Chennai,Velachery Res. Area, Chennai - CPCB,,,,,,,,,,,,,,,,,,,,,,,,,,,,,,,,,,,30.64,,,,
06-Jan-2012,15:15,06-Jan-2012,15:30,Tamil Nadu,Chennai,Velachery Res. Area, Chennai - CPCB,,,,,,,,,,,,,,,,,,,,,,,,,,,,,,,,,,,30.37,,,,
06-Jan-2012,15:30,06-Jan-2012,15:45,Tamil Nadu,Chennai,Velachery Res. Area, Chennai - CPCB,,,,,,,,,,,,,,,,,,,,,,,,,,,,,,,,,,,30.41,,,,
06-Jan-2012,15:45,06-Jan-2012,16:00,Tamil Nadu,Chennai,Velachery Res. Area, Chennai - CPCB,,,,,,,,,,,,,,,,,,,,,,,,,,,,,,,,,,,30.16,,,,
06-Jan-2012,16:00,06-Jan-2012,16:15,Tamil Nadu,Chennai,Velachery Res. Area, Chennai - CPCB,,,,,,,,,,,,,,,,,,,,,,,,,,,,,,,,,,,29.85,,,,
06-Jan-2012,16:15,06-Jan-2012,16:30,Tamil Nadu,Chennai,Velachery Res. Area, Chennai - CPCB,,,,,,,,,,,,,,,,,,,,,,,,,,,,,,,,,,,29.77,,,,
06-Jan-2012,16:30,06-Jan-2012,16:45,Tamil Nadu,Chennai,Velachery Res. Area, Chennai - CPCB,,,,,,,,,,,,,,,,,,,,,,,,,,,,,,,,,,,29.6,,,,
06-Jan-2012,16:45,06-Jan-2012,17:00,Tamil Nadu,Chennai,Velachery Res. Area, Chennai - CPCB,,,,,,,,,,,,,,,,,,,,,,,,,,,,,,,,,,,29.36,,,,
06-Jan-2012,17:00,06-Jan-2012,17:15,Tamil Nadu,Chennai,Velachery Res. Area, Chennai - CPCB,,,,,,,,,,,,,,,,,,,,,,,,,,,,,,,,,,,29.12,,,,
06-Jan-2012,17:15,06-Jan-2012,17:30,Tamil Nadu,Chennai,Velachery Res. Area, Chennai - CPCB,,,,,,,,,,,,,,,,,,,,,,,,,,,,,,,,,,,28.83,,,,
06-Jan-2012,17:30,06-Jan-2012,17:45,Tamil Nadu,Chennai,Velachery Res. Area, Chennai - CPCB,,,,,,,,,,,,,,,,,,,,,,,,,,,,,,,,,,,28.54,,,,
06-Jan-2012,17:45,06-Jan-2012,18:00,Tamil Nadu,Chennai,Velachery Res. Area, Chennai - CPCB,,,,,,,,,,,,,,,,,,,,,,,,,,,,,,,,,,,28.31,,,,
06-Jan-2012,18:00,06-Jan-2012,18:15,Tamil Nadu,Chennai,Velachery Res. Area, Chennai - CPCB,,,,,,,,,,,,,,,,,,,,,,,,,,,,,,,,,,,28.12,,,,
06-Jan-2012,18:15,06-Jan-2012,18:30,Tamil Nadu,Chennai,Velachery Res. Area, Chennai - CPCB,,,,,,,,,,,,,,,,,,,,,,,,,,,,,,,,,,,27.93,,,,
06-Jan-2012,18:30,06-Jan-2012,18:45,Tamil Nadu,Chennai,Velachery Res. Area, Chennai - CPCB,,,,,,,,,,,,,,,,,,,,,,,,,,,,,,,,,,,27.85,,,,
06-Jan-2012,18:45,06-Jan-2012,19:00,Tamil Nadu,Chennai,Velachery Res. Area, Chennai - CPCB,,,,,,,,,,,,,,,,,,,,,,,,,,,,,,,,,,,27.74,,,,
06-Jan-2012,19:00,06-Jan-2012,19:15,Tamil Nadu,Chennai,Velachery Res. Area, Chennai - CPCB,,,,,,,,,,,,,,,,,,,,,,,,,,,,,,,,,,,27.57,,,,
06-Jan-2012,19:15,06-Jan-2012,19:30,Tamil Nadu,Chennai,Velachery Res. Area, Chennai - CPCB,,,,,,,,,,,,,,,,,,,,,,,,,,,,,,,,,,,27.51,,,,
06-Jan-2012,19:30,06-Jan-2012,19:45,Tamil Nadu,Chennai,Velachery Res. Area, Chennai - CPCB,,,,,,,,,,,,,,,,,,,,,,,,,,,,,,,,,,,27.44,,,,
06-Jan-2012,19:45,06-Jan-2012,20:00,Tamil Nadu,Chennai,Velachery Res. Area, Chennai - CPCB,,,,,,,,,,,,,,,,,,,,,,,,,,,,,,,,,,,27.38,,,,
06-Jan-2012,20:00,06-Jan-2012,20:15,Tamil Nadu,Chennai,Velachery Res. Area, Chennai - CPCB,,,,,,,,,,,,,,,,,,,,,,,,,,,,,,,,,,,27.29,,,,
06-Jan-2012,20:15,06-Jan-2012,20:30,Tamil Nadu,Chennai,Velachery Res. Area, Chennai - CPCB,,,,,,,,,,,,,,,,,,,,,,,,,,,,,,,,,,,27.24,,,,
06-Jan-2012,20:30,06-Jan-2012,20:45,Tamil Nadu,Chennai,Velachery Res. Area, Chennai - CPCB,,,,,,,,,,,,,,,,,,,,,,,,,,,,,,,,,,,27.21,,,,
06-Jan-2012,20:45,06-Jan-2012,21:00,Tamil Nadu,Chennai,Velachery Res. Area, Chennai - CPCB,,,,,,,,,,,,,,,,,,,,,,,,,,,,,,,,,,,27.15,,,,
06-Jan-2012,21:00,06-Jan-2012,21:15,Tamil Nadu,Chennai,Velachery Res. Area, Chennai - CPCB,,,,,,,,,,,,,,,,,,,,,,,,,,,,,,,,,,,26.92,,,,
06-Jan-2012,21:15,06-Jan-2012,21:30,Tamil Nadu,Chennai,Velachery Res. Area, Chennai - CPCB,,,,,,,,,,,,,,,,,,,,,,,,,,,,,,,,,,,26.77,,,,
06-Jan-2012,21:30,06-Jan-2012,21:45,Tamil Nadu,Chennai,Velachery Res. Area, Chennai - CPCB,,,,,,,,,,,,,,,,,,,,,,,,,,,,,,,,,,,26.77,,,,
06-Jan-2012,21:45,06-Jan-2012,22:00,Tamil Nadu,Chennai,Velachery Res. Area, Chennai - CPCB,,,,,,,,,,,,,,,,,,,,,,,,,,,,,,,,,,,26.69,,,,
06-Jan-2012,22:00,06-Jan-2012,22:15,Tamil Nadu,Chennai,Velachery Res. Area, Chennai - CPCB,,,,,,,,,,,,,,,,,,,,,,,,,,,,,,,,,,,26.56,,,,
06-Jan-2012,22:15,06-Jan-2012,22:30,Tamil Nadu,Chennai,Velachery Res. Area, Chennai - CPCB,,,,,,,,,,,,,,,,,,,,,,,,,,,,,,,,,,,26.49,,,,
06-Jan-2012,22:30,06-Jan-2012,22:45,Tamil Nadu,Chennai,Velachery Res. Area, Chennai - CPCB,,,,,,,,,,,,,,,,,,,,,,,,,,,,,,,,,,,26.52,,,,
06-Jan-2012,22:45,06-Jan-2012,23:00,Tamil Nadu,Chennai,Velachery Res. Area, Chennai - CPCB,,,,,,,,,,,,,,,,,,,,,,,,,,,,,,,,,,,26.51,,,,
06-Jan-2012,23:00,06-Jan-2012,23:15,Tamil Nadu,Chennai,Velachery Res. Area, Chennai - CPCB,,,,,,,,,,,,,,,,,,,,,,,,,,,,,,,,,,,26.47,,,,
06-Jan-2012,23:15,06-Jan-2012,23:30,Tamil Nadu,Chennai,Velachery Res. Area, Chennai - CPCB,,,,,,,,,,,,,,,,,,,,,,,,,,,,,,,,,,,26.5,,,,
06-Jan-2012,23:30,06-Jan-2012,23:45,Tamil Nadu,Chennai,Velachery Res. Area, Chennai - CPCB,,,,,,,,,,,,,,,,,,,,,,,,,,,,,,,,,,,26.49,,,,
06-Jan-2012,23:45,07-Jan-2012,00:00,Tamil Nadu,Chennai,Velachery Res. Area, Chennai - CPCB,,,,,,,,,,,,,,,,,,,,,,,,,,,,,,,,,,,26.33,,,,
07-Jan-2012,00:00,07-Jan-2012,00:15,Tamil Nadu,Chennai,Velachery Res. Area, Chennai - CPCB,,,,,,,,,,,,,,,,,,,,,,,,,,,,,,,,,,,26.26,,,,
07-Jan-2012,00:15,07-Jan-2012,00:30,Tamil Nadu,Chennai,Velachery Res. Area, Chennai - CPCB,,,,,,,,,,,,,,,,,,,,,,,,,,,,,,,,,,,26.41,,,,
07-Jan-2012,00:30,07-Jan-2012,00:45,Tamil Nadu,Chennai,Velachery Res. Area, Chennai - CPCB,,,,,,,,,,,,,,,,,,,,,,,,,,,,,,,,,,,26.34,,,,
07-Jan-2012,00:45,07-Jan-2012,01:00,Tamil Nadu,Chennai,Velachery Res. Area, Chennai - CPCB,,,,,,,,,,,,,,,,,,,,,,,,,,,,,,,,,,,26.34,,,,
07-Jan-2012,01:00,07-Jan-2012,01:15,Tamil Nadu,Chennai,Velachery Res. Area, Chennai - CPCB,,,,,,,,,,,,,,,,,,,,,,,,,,,,,,,,,,,26.33,,,,
07-Jan-2012,01:15,07-Jan-2012,01:30,Tamil Nadu,Chennai,Velachery Res. Area, Chennai - CPCB,,,,,,,,,,,,,,,,,,,,,,,,,,,,,,,,,,,26.34,,,,
07-Jan-2012,01:30,07-Jan-2012,01:45,Tamil Nadu,Chennai,Velachery Res. Area, Chennai - CPCB,,,,,,,,,,,,,,,,,,,,,,,,,,,,,,,,,,,26.12,,,,
07-Jan-2012,01:45,07-Jan-2012,02:00,Tamil Nadu,Chennai,Velachery Res. Area, Chennai - CPCB,,,,,,,,,,,,,,,,,,,,,,,,,,,,,,,,,,,25.96,,,,
07-Jan-2012,02:00,07-Jan-2012,02:15,Tamil Nadu,Chennai,Velachery Res. Area, Chennai - CPCB,,,,,,,,,,,,,,,,,,,,,,,,,,,,,,,,,,,25.9,,,,
07-Jan-2012,02:15,07-Jan-2012,02:30,Tamil Nadu,Chennai,Velachery Res. Area, Chennai - CPCB,,,,,,,,,,,,,,,,,,,,,,,,,,,,,,,,,,,25.92,,,,
07-Jan-2012,02:30,07-Jan-2012,02:45,Tamil Nadu,Chennai,Velachery Res. Area, Chennai - CPCB,,,,,,,,,,,,,,,,,,,,,,,,,,,,,,,,,,,25.68,,,,
07-Jan-2012,02:45,07-Jan-2012,03:00,Tamil Nadu,Chennai,Velachery Res. Area, Chennai - CPCB,,,,,,,,,,,,,,,,,,,,,,,,,,,,,,,,,,,25.51,,,,
07-Jan-2012,03:00,07-Jan-2012,03:15,Tamil Nadu,Chennai,Velachery Res. Area, Chennai - CPCB,,,,,,,,,,,,,,,,,,,,,,,,,,,,,,,,,,,25.33,,,,
07-Jan-2012,03:15,07-Jan-2012,03:30,Tamil Nadu,Chennai,Velachery Res. Area, Chennai - CPCB,,,,,,,,,,,,,,,,,,,,,,,,,,,,,,,,,,,25.31,,,,
07-Jan-2012,03:30,07-Jan-2012,03:45,Tamil Nadu,Chennai,Velachery Res. Area, Chennai - CPCB,,,,,,,,,,,,,,,,,,,,,,,,,,,,,,,,,,,25.29,,,,
07-Jan-2012,03:45,07-Jan-2012,04:00,Tamil Nadu,Chennai,Velachery Res. Area, Chennai - CPCB,,,,,,,,,,,,,,,,,,,,,,,,,,,,,,,,,,,25.33,,,,
07-Jan-2012,04:00,07-Jan-2012,04:15,Tamil Nadu,Chennai,Velachery Res. Area, Chennai - CPCB,,,,,,,,,,,,,,,,,,,,,,,,,,,,,,,,,,,25.43,,,,
07-Jan-2012,04:15,07-Jan-2012,04:30,Tamil Nadu,Chennai,Velachery Res. Area, Chennai - CPCB,,,,,,,,,,,,,,,,,,,,,,,,,,,,,,,,,,,25.43,,,,
07-Jan-2012,04:30,07-Jan-2012,04:45,Tamil Nadu,Chennai,Velachery Res. Area, Chennai - CPCB,,,,,,,,,,,,,,,,,,,,,,,,,,,,,,,,,,,25.49,,,,
07-Jan-2012,04:45,07-Jan-2012,05:00,Tamil Nadu,Chennai,Velachery Res. Area, Chennai - CPCB,,,,,,,,,,,,,,,,,,,,,,,,,,,,,,,,,,,25.56,,,,
07-Jan-2012,05:00,07-Jan-2012,05:15,Tamil Nadu,Chennai,Velachery Res. Area, Chennai - CPCB,,,,,,,,,,,,,,,,,,,,,,,,,,,,,,,,,,,25.69,,,,
07-Jan-2012,05:15,07-Jan-2012,05:30,Tamil Nadu,Chennai,Velachery Res. Area, Chennai - CPCB,,,,,,,,,,,,,,,,,,,,,,,,,,,,,,,,,,,25.54,,,,
07-Jan-2012,05:30,07-Jan-2012,05:45,Tamil Nadu,Chennai,Velachery Res. Area, Chennai - CPCB,,,,,,,,,,,,,,,,,,,,,,,,,,,,,,,,,,,25.39,,,,
07-Jan-2012,05:45,07-Jan-2012,06:00,Tamil Nadu,Chennai,Velachery Res. Area, Chennai - CPCB,,,,,,,,,,,,,,,,,,,,,,,,,,,,,,,,,,,25.23,,,,
07-Jan-2012,06:00,07-Jan-2012,06:15,Tamil Nadu,Chennai,Velachery Res. Area, Chennai - CPCB,,,,,,,,,,,,,,,,,,,,,,,,,,,,,,,,,,,25.34,,,,
07-Jan-2012,06:15,07-Jan-2012,06:30,Tamil Nadu,Chennai,Velachery Res. Area, Chennai - CPCB,,,,,,,,,,,,,,,,,,,,,,,,,,,,,,,,,,,25.23,,,,
07-Jan-2012,06:30,07-Jan-2012,06:45,Tamil Nadu,Chennai,Velachery Res. Area, Chennai - CPCB,,,,,,,,,,,,,,,,,,,,,,,,,,,,,,,,,,,25.38,,,,
07-Jan-2012,06:45,07-Jan-2012,07:00,Tamil Nadu,Chennai,Velachery Res. Area, Chennai - CPCB,,,,,,,,,,,,,,,,,,,,,,,,,,,,,,,,,,,25.42,,,,
07-Jan-2012,07:00,07-Jan-2012,07:15,Tamil Nadu,Chennai,Velachery Res. Area, Chennai - CPCB,,,,,,,,,,,,,,,,,,,,,,,,,,,,,,,,,,,25.5,,,,
07-Jan-2012,07:15,07-Jan-2012,07:30,Tamil Nadu,Chennai,Velachery Res. Area, Chennai - CPCB,,,,,,,,,,,,,,,,,,,,,,,,,,,,,,,,,,,25.83,,,,
07-Jan-2012,07:30,07-Jan-2012,07:45,Tamil Nadu,Chennai,Velachery Res. Area, Chennai - CPCB,,,,,,,,,,,,,,,,,,,,,,,,,,,,,,,,,,,26.1,,,,
07-Jan-2012,07:45,07-Jan-2012,08:00,Tamil Nadu,Chennai,Velachery Res. Area, Chennai - CPCB,,,,,,,,,,,,,,,,,,,,,,,,,,,,,,,,,,,26.44,,,,
07-Jan-2012,08:00,07-Jan-2012,08:15,Tamil Nadu,Chennai,Velachery Res. Area, Chennai - CPCB,,,,,,,,,,,,,,,,,,,,,,,,,,,,,,,,,,,26.73,,,,
07-Jan-2012,08:15,07-Jan-2012,08:30,Tamil Nadu,Chennai,Velachery Res. Area, Chennai - CPCB,,,,,,,,,,,,,,,,,,,,,,,,,,,,,,,,,,,27.03,,,,
07-Jan-2012,08:30,07-Jan-2012,08:45,Tamil Nadu,Chennai,Velachery Res. Area, Chennai - CPCB,,,,,,,,,,,,,,,,,,,,,,,,,,,,,,,,,,,27.17,,,,
07-Jan-2012,08:45,07-Jan-2012,09:00,Tamil Nadu,Chennai,Velachery Res. Area, Chennai - CPCB,,,,,,,,,,,,,,,,,,,,,,,,,,,,,,,,,,,27.4,,,,
07-Jan-2012,09:00,07-Jan-2012,09:15,Tamil Nadu,Chennai,Velachery Res. Area, Chennai - CPCB,,,,,,,,,,,,,,,,,,,,,,,,,,,,,,,,,,,27.74,,,,
07-Jan-2012,09:15,07-Jan-2012,09:30,Tamil Nadu,Chennai,Velachery Res. Area, Chennai - CPCB,,,,,,,,,,,,,,,,,,,,,,,,,,,,,,,,,,,27.98,,,,
07-Jan-2012,09:30,07-Jan-2012,09:45,Tamil Nadu,Chennai,Velachery Res. Area, Chennai - CPCB,,,,,,,,,,,,,,,,,,,,,,,,,,,,,,,,,,,28.47,,,,
07-Jan-2012,09:45,07-Jan-2012,10:00,Tamil Nadu,Chennai,Velachery Res. Area, Chennai - CPCB,,,,,,,,,,,,,,,,,,,,,,,,,,,,,,,,,,,28.79,,,,
07-Jan-2012,10:00,07-Jan-2012,10:15,Tamil Nadu,Chennai,Velachery Res. Area, Chennai - CPCB,,,,,,,,,,,,,,,,,,,,,,,,,,,,,,,,,,,29.45,,,,
07-Jan-2012,10:15,07-Jan-2012,10:30,Tamil Nadu,Chennai,Velachery Res. Area, Chennai - CPCB,,,,,,,,,,,,,,,,,,,,,,,,,,,,,,,,,,,29.38,,,,
07-Jan-2012,10:30,07-Jan-2012,10:45,Tamil Nadu,Chennai,Velachery Res. Area, Chennai - CPCB,,,,,,,,,,,,,,,,,,,,,,,,,,,,,,,,,,,29.1,,,,
07-Jan-2012,10:45,07-Jan-2012,11:00,Tamil Nadu,Chennai,Velachery Res. Area, Chennai - CPCB,,,,,,,,,,,,,,,,,,,,,,,,,,,,,,,,,,,29.14,,,,
07-Jan-2012,11:00,07-Jan-2012,11:15,Tamil Nadu,Chennai,Velachery Res. Area, Chennai - CPCB,,,,,,,,,,,,,,,,,,,,,,,,,,,,,,,,,,,29.8,,,,
07-Jan-2012,11:15,07-Jan-2012,11:30,Tamil Nadu,Chennai,Velachery Res. Area, Chennai - CPCB,,,,,,,,,,,,,,,,,,,,,,,,,,,,,,,,,,,30.26,,,,
07-Jan-2012,11:30,07-Jan-2012,11:45,Tamil Nadu,Chennai,Velachery Res. Area, Chennai - CPCB,,,,,,,,,,,,,,,,,,,,,,,,,,,,,,,,,,,30.12,,,,
07-Jan-2012,11:45,07-Jan-2012,12:00,Tamil Nadu,Chennai,Velachery Res. Area, Chennai - CPCB,,,,,,,,,,,,,,,,,,,,,,,,,,,,,,,,,,,30.42,,,,
07-Jan-2012,12:00,07-Jan-2012,12:15,Tamil Nadu,Chennai,Velachery Res. Area, Chennai - CPCB,,,,,,,,,,,,,,,,,,,,,,,,,,,,,,,,,,,30.56,,,,
07-Jan-2012,12:15,07-Jan-2012,12:30,Tamil Nadu,Chennai,Velachery Res. Area, Chennai - CPCB,,,,,,,,,,,,,,,,,,,,,,,,,,,,,,,,,,,30.45,,,,
07-Jan-2012,12:30,07-Jan-2012,12:45,Tamil Nadu,Chennai,Velachery Res. Area, Chennai - CPCB,,,,,,,,,,,,,,,,,,,,,,,,,,,,,,,,,,,30.6,,,,
07-Jan-2012,12:45,07-Jan-2012,13:00,Tamil Nadu,Chennai,Velachery Res. Area, Chennai - CPCB,,,,,,,,,,,,,,,,,,,,,,,,,,,,,,,,,,,30.65,,,,
07-Jan-2012,13:00,07-Jan-2012,13:15,Tamil Nadu,Chennai,Velachery Res. Area, Chennai - CPCB,,,,,,,,,,,,,,,,,,,,,,,,,,,,,,,,,,,30.69,,,,
07-Jan-2012,13:15,07-Jan-2012,13:30,Tamil Nadu,Chennai,Velachery Res. Area, Chennai - CPCB,,,,,,,,,,,,,,,,,,,,,,,,,,,,,,,,,,,30.55,,,,
07-Jan-2012,13:30,07-Jan-2012,13:45,Tamil Nadu,Chennai,Velachery Res. Area, Chennai - CPCB,,,,,,,,,,,,,,,,,,,,,,,,,,,,,,,,,,,30.43,,,,
07-Jan-2012,13:45,07-Jan-2012,14:00,Tamil Nadu,Chennai,Velachery Res. Area, Chennai - CPCB,,,,,,,,,,,,,,,,,,,,,,,,,,,,,,,,,,,30.54,,,,
07-Jan-2012,14:00,07-Jan-2012,14:15,Tamil Nadu,Chennai,Velachery Res. Area, Chennai - CPCB,,,,,,,,,,,,,,,,,,,,,,,,,,,,,,,,,,,30.53,,,,
07-Jan-2012,14:15,07-Jan-2012,14:30,Tamil Nadu,Chennai,Velachery Res. Area, Chennai - CPCB,,,,,,,,,,,,,,,,,,,,,,,,,,,,,,,,,,,30.55,,,,
07-Jan-2012,14:30,07-Jan-2012,14:45,Tamil Nadu,Chennai,Velachery Res. Area, Chennai - CPCB,,,,,,,,,,,,,,,,,,,,,,,,,,,,,,,,,,,30.32,,,,
07-Jan-2012,14:45,07-Jan-2012,15:00,Tamil Nadu,Chennai,Velachery Res. Area, Chennai - CPCB,,,,,,,,,,,,,,,,,,,,,,,,,,,,,,,,,,,30.46,,,,
07-Jan-2012,15:00,07-Jan-2012,15:15,Tamil Nadu,Chennai,Velachery Res. Area, Chennai - CPCB,,,,,,,,,,,,,,,,,,,,,,,,,,,,,,,,,,,30.34,,,,
07-Jan-2012,15:15,07-Jan-2012,15:30,Tamil Nadu,Chennai,Velachery Res. Area, Chennai - CPCB,,,,,,,,,,,,,,,,,,,,,,,,,,,,,,,,,,,30.38,,,,
07-Jan-2012,15:30,07-Jan-2012,15:45,Tamil Nadu,Chennai,Velachery Res. Area, Chennai - CPCB,,,,,,,,,,,,,,,,,,,,,,,,,,,,,,,,,,,30.31,,,,
07-Jan-2012,15:45,07-Jan-2012,16:00,Tamil Nadu,Chennai,Velachery Res. Area, Chennai - CPCB,,,,,,,,,,,,,,,,,,,,,,,,,,,,,,,,,,,30.14,,,,
07-Jan-2012,16:00,07-Jan-2012,16:15,Tamil Nadu,Chennai,Velachery Res. Area, Chennai - CPCB,,,,,,,,,,,,,,,,,,,,,,,,,,,,,,,,,,,30.01,,,,
07-Jan-2012,16:15,07-Jan-2012,16:30,Tamil Nadu,Chennai,Velachery Res. Area, Chennai - CPCB,,,,,,,,,,,,,,,,,,,,,,,,,,,,,,,,,,,29.93,,,,
07-Jan-2012,16:30,07-Jan-2012,16:45,Tamil Nadu,Chennai,Velachery Res. Area, Chennai - CPCB,,,,,,,,,,,,,,,,,,,,,,,,,,,,,,,,,,,29.77,,,,
07-Jan-2012,16:45,07-Jan-2012,17:00,Tamil Nadu,Chennai,Velachery Res. Area, Chennai - CPCB,,,,,,,,,,,,,,,,,,,,,,,,,,,,,,,,,,,29.54,,,,
07-Jan-2012,17:00,07-Jan-2012,17:15,Tamil Nadu,Chennai,Velachery Res. Area, Chennai - CPCB,,,,,,,,,,,,,,,,,,,,,,,,,,,,,,,,,,,29.26,,,,
07-Jan-2012,17:15,07-Jan-2012,17:30,Tamil Nadu,Chennai,Velachery Res. Area, Chennai - CPCB,,,,,,,,,,,,,,,,,,,,,,,,,,,,,,,,,,,28.94,,,,
07-Jan-2012,17:30,07-Jan-2012,17:45,Tamil Nadu,Chennai,Velachery Res. Area, Chennai - CPCB,,,,,,,,,,,,,,,,,,,,,,,,,,,,,,,,,,,28.46,,,,
07-Jan-2012,17:45,07-Jan-2012,18:00,Tamil Nadu,Chennai,Velachery Res. Area, Chennai - CPCB,,,,,,,,,,,,,,,,,,,,,,,,,,,,,,,,,,,28.07,,,,
07-Jan-2012,18:00,07-Jan-2012,18:15,Tamil Nadu,Chennai,Velachery Res. Area, Chennai - CPCB,,,,,,,,,,,,,,,,,,,,,,,,,,,,,,,,,,,27.83,,,,
07-Jan-2012,18:15,07-Jan-2012,18:30,Tamil Nadu,Chennai,Velachery Res. Area, Chennai - CPCB,,,,,,,,,,,,,,,,,,,,,,,,,,,,,,,,,,,27.57,,,,
07-Jan-2012,18:30,07-Jan-2012,18:45,Tamil Nadu,Chennai,Velachery Res. Area, Chennai - CPCB,,,,,,,,,,,,,,,,,,,,,,,,,,,,,,,,,,,27.44,,,,
07-Jan-2012,18:45,07-Jan-2012,19:00,Tamil Nadu,Chennai,Velachery Res. Area, Chennai - CPCB,,,,,,,,,,,,,,,,,,,,,,,,,,,,,,,,,,,27.33,,,,
07-Jan-2012,19:00,07-Jan-2012,19:15,Tamil Nadu,Chennai,Velachery Res. Area, Chennai - CPCB,,,,,,,,,,,,,,,,,,,,,,,,,,,,,,,,,,,27.23,,,,
07-Jan-2012,19:15,07-Jan-2012,19:30,Tamil Nadu,Chennai,Velachery Res. Area, Chennai - CPCB,,,,,,,,,,,,,,,,,,,,,,,,,,,,,,,,,,,27.08,,,,
07-Jan-2012,19:30,07-Jan-2012,19:45,Tamil Nadu,Chennai,Velachery Res. Area, Chennai - CPCB,,,,,,,,,,,,,,,,,,,,,,,,,,,,,,,,,,,26.97,,,,
07-Jan-2012,19:45,07-Jan-2012,20:00,Tamil Nadu,Chennai,Velachery Res. Area, Chennai - CPCB,,,,,,,,,,,,,,,,,,,,,,,,,,,,,,,,,,,26.9,,,,
07-Jan-2012,20:00,07-Jan-2012,20:15,Tamil Nadu,Chennai,Velachery Res. Area, Chennai - CPCB,,,,,,,,,,,,,,,,,,,,,,,,,,,,,,,,,,,26.8,,,,
07-Jan-2012,20:15,07-Jan-2012,20:30,Tamil Nadu,Chennai,Velachery Res. Area, Chennai - CPCB,,,,,,,,,,,,,,,,,,,,,,,,,,,,,,,,,,,26.95,,,,
07-Jan-2012,20:30,07-Jan-2012,20:45,Tamil Nadu,Chennai,Velachery Res. Area, Chennai - CPCB,,,,,,,,,,,,,,,,,,,,,,,,,,,,,,,,,,,26.95,,,,
07-Jan-2012,20:45,07-Jan-2012,21:00,Tamil Nadu,Chennai,Velachery Res. Area, Chennai - CPCB,,,,,,,,,,,,,,,,,,,,,,,,,,,,,,,,,,,26.78,,,,
07-Jan-2012,21:00,07-Jan-2012,21:15,Tamil Nadu,Chennai,Velachery Res. Area, Chennai - CPCB,,,,,,,,,,,,,,,,,,,,,,,,,,,,,,,,,,,26.61,,,,
07-Jan-2012,21:15,07-Jan-2012,21:30,Tamil Nadu,Chennai,Velachery Res. Area, Chennai - CPCB,,,,,,,,,,,,,,,,,,,,,,,,,,,,,,,,,,,26.67,,,,
07-Jan-2012,21:30,07-Jan-2012,21:45,Tamil Nadu,Chennai,Velachery Res. Area, Chennai - CPCB,,,,,,,,,,,,,,,,,,,,,,,,,,,,,,,,,,,26.81,,,,
07-Jan-2012,21:45,07-Jan-2012,22:00,Tamil Nadu,Chennai,Velachery Res. Area, Chennai - CPCB,,,,,,,,,,,,,,,,,,,,,,,,,,,,,,,,,,,26.61,,,,
07-Jan-2012,22:00,07-Jan-2012,22:15,Tamil Nadu,Chennai,Velachery Res. Area, Chennai - CPCB,,,,,,,,,,,,,,,,,,,,,,,,,,,,,,,,,,,26.38,,,,
07-Jan-2012,22:15,07-Jan-2012,22:30,Tamil Nadu,Chennai,Velachery Res. Area, Chennai - CPCB,,,,,,,,,,,,,,,,,,,,,,,,,,,,,,,,,,,26.28,,,,
07-Jan-2012,22:30,07-Jan-2012,22:45,Tamil Nadu,Chennai,Velachery Res. Area, Chennai - CPCB,,,,,,,,,,,,,,,,,,,,,,,,,,,,,,,,,,,26.44,,,,
07-Jan-2012,22:45,07-Jan-2012,23:00,Tamil Nadu,Chennai,Velachery Res. Area, Chennai - CPCB,,,,,,,,,,,,,,,,,,,,,,,,,,,,,,,,,,,26.43,,,,
07-Jan-2012,23:00,07-Jan-2012,23:15,Tamil Nadu,Chennai,Velachery Res. Area, Chennai - CPCB,,,,,,,,,,,,,,,,,,,,,,,,,,,,,,,,,,,26.47,,,,
07-Jan-2012,23:15,07-Jan-2012,23:30,Tamil Nadu,Chennai,Velachery Res. Area, Chennai - CPCB,,,,,,,,,,,,,,,,,,,,,,,,,,,,,,,,,,,26.49,,,,
07-Jan-2012,23:30,07-Jan-2012,23:45,Tamil Nadu,Chennai,Velachery Res. Area, Chennai - CPCB,,,,,,,,,,,,,,,,,,,,,,,,,,,,,,,,,,,26.48,,,,
07-Jan-2012,23:45,08-Jan-2012,00:00,Tamil Nadu,Chennai,Velachery Res. Area, Chennai - CPCB,,,,,,,,,,,,,,,,,,,,,,,,,,,,,,,,,,,26.41,,,,
08-Jan-2012,00:00,08-Jan-2012,00:15,Tamil Nadu,Chennai,Velachery Res. Area, Chennai - CPCB,,,,,,,,,,,,,,,,,,,,,,,,,,,,,,,,,,,26.25,,,,
08-Jan-2012,00:15,08-Jan-2012,00:30,Tamil Nadu,Chennai,Velachery Res. Area, Chennai - CPCB,,,,,,,,,,,,,,,,,,,,,,,,,,,,,,,,,,,26.2,,,,
08-Jan-2012,00:30,08-Jan-2012,00:45,Tamil Nadu,Chennai,Velachery Res. Area, Chennai - CPCB,,,,,,,,,,,,,,,,,,,,,,,,,,,,,,,,,,,26.16,,,,
08-Jan-2012,00:45,08-Jan-2012,01:00,Tamil Nadu,Chennai,Velachery Res. Area, Chennai - CPCB,,,,,,,,,,,,,,,,,,,,,,,,,,,,,,,,,,,26.22,,,,
08-Jan-2012,01:00,08-Jan-2012,01:15,Tamil Nadu,Chennai,Velachery Res. Area, Chennai - CPCB,,,,,,,,,,,,,,,,,,,,,,,,,,,,,,,,,,,26.19,,,,
08-Jan-2012,01:15,08-Jan-2012,01:30,Tamil Nadu,Chennai,Velachery Res. Area, Chennai - CPCB,,,,,,,,,,,,,,,,,,,,,,,,,,,,,,,,,,,26.08,,,,
08-Jan-2012,01:30,08-Jan-2012,01:45,Tamil Nadu,Chennai,Velachery Res. Area, Chennai - CPCB,,,,,,,,,,,,,,,,,,,,,,,,,,,,,,,,,,,25.98,,,,
08-Jan-2012,01:45,08-Jan-2012,02:00,Tamil Nadu,Chennai,Velachery Res. Area, Chennai - CPCB,,,,,,,,,,,,,,,,,,,,,,,,,,,,,,,,,,,25.99,,,,
08-Jan-2012,02:00,08-Jan-2012,02:15,Tamil Nadu,Chennai,Velachery Res. Area, Chennai - CPCB,,,,,,,,,,,,,,,,,,,,,,,,,,,,,,,,,,,26.04,,,,
08-Jan-2012,02:15,08-Jan-2012,02:30,Tamil Nadu,Chennai,Velachery Res. Area, Chennai - CPCB,,,,,,,,,,,,,,,,,,,,,,,,,,,,,,,,,,,25.97,,,,
08-Jan-2012,02:30,08-Jan-2012,02:45,Tamil Nadu,Chennai,Velachery Res. Area, Chennai - CPCB,,,,,,,,,,,,,,,,,,,,,,,,,,,,,,,,,,,25.96,,,,
08-Jan-2012,02:45,08-Jan-2012,03:00,Tamil Nadu,Chennai,Velachery Res. Area, Chennai - CPCB,,,,,,,,,,,,,,,,,,,,,,,,,,,,,,,,,,,25.98,,,,
08-Jan-2012,03:00,08-Jan-2012,03:15,Tamil Nadu,Chennai,Velachery Res. Area, Chennai - CPCB,,,,,,,,,,,,,,,,,,,,,,,,,,,,,,,,,,,26.06,,,,
08-Jan-2012,03:15,08-Jan-2012,03:30,Tamil Nadu,Chennai,Velachery Res. Area, Chennai - CPCB,,,,,,,,,,,,,,,,,,,,,,,,,,,,,,,,,,,26.09,,,,
08-Jan-2012,03:30,08-Jan-2012,03:45,Tamil Nadu,Chennai,Velachery Res. Area, Chennai - CPCB,,,,,,,,,,,,,,,,,,,,,,,,,,,,,,,,,,,26.0,,,,
08-Jan-2012,03:45,08-Jan-2012,04:00,Tamil Nadu,Chennai,Velachery Res. Area, Chennai - CPCB,,,,,,,,,,,,,,,,,,,,,,,,,,,,,,,,,,,25.88,,,,
08-Jan-2012,04:00,08-Jan-2012,04:15,Tamil Nadu,Chennai,Velachery Res. Area, Chennai - CPCB,,,,,,,,,,,,,,,,,,,,,,,,,,,,,,,,,,,25.75,,,,
08-Jan-2012,04:15,08-Jan-2012,04:30,Tamil Nadu,Chennai,Velachery Res. Area, Chennai - CPCB,,,,,,,,,,,,,,,,,,,,,,,,,,,,,,,,,,,25.79,,,,
08-Jan-2012,04:30,08-Jan-2012,04:45,Tamil Nadu,Chennai,Velachery Res. Area, Chennai - CPCB,,,,,,,,,,,,,,,,,,,,,,,,,,,,,,,,,,,25.72,,,,
08-Jan-2012,04:45,08-Jan-2012,05:00,Tamil Nadu,Chennai,Velachery Res. Area, Chennai - CPCB,,,,,,,,,,,,,,,,,,,,,,,,,,,,,,,,,,,25.58,,,,
08-Jan-2012,05:00,08-Jan-2012,05:15,Tamil Nadu,Chennai,Velachery Res. Area, Chennai - CPCB,,,,,,,,,,,,,,,,,,,,,,,,,,,,,,,,,,,25.41,,,,
08-Jan-2012,05:15,08-Jan-2012,05:30,Tamil Nadu,Chennai,Velachery Res. Area, Chennai - CPCB,,,,,,,,,,,,,,,,,,,,,,,,,,,,,,,,,,,25.42,,,,
08-Jan-2012,05:30,08-Jan-2012,05:45,Tamil Nadu,Chennai,Velachery Res. Area, Chennai - CPCB,,,,,,,,,,,,,,,,,,,,,,,,,,,,,,,,,,,25.28,,,,
08-Jan-2012,05:45,08-Jan-2012,06:00,Tamil Nadu,Chennai,Velachery Res. Area, Chennai - CPCB,,,,,,,,,,,,,,,,,,,,,,,,,,,,,,,,,,,25.28,,,,
08-Jan-2012,06:00,08-Jan-2012,06:15,Tamil Nadu,Chennai,Velachery Res. Area, Chennai - CPCB,,,,,,,,,,,,,,,,,,,,,,,,,,,,,,,,,,,25.27,,,,
08-Jan-2012,06:15,08-Jan-2012,06:30,Tamil Nadu,Chennai,Velachery Res. Area, Chennai - CPCB,,,,,,,,,,,,,,,,,,,,,,,,,,,,,,,,,,,25.36,,,,
08-Jan-2012,06:30,08-Jan-2012,06:45,Tamil Nadu,Chennai,Velachery Res. Area, Chennai - CPCB,,,,,,,,,,,,,,,,,,,,,,,,,,,,,,,,,,,25.35,,,,
08-Jan-2012,06:45,08-Jan-2012,07:00,Tamil Nadu,Chennai,Velachery Res. Area, Chennai - CPCB,,,,,,,,,,,,,,,,,,,,,,,,,,,,,,,,,,,25.47,,,,
08-Jan-2012,07:00,08-Jan-2012,07:15,Tamil Nadu,Chennai,Velachery Res. Area, Chennai - CPCB,,,,,,,,,,,,,,,,,,,,,,,,,,,,,,,,,,,25.6,,,,
08-Jan-2012,07:15,08-Jan-2012,07:30,Tamil Nadu,Chennai,Velachery Res. Area, Chennai - CPCB,,,,,,,,,,,,,,,,,,,,,,,,,,,,,,,,,,,25.85,,,,
08-Jan-2012,07:30,08-Jan-2012,07:45,Tamil Nadu,Chennai,Velachery Res. Area, Chennai - CPCB,,,,,,,,,,,,,,,,,,,,,,,,,,,,,,,,,,,26.23,,,,
08-Jan-2012,07:45,08-Jan-2012,08:00,Tamil Nadu,Chennai,Velachery Res. Area, Chennai - CPCB,,,,,,,,,,,,,,,,,,,,,,,,,,,,,,,,,,,26.85,,,,
08-Jan-2012,08:00,08-Jan-2012,08:15,Tamil Nadu,Chennai,Velachery Res. Area, Chennai - CPCB,,,,,,,,,,,,,,,,,,,,,,,,,,,,,,,,,,,27.46,,,,
08-Jan-2012,08:15,08-Jan-2012,08:30,Tamil Nadu,Chennai,Velachery Res. Area, Chennai - CPCB,,,,,,,,,,,,,,,,,,,,,,,,,,,,,,,,,,,28.13,,,,
08-Jan-2012,08:30,08-Jan-2012,08:45,Tamil Nadu,Chennai,Velachery Res. Area, Chennai - CPCB,,,,,,,,,,,,,,,,,,,,,,,,,,,,,,,,,,,28.59,,,,
08-Jan-2012,08:45,08-Jan-2012,09:00,Tamil Nadu,Chennai,Velachery Res. Area, Chennai - CPCB,,,,,,,,,,,,,,,,,,,,,,,,,,,,,,,,,,,29.13,,,,
08-Jan-2012,09:00,08-Jan-2012,09:15,Tamil Nadu,Chennai,Velachery Res. Area, Chennai - CPCB,,,,,,,,,,,,,,,,,,,,,,,,,,,,,,,,,,,29.51,,,,
08-Jan-2012,09:15,08-Jan-2012,09:30,Tamil Nadu,Chennai,Velachery Res. Area, Chennai - CPCB,,,,,,,,,,,,,,,,,,,,,,,,,,,,,,,,,,,29.55,,,,
08-Jan-2012,09:30,08-Jan-2012,09:45,Tamil Nadu,Chennai,Velachery Res. Area, Chennai - CPCB,,,,,,,,,,,,,,,,,,,,,,,,,,,,,,,,,,,30.04,,,,
08-Jan-2012,09:45,08-Jan-2012,10:00,Tamil Nadu,Chennai,Velachery Res. Area, Chennai - CPCB,,,,,,,,,,,,,,,,,,,,,,,,,,,,,,,,,,,30.24,,,,
08-Jan-2012,10:00,08-Jan-2012,10:15,Tamil Nadu,Chennai,Velachery Res. Area, Chennai - CPCB,,,,,,,,,,,,,,,,,,,,,,,,,,,,,,,,,,,30.4,,,,
08-Jan-2012,10:15,08-Jan-2012,10:30,Tamil Nadu,Chennai,Velachery Res. Area, Chennai - CPCB,,,,,,,,,,,,,,,,,,,,,,,,,,,,,,,,,,,30.48,,,,
08-Jan-2012,10:30,08-Jan-2012,10:45,Tamil Nadu,Chennai,Velachery Res. Area, Chennai - CPCB,,,,,,,,,,,,,,,,,,,,,,,,,,,,,,,,,,,30.35,,,,
08-Jan-2012,10:45,08-Jan-2012,11:00,Tamil Nadu,Chennai,Velachery Res. Area, Chennai - CPCB,,,,,,,,,,,,,,,,,,,,,,,,,,,,,,,,,,,30.22,,,,
08-Jan-2012,11:00,08-Jan-2012,11:15,Tamil Nadu,Chennai,Velachery Res. Area, Chennai - CPCB,,,,,,,,,,,,,,,,,,,,,,,,,,,,,,,,,,,29.97,,,,
08-Jan-2012,11:15,08-Jan-2012,11:30,Tamil Nadu,Chennai,Velachery Res. Area, Chennai - CPCB,,,,,,,,,,,,,,,,,,,,,,,,,,,,,,,,,,,30.18,,,,
08-Jan-2012,11:30,08-Jan-2012,11:45,Tamil Nadu,Chennai,Velachery Res. Area, Chennai - CPCB,,,,,,,,,,,,,,,,,,,,,,,,,,,,,,,,,,,30.42,,,,
08-Jan-2012,11:45,08-Jan-2012,12:00,Tamil Nadu,Chennai,Velachery Res. Area, Chennai - CPCB,,,,,,,,,,,,,,,,,,,,,,,,,,,,,,,,,,,30.18,,,,
08-Jan-2012,12:00,08-Jan-2012,12:15,Tamil Nadu,Chennai,Velachery Res. Area, Chennai - CPCB,,,,,,,,,,,,,,,,,,,,,,,,,,,,,,,,,,,30.14,,,,
08-Jan-2012,12:15,08-Jan-2012,12:30,Tamil Nadu,Chennai,Velachery Res. Area, Chennai - CPCB,,,,,,,,,,,,,,,,,,,,,,,,,,,,,,,,,,,30.53,,,,
08-Jan-2012,12:30,08-Jan-2012,12:45,Tamil Nadu,Chennai,Velachery Res. Area, Chennai - CPCB,,,,,,,,,,,,,,,,,,,,,,,,,,,,,,,,,,,30.28,,,,
08-Jan-2012,12:45,08-Jan-2012,13:00,Tamil Nadu,Chennai,Velachery Res. Area, Chennai - CPCB,,,,,,,,,,,,,,,,,,,,,,,,,,,,,,,,,,,30.46,,,,
08-Jan-2012,13:00,08-Jan-2012,13:15,Tamil Nadu,Chennai,Velachery Res. Area, Chennai - CPCB,,,,,,,,,,,,,,,,,,,,,,,,,,,,,,,,,,,30.4,,,,
08-Jan-2012,13:15,08-Jan-2012,13:30,Tamil Nadu,Chennai,Velachery Res. Area, Chennai - CPCB,,,,,,,,,,,,,,,,,,,,,,,,,,,,,,,,,,,30.54,,,,
08-Jan-2012,13:30,08-Jan-2012,13:45,Tamil Nadu,Chennai,Velachery Res. Area, Chennai - CPCB,,,,,,,,,,,,,,,,,,,,,,,,,,,,,,,,,,,30.39,,,,
08-Jan-2012,13:45,08-Jan-2012,14:00,Tamil Nadu,Chennai,Velachery Res. Area, Chennai - CPCB,,,,,,,,,,,,,,,,,,,,,,,,,,,,,,,,,,,30.68,,,,
08-Jan-2012,14:00,08-Jan-2012,14:15,Tamil Nadu,Chennai,Velachery Res. Area, Chennai - CPCB,,,,,,,,,,,,,,,,,,,,,,,,,,,,,,,,,,,30.6,,,,
08-Jan-2012,14:15,08-Jan-2012,14:30,Tamil Nadu,Chennai,Velachery Res. Area, Chennai - CPCB,,,,,,,,,,,,,,,,,,,,,,,,,,,,,,,,,,,30.74,,,,
08-Jan-2012,14:30,08-Jan-2012,14:45,Tamil Nadu,Chennai,Velachery Res. Area, Chennai - CPCB,,,,,,,,,,,,,,,,,,,,,,,,,,,,,,,,,,,30.59,,,,
08-Jan-2012,14:45,08-Jan-2012,15:00,Tamil Nadu,Chennai,Velachery Res. Area, Chennai - CPCB,,,,,,,,,,,,,,,,,,,,,,,,,,,,,,,,,,,30.49,,,,
08-Jan-2012,15:00,08-Jan-2012,15:15,Tamil Nadu,Chennai,Velachery Res. Area, Chennai - CPCB,,,,,,,,,,,,,,,,,,,,,,,,,,,,,,,,,,,30.39,,,,
08-Jan-2012,15:15,08-Jan-2012,15:30,Tamil Nadu,Chennai,Velachery Res. Area, Chennai - CPCB,,,,,,,,,,,,,,,,,,,,,,,,,,,,,,,,,,,30.33,,,,
08-Jan-2012,15:30,08-Jan-2012,15:45,Tamil Nadu,Chennai,Velachery Res. Area, Chennai - CPCB,,,,,,,,,,,,,,,,,,,,,,,,,,,,,,,,,,,30.22,,,,
08-Jan-2012,15:45,08-Jan-2012,16:00,Tamil Nadu,Chennai,Velachery Res. Area, Chennai - CPCB,,,,,,,,,,,,,,,,,,,,,,,,,,,,,,,,,,,30.06,,,,
08-Jan-2012,16:00,08-Jan-2012,16:15,Tamil Nadu,Chennai,Velachery Res. Area, Chennai - CPCB,,,,,,,,,,,,,,,,,,,,,,,,,,,,,,,,,,,29.89,,,,
08-Jan-2012,16:15,08-Jan-2012,16:30,Tamil Nadu,Chennai,Velachery Res. Area, Chennai - CPCB,,,,,,,,,,,,,,,,,,,,,,,,,,,,,,,,,,,29.8,,,,
08-Jan-2012,16:30,08-Jan-2012,16:45,Tamil Nadu,Chennai,Velachery Res. Area, Chennai - CPCB,,,,,,,,,,,,,,,,,,,,,,,,,,,,,,,,,,,29.56,,,,
08-Jan-2012,16:45,08-Jan-2012,17:00,Tamil Nadu,Chennai,Velachery Res. Area, Chennai - CPCB,,,,,,,,,,,,,,,,,,,,,,,,,,,,,,,,,,,29.48,,,,
08-Jan-2012,17:00,08-Jan-2012,17:15,Tamil Nadu,Chennai,Velachery Res. Area, Chennai - CPCB,,,,,,,,,,,,,,,,,,,,,,,,,,,,,,,,,,,29.19,,,,
08-Jan-2012,17:15,08-Jan-2012,17:30,Tamil Nadu,Chennai,Velachery Res. Area, Chennai - CPCB,,,,,,,,,,,,,,,,,,,,,,,,,,,,,,,,,,,29.06,,,,
08-Jan-2012,17:30,08-Jan-2012,17:45,Tamil Nadu,Chennai,Velachery Res. Area, Chennai - CPCB,,,,,,,,,,,,,,,,,,,,,,,,,,,,,,,,,,,28.72,,,,
08-Jan-2012,17:45,08-Jan-2012,18:00,Tamil Nadu,Chennai,Velachery Res. Area, Chennai - CPCB,,,,,,,,,,,,,,,,,,,,,,,,,,,,,,,,,,,28.43,,,,
08-Jan-2012,18:00,08-Jan-2012,18:15,Tamil Nadu,Chennai,Velachery Res. Area, Chennai - CPCB,,,,,,,,,,,,,,,,,,,,,,,,,,,,,,,,,,,28.32,,,,
08-Jan-2012,18:15,08-Jan-2012,18:30,Tamil Nadu,Chennai,Velachery Res. Area, Chennai - CPCB,,,,,,,,,,,,,,,,,,,,,,,,,,,,,,,,,,,28.13,,,,
08-Jan-2012,18:30,08-Jan-2012,18:45,Tamil Nadu,Chennai,Velachery Res. Area, Chennai - CPCB,,,,,,,,,,,,,,,,,,,,,,,,,,,,,,,,,,,27.97,,,,
08-Jan-2012,18:45,08-Jan-2012,19:00,Tamil Nadu,Chennai,Velachery Res. Area, Chennai - CPCB,,,,,,,,,,,,,,,,,,,,,,,,,,,,,,,,,,,27.92,,,,
08-Jan-2012,19:00,08-Jan-2012,19:15,Tamil Nadu,Chennai,Velachery Res. Area, Chennai - CPCB,,,,,,,,,,,,,,,,,,,,,,,,,,,,,,,,,,,27.87,,,,
08-Jan-2012,19:15,08-Jan-2012,19:30,Tamil Nadu,Chennai,Velachery Res. Area, Chennai - CPCB,,,,,,,,,,,,,,,,,,,,,,,,,,,,,,,,,,,27.72,,,,
08-Jan-2012,19:30,08-Jan-2012,19:45,Tamil Nadu,Chennai,Velachery Res. Area, Chennai - CPCB,,,,,,,,,,,,,,,,,,,,,,,,,,,,,,,,,,,27.64,,,,
08-Jan-2012,19:45,08-Jan-2012,20:00,Tamil Nadu,Chennai,Velachery Res. Area, Chennai - CPCB,,,,,,,,,,,,,,,,,,,,,,,,,,,,,,,,,,,27.54,,,,
08-Jan-2012,20:00,08-Jan-2012,20:15,Tamil Nadu,Chennai,Velachery Res. Area, Chennai - CPCB,,,,,,,,,,,,,,,,,,,,,,,,,,,,,,,,,,,27.43,,,,
08-Jan-2012,20:15,08-Jan-2012,20:30,Tamil Nadu,Chennai,Velachery Res. Area, Chennai - CPCB,,,,,,,,,,,,,,,,,,,,,,,,,,,,,,,,,,,27.44,,,,
08-Jan-2012,20:30,08-Jan-2012,20:45,Tamil Nadu,Chennai,Velachery Res. Area, Chennai - CPCB,,,,,,,,,,,,,,,,,,,,,,,,,,,,,,,,,,,27.47,,,,
08-Jan-2012,20:45,08-Jan-2012,21:00,Tamil Nadu,Chennai,Velachery Res. Area, Chennai - CPCB,,,,,,,,,,,,,,,,,,,,,,,,,,,,,,,,,,,27.53,,,,
08-Jan-2012,21:00,08-Jan-2012,21:15,Tamil Nadu,Chennai,Velachery Res. Area, Chennai - CPCB,,,,,,,,,,,,,,,,,,,,,,,,,,,,,,,,,,,27.43,,,,
08-Jan-2012,21:15,08-Jan-2012,21:30,Tamil Nadu,Chennai,Velachery Res. Area, Chennai - CPCB,,,,,,,,,,,,,,,,,,,,,,,,,,,,,,,,,,,27.4,,,,
08-Jan-2012,21:30,08-Jan-2012,21:45,Tamil Nadu,Chennai,Velachery Res. Area, Chennai - CPCB,,,,,,,,,,,,,,,,,,,,,,,,,,,,,,,,,,,27.2,,,,
08-Jan-2012,21:45,08-Jan-2012,22:00,Tamil Nadu,Chennai,Velachery Res. Area, Chennai - CPCB,,,,,,,,,,,,,,,,,,,,,,,,,,,,,,,,,,,27.04,,,,
08-Jan-2012,22:00,08-Jan-2012,22:15,Tamil Nadu,Chennai,Velachery Res. Area, Chennai - CPCB,,,,,,,,,,,,,,,,,,,,,,,,,,,,,,,,,,,26.95,,,,
08-Jan-2012,22:15,08-Jan-2012,22:30,Tamil Nadu,Chennai,Velachery Res. Area, Chennai - CPCB,,,,,,,,,,,,,,,,,,,,,,,,,,,,,,,,,,,26.86,,,,
08-Jan-2012,22:30,08-Jan-2012,22:45,Tamil Nadu,Chennai,Velachery Res. Area, Chennai - CPCB,,,,,,,,,,,,,,,,,,,,,,,,,,,,,,,,,,,26.67,,,,
08-Jan-2012,22:45,08-Jan-2012,23:00,Tamil Nadu,Chennai,Velachery Res. Area, Chennai - CPCB,,,,,,,,,,,,,,,,,,,,,,,,,,,,,,,,,,,26.7,,,,
08-Jan-2012,23:00,08-Jan-2012,23:15,Tamil Nadu,Chennai,Velachery Res. Area, Chennai - CPCB,,,,,,,,,,,,,,,,,,,,,,,,,,,,,,,,,,,26.64,,,,
08-Jan-2012,23:15,08-Jan-2012,23:30,Tamil Nadu,Chennai,Velachery Res. Area, Chennai - CPCB,,,,,,,,,,,,,,,,,,,,,,,,,,,,,,,,,,,26.51,,,,
08-Jan-2012,23:30,08-Jan-2012,23:45,Tamil Nadu,Chennai,Velachery Res. Area, Chennai - CPCB,,,,,,,,,,,,,,,,,,,,,,,,,,,,,,,,,,,26.49,,,,
08-Jan-2012,23:45,09-Jan-2012,00:00,Tamil Nadu,Chennai,Velachery Res. Area, Chennai - CPCB,,,,,,,,,,,,,,,,,,,,,,,,,,,,,,,,,,,26.49,,,,
09-Jan-2012,00:00,09-Jan-2012,00:15,Tamil Nadu,Chennai,Velachery Res. Area, Chennai - CPCB,,,,,,,,,,,,,,,,,,,,,,,,,,,,,,,,,,,26.47,,,,
09-Jan-2012,00:15,09-Jan-2012,00:30,Tamil Nadu,Chennai,Velachery Res. Area, Chennai - CPCB,,,,,,,,,,,,,,,,,,,,,,,,,,,,,,,,,,,26.58,,,,
09-Jan-2012,00:30,09-Jan-2012,00:45,Tamil Nadu,Chennai,Velachery Res. Area, Chennai - CPCB,,,,,,,,,,,,,,,,,,,,,,,,,,,,,,,,,,,26.65,,,,
09-Jan-2012,00:45,09-Jan-2012,01:00,Tamil Nadu,Chennai,Velachery Res. Area, Chennai - CPCB,,,,,,,,,,,,,,,,,,,,,,,,,,,,,,,,,,,26.62,,,,
09-Jan-2012,01:00,09-Jan-2012,01:15,Tamil Nadu,Chennai,Velachery Res. Area, Chennai - CPCB,,,,,,,,,,,,,,,,,,,,,,,,,,,,,,,,,,,26.57,,,,
09-Jan-2012,01:15,09-Jan-2012,01:30,Tamil Nadu,Chennai,Velachery Res. Area, Chennai - CPCB,,,,,,,,,,,,,,,,,,,,,,,,,,,,,,,,,,,26.55,,,,
09-Jan-2012,01:30,09-Jan-2012,01:45,Tamil Nadu,Chennai,Velachery Res. Area, Chennai - CPCB,,,,,,,,,,,,,,,,,,,,,,,,,,,,,,,,,,,26.47,,,,
09-Jan-2012,01:45,09-Jan-2012,02:00,Tamil Nadu,Chennai,Velachery Res. Area, Chennai - CPCB,,,,,,,,,,,,,,,,,,,,,,,,,,,,,,,,,,,26.34,,,,
09-Jan-2012,02:00,09-Jan-2012,02:15,Tamil Nadu,Chennai,Velachery Res. Area, Chennai - CPCB,,,,,,,,,,,,,,,,,,,,,,,,,,,,,,,,,,,26.23,,,,
09-Jan-2012,02:15,09-Jan-2012,02:30,Tamil Nadu,Chennai,Velachery Res. Area, Chennai - CPCB,,,,,,,,,,,,,,,,,,,,,,,,,,,,,,,,,,,26.22,,,,
09-Jan-2012,02:30,09-Jan-2012,02:45,Tamil Nadu,Chennai,Velachery Res. Area, Chennai - CPCB,,,,,,,,,,,,,,,,,,,,,,,,,,,,,,,,,,,26.35,,,,
09-Jan-2012,02:45,09-Jan-2012,03:00,Tamil Nadu,Chennai,Velachery Res. Area, Chennai - CPCB,,,,,,,,,,,,,,,,,,,,,,,,,,,,,,,,,,,26.24,,,,
09-Jan-2012,03:00,09-Jan-2012,03:15,Tamil Nadu,Chennai,Velachery Res. Area, Chennai - CPCB,,,,,,,,,,,,,,,,,,,,,,,,,,,,,,,,,,,26.24,,,,
09-Jan-2012,03:15,09-Jan-2012,03:30,Tamil Nadu,Chennai,Velachery Res. Area, Chennai - CPCB,,,,,,,,,,,,,,,,,,,,,,,,,,,,,,,,,,,26.23,,,,
09-Jan-2012,03:30,09-Jan-2012,03:45,Tamil Nadu,Chennai,Velachery Res. Area, Chennai - CPCB,,,,,,,,,,,,,,,,,,,,,,,,,,,,,,,,,,,26.15,,,,
09-Jan-2012,03:45,09-Jan-2012,04:00,Tamil Nadu,Chennai,Velachery Res. Area, Chennai - CPCB,,,,,,,,,,,,,,,,,,,,,,,,,,,,,,,,,,,26.09,,,,
09-Jan-2012,04:00,09-Jan-2012,04:15,Tamil Nadu,Chennai,Velachery Res. Area, Chennai - CPCB,,,,,,,,,,,,,,,,,,,,,,,,,,,,,,,,,,,26.08,,,,
09-Jan-2012,04:15,09-Jan-2012,04:30,Tamil Nadu,Chennai,Velachery Res. Area, Chennai - CPCB,,,,,,,,,,,,,,,,,,,,,,,,,,,,,,,,,,,26.05,,,,
09-Jan-2012,04:30,09-Jan-2012,04:45,Tamil Nadu,Chennai,Velachery Res. Area, Chennai - CPCB,,,,,,,,,,,,,,,,,,,,,,,,,,,,,,,,,,,26.17,,,,
09-Jan-2012,04:45,09-Jan-2012,05:00,Tamil Nadu,Chennai,Velachery Res. Area, Chennai - CPCB,,,,,,,,,,,,,,,,,,,,,,,,,,,,,,,,,,,26.21,,,,
09-Jan-2012,05:00,09-Jan-2012,05:15,Tamil Nadu,Chennai,Velachery Res. Area, Chennai - CPCB,,,,,,,,,,,,,,,,,,,,,,,,,,,,,,,,,,,26.11,,,,
09-Jan-2012,05:15,09-Jan-2012,05:30,Tamil Nadu,Chennai,Velachery Res. Area, Chennai - CPCB,,,,,,,,,,,,,,,,,,,,,,,,,,,,,,,,,,,26.12,,,,
09-Jan-2012,05:30,09-Jan-2012,05:45,Tamil Nadu,Chennai,Velachery Res. Area, Chennai - CPCB,,,,,,,,,,,,,,,,,,,,,,,,,,,,,,,,,,,26.13,,,,
09-Jan-2012,05:45,09-Jan-2012,06:00,Tamil Nadu,Chennai,Velachery Res. Area, Chennai - CPCB,,,,,,,,,,,,,,,,,,,,,,,,,,,,,,,,,,,25.9,,,,
09-Jan-2012,06:00,09-Jan-2012,06:15,Tamil Nadu,Chennai,Velachery Res. Area, Chennai - CPCB,,,,,,,,,,,,,,,,,,,,,,,,,,,,,,,,,,,25.96,,,,
09-Jan-2012,06:15,09-Jan-2012,06:30,Tamil Nadu,Chennai,Velachery Res. Area, Chennai - CPCB,,,,,,,,,,,,,,,,,,,,,,,,,,,,,,,,,,,26.0,,,,
09-Jan-2012,06:30,09-Jan-2012,06:45,Tamil Nadu,Chennai,Velachery Res. Area, Chennai - CPCB,,,,,,,,,,,,,,,,,,,,,,,,,,,,,,,,,,,26.09,,,,
09-Jan-2012,06:45,09-Jan-2012,07:00,Tamil Nadu,Chennai,Velachery Res. Area, Chennai - CPCB,,,,,,,,,,,,,,,,,,,,,,,,,,,,,,,,,,,26.07,,,,
09-Jan-2012,07:00,09-Jan-2012,07:15,Tamil Nadu,Chennai,Velachery Res. Area, Chennai - CPCB,,,,,,,,,,,,,,,,,,,,,,,,,,,,,,,,,,,26.16,,,,
09-Jan-2012,07:15,09-Jan-2012,07:30,Tamil Nadu,Chennai,Velachery Res. Area, Chennai - CPCB,,,,,,,,,,,,,,,,,,,,,,,,,,,,,,,,,,,26.47,,,,
09-Jan-2012,07:30,09-Jan-2012,07:45,Tamil Nadu,Chennai,Velachery Res. Area, Chennai - CPCB,,,,,,,,,,,,,,,,,,,,,,,,,,,,,,,,,,,26.84,,,,
09-Jan-2012,07:45,09-Jan-2012,08:00,Tamil Nadu,Chennai,Velachery Res. Area, Chennai - CPCB,,,,,,,,,,,,,,,,,,,,,,,,,,,,,,,,,,,27.38,,,,
09-Jan-2012,08:00,09-Jan-2012,08:15,Tamil Nadu,Chennai,Velachery Res. Area, Chennai - CPCB,,,,,,,,,,,,,,,,,,,,,,,,,,,,,,,,,,,27.64,,,,
09-Jan-2012,08:15,09-Jan-2012,08:30,Tamil Nadu,Chennai,Velachery Res. Area, Chennai - CPCB,,,,,,,,,,,,,,,,,,,,,,,,,,,,,,,,,,,28.1,,,,
09-Jan-2012,08:30,09-Jan-2012,08:45,Tamil Nadu,Chennai,Velachery Res. Area, Chennai - CPCB,,,,,,,,,,,,,,,,,,,,,,,,,,,,,,,,,,,28.36,,,,
09-Jan-2012,08:45,09-Jan-2012,09:00,Tamil Nadu,Chennai,Velachery Res. Area, Chennai - CPCB,,,,,,,,,,,,,,,,,,,,,,,,,,,,,,,,,,,28.83,,,,
09-Jan-2012,09:00,09-Jan-2012,09:15,Tamil Nadu,Chennai,Velachery Res. Area, Chennai - CPCB,,,,,,,,,,,,,,,,,,,,,,,,,,,,,,,,,,,29.37,,,,
09-Jan-2012,09:15,09-Jan-2012,09:30,Tamil Nadu,Chennai,Velachery Res. Area, Chennai - CPCB,,,,,,,,,,,,,,,,,,,,,,,,,,,,,,,,,,,29.68,,,,
09-Jan-2012,09:30,09-Jan-2012,09:45,Tamil Nadu,Chennai,Velachery Res. Area, Chennai - CPCB,,,,,,,,,,,,,,,,,,,,,,,,,,,,,,,,,,,29.24,,,,
09-Jan-2012,09:45,09-Jan-2012,10:00,Tamil Nadu,Chennai,Velachery Res. Area, Chennai - CPCB,,,,,,,,,,,,,,,,,,,,,,,,,,,,,,,,,,,29.19,,,,
09-Jan-2012,10:00,09-Jan-2012,10:15,Tamil Nadu,Chennai,Velachery Res. Area, Chennai - CPCB,,,,,,,,,,,,,,,,,,,,,,,,,,,,,,,,,,,29.45,,,,
09-Jan-2012,10:15,09-Jan-2012,10:30,Tamil Nadu,Chennai,Velachery Res. Area, Chennai - CPCB,,,,,,,,,,,,,,,,,,,,,,,,,,,,,,,,,,,29.9,,,,
09-Jan-2012,10:30,09-Jan-2012,10:45,Tamil Nadu,Chennai,Velachery Res. Area, Chennai - CPCB,,,,,,,,,,,,,,,,,,,,,,,,,,,,,,,,,,,30.29,,,,
09-Jan-2012,10:45,09-Jan-2012,11:00,Tamil Nadu,Chennai,Velachery Res. Area, Chennai - CPCB,,,,,,,,,,,,,,,,,,,,,,,,,,,,,,,,,,,30.94,,,,
09-Jan-2012,11:00,09-Jan-2012,11:15,Tamil Nadu,Chennai,Velachery Res. Area, Chennai - CPCB,,,,,,,,,,,,,,,,,,,,,,,,,,,,,,,,,,,30.93,,,,
09-Jan-2012,11:15,09-Jan-2012,11:30,Tamil Nadu,Chennai,Velachery Res. Area, Chennai - CPCB,,,,,,,,,,,,,,,,,,,,,,,,,,,,,,,,,,,31.13,,,,
09-Jan-2012,11:30,09-Jan-2012,11:45,Tamil Nadu,Chennai,Velachery Res. Area, Chennai - CPCB,,,,,,,,,,,,,,,,,,,,,,,,,,,,,,,,,,,31.23,,,,
09-Jan-2012,11:45,09-Jan-2012,12:00,Tamil Nadu,Chennai,Velachery Res. Area, Chennai - CPCB,,,,,,,,,,,,,,,,,,,,,,,,,,,,,,,,,,,31.27,,,,
09-Jan-2012,12:00,09-Jan-2012,12:15,Tamil Nadu,Chennai,Velachery Res. Area, Chennai - CPCB,,,,,,,,,,,,,,,,,,,,,,,,,,,,,,,,,,,31.35,,,,
09-Jan-2012,12:15,09-Jan-2012,12:30,Tamil Nadu,Chennai,Velachery Res. Area, Chennai - CPCB,,,,,,,,,,,,,,,,,,,,,,,,,,,,,,,,,,,31.29,,,,
09-Jan-2012,12:30,09-Jan-2012,12:45,Tamil Nadu,Chennai,Velachery Res. Area, Chennai - CPCB,,,,,,,,,,,,,,,,,,,,,,,,,,,,,,,,,,,31.15,,,,
09-Jan-2012,12:45,09-Jan-2012,13:00,Tamil Nadu,Chennai,Velachery Res. Area, Chennai - CPCB,,,,,,,,,,,,,,,,,,,,,,,,,,,,,,,,,,,31.09,,,,
09-Jan-2012,13:00,09-Jan-2012,13:15,Tamil Nadu,Chennai,Velachery Res. Area, Chennai - CPCB,,,,,,,,,,,,,,,,,,,,,,,,,,,,,,,,,,,31.1,,,,
09-Jan-2012,13:15,09-Jan-2012,13:30,Tamil Nadu,Chennai,Velachery Res. Area, Chennai - CPCB,,,,,,,,,,,,,,,,,,,,,,,,,,,,,,,,,,,31.02,,,,
09-Jan-2012,13:30,09-Jan-2012,13:45,Tamil Nadu,Chennai,Velachery Res. Area, Chennai - CPCB,,,,,,,,,,,,,,,,,,,,,,,,,,,,,,,,,,,31.03,,,,
09-Jan-2012,13:45,09-Jan-2012,14:00,Tamil Nadu,Chennai,Velachery Res. Area, Chennai - CPCB,,,,,,,,,,,,,,,,,,,,,,,,,,,,,,,,,,,31.18,,,,
09-Jan-2012,14:00,09-Jan-2012,14:15,Tamil Nadu,Chennai,Velachery Res. Area, Chennai - CPCB,,,,,,,,,,,,,,,,,,,,,,,,,,,,,,,,,,,31.08,,,,
09-Jan-2012,14:15,09-Jan-2012,14:30,Tamil Nadu,Chennai,Velachery Res. Area, Chennai - CPCB,,,,,,,,,,,,,,,,,,,,,,,,,,,,,,,,,,,30.86,,,,
09-Jan-2012,14:30,09-Jan-2012,14:45,Tamil Nadu,Chennai,Velachery Res. Area, Chennai - CPCB,,,,,,,,,,,,,,,,,,,,,,,,,,,,,,,,,,,30.55,,,,
09-Jan-2012,14:45,09-Jan-2012,15:00,Tamil Nadu,Chennai,Velachery Res. Area, Chennai - CPCB,,,,,,,,,,,,,,,,,,,,,,,,,,,,,,,,,,,30.6,,,,
09-Jan-2012,15:00,09-Jan-2012,15:15,Tamil Nadu,Chennai,Velachery Res. Area, Chennai - CPCB,,,,,,,,,,,,,,,,,,,,,,,,,,,,,,,,,,,30.47,,,,
09-Jan-2012,15:15,09-Jan-2012,15:30,Tamil Nadu,Chennai,Velachery Res. Area, Chennai - CPCB,,,,,,,,,,,,,,,,,,,,,,,,,,,,,,,,,,,30.56,,,,
09-Jan-2012,15:30,09-Jan-2012,15:45,Tamil Nadu,Chennai,Velachery Res. Area, Chennai - CPCB,,,,,,,,,,,,,,,,,,,,,,,,,,,,,,,,,,,30.26,,,,
09-Jan-2012,15:45,09-Jan-2012,16:00,Tamil Nadu,Chennai,Velachery Res. Area, Chennai - CPCB,,,,,,,,,,,,,,,,,,,,,,,,,,,,,,,,,,,29.82,,,,
09-Jan-2012,16:00,09-Jan-2012,16:15,Tamil Nadu,Chennai,Velachery Res. Area, Chennai - CPCB,,,,,,,,,,,,,,,,,,,,,,,,,,,,,,,,,,,29.56,,,,
09-Jan-2012,16:15,09-Jan-2012,16:30,Tamil Nadu,Chennai,Velachery Res. Area, Chennai - CPCB,,,,,,,,,,,,,,,,,,,,,,,,,,,,,,,,,,,29.81,,,,
09-Jan-2012,16:30,09-Jan-2012,16:45,Tamil Nadu,Chennai,Velachery Res. Area, Chennai - CPCB,,,,,,,,,,,,,,,,,,,,,,,,,,,,,,,,,,,29.66,,,,
09-Jan-2012,16:45,09-Jan-2012,17:00,Tamil Nadu,Chennai,Velachery Res. Area, Chennai - CPCB,,,,,,,,,,,,,,,,,,,,,,,,,,,,,,,,,,,29.41,,,,
09-Jan-2012,17:00,09-Jan-2012,17:15,Tamil Nadu,Chennai,Velachery Res. Area, Chennai - CPCB,,,,,,,,,,,,,,,,,,,,,,,,,,,,,,,,,,,29.34,,,,
09-Jan-2012,17:15,09-Jan-2012,17:30,Tamil Nadu,Chennai,Velachery Res. Area, Chennai - CPCB,,,,,,,,,,,,,,,,,,,,,,,,,,,,,,,,,,,29.23,,,,
09-Jan-2012,17:30,09-Jan-2012,17:45,Tamil Nadu,Chennai,Velachery Res. Area, Chennai - CPCB,,,,,,,,,,,,,,,,,,,,,,,,,,,,,,,,,,,28.93,,,,
09-Jan-2012,17:45,09-Jan-2012,18:00,Tamil Nadu,Chennai,Velachery Res. Area, Chennai - CPCB,,,,,,,,,,,,,,,,,,,,,,,,,,,,,,,,,,,28.79,,,,
09-Jan-2012,18:00,09-Jan-2012,18:15,Tamil Nadu,Chennai,Velachery Res. Area, Chennai - CPCB,,,,,,,,,,,,,,,,,,,,,,,,,,,,,,,,,,,28.59,,,,
09-Jan-2012,18:15,09-Jan-2012,18:30,Tamil Nadu,Chennai,Velachery Res. Area, Chennai - CPCB,,,,,,,,,,,,,,,,,,,,,,,,,,,,,,,,,,,28.52,,,,
09-Jan-2012,18:30,09-Jan-2012,18:45,Tamil Nadu,Chennai,Velachery Res. Area, Chennai - CPCB,,,,,,,,,,,,,,,,,,,,,,,,,,,,,,,,,,,28.5,,,,
09-Jan-2012,18:45,09-Jan-2012,19:00,Tamil Nadu,Chennai,Velachery Res. Area, Chennai - CPCB,,,,,,,,,,,,,,,,,,,,,,,,,,,,,,,,,,,28.45,,,,
09-Jan-2012,19:00,09-Jan-2012,19:15,Tamil Nadu,Chennai,Velachery Res. Area, Chennai - CPCB,,,,,,,,,,,,,,,,,,,,,,,,,,,,,,,,,,,28.38,,,,
09-Jan-2012,19:15,09-Jan-2012,19:30,Tamil Nadu,Chennai,Velachery Res. Area, Chennai - CPCB,,,,,,,,,,,,,,,,,,,,,,,,,,,,,,,,,,,28.37,,,,
09-Jan-2012,19:30,09-Jan-2012,19:45,Tamil Nadu,Chennai,Velachery Res. Area, Chennai - CPCB,,,,,,,,,,,,,,,,,,,,,,,,,,,,,,,,,,,28.55,,,,
09-Jan-2012,19:45,09-Jan-2012,20:00,Tamil Nadu,Chennai,Velachery Res. Area, Chennai - CPCB,,,,,,,,,,,,,,,,,,,,,,,,,,,,,,,,,,,28.75,,,,
09-Jan-2012,20:00,09-Jan-2012,20:15,Tamil Nadu,Chennai,Velachery Res. Area, Chennai - CPCB,,,,,,,,,,,,,,,,,,,,,,,,,,,,,,,,,,,28.63,,,,
09-Jan-2012,20:15,09-Jan-2012,20:30,Tamil Nadu,Chennai,Velachery Res. Area, Chennai - CPCB,,,,,,,,,,,,,,,,,,,,,,,,,,,,,,,,,,,28.58,,,,
09-Jan-2012,20:30,09-Jan-2012,20:45,Tamil Nadu,Chennai,Velachery Res. Area, Chennai - CPCB,,,,,,,,,,,,,,,,,,,,,,,,,,,,,,,,,,,28.59,,,,
09-Jan-2012,20:45,09-Jan-2012,21:00,Tamil Nadu,Chennai,Velachery Res. Area, Chennai - CPCB,,,,,,,,,,,,,,,,,,,,,,,,,,,,,,,,,,,28.65,,,,
09-Jan-2012,21:00,09-Jan-2012,21:15,Tamil Nadu,Chennai,Velachery Res. Area, Chennai - CPCB,,,,,,,,,,,,,,,,,,,,,,,,,,,,,,,,,,,28.46,,,,
09-Jan-2012,21:15,09-Jan-2012,21:30,Tamil Nadu,Chennai,Velachery Res. Area, Chennai - CPCB,,,,,,,,,,,,,,,,,,,,,,,,,,,,,,,,,,,28.4,,,,
09-Jan-2012,21:30,09-Jan-2012,21:45,Tamil Nadu,Chennai,Velachery Res. Area, Chennai - CPCB,,,,,,,,,,,,,,,,,,,,,,,,,,,,,,,,,,,28.32,,,,
09-Jan-2012,21:45,09-Jan-2012,22:00,Tamil Nadu,Chennai,Velachery Res. Area, Chennai - CPCB,,,,,,,,,,,,,,,,,,,,,,,,,,,,,,,,,,,28.32,,,,
09-Jan-2012,22:00,09-Jan-2012,22:15,Tamil Nadu,Chennai,Velachery Res. Area, Chennai - CPCB,,,,,,,,,,,,,,,,,,,,,,,,,,,,,,,,,,,28.23,,,,
09-Jan-2012,22:15,09-Jan-2012,22:30,Tamil Nadu,Chennai,Velachery Res. Area, Chennai - CPCB,,,,,,,,,,,,,,,,,,,,,,,,,,,,,,,,,,,28.2,,,,
09-Jan-2012,22:30,09-Jan-2012,22:45,Tamil Nadu,Chennai,Velachery Res. Area, Chennai - CPCB,,,,,,,,,,,,,,,,,,,,,,,,,,,,,,,,,,,28.12,,,,
09-Jan-2012,22:45,09-Jan-2012,23:00,Tamil Nadu,Chennai,Velachery Res. Area, Chennai - CPCB,,,,,,,,,,,,,,,,,,,,,,,,,,,,,,,,,,,28.02,,,,
09-Jan-2012,23:00,09-Jan-2012,23:15,Tamil Nadu,Chennai,Velachery Res. Area, Chennai - CPCB,,,,,,,,,,,,,,,,,,,,,,,,,,,,,,,,,,,27.96,,,,
09-Jan-2012,23:15,09-Jan-2012,23:30,Tamil Nadu,Chennai,Velachery Res. Area, Chennai - CPCB,,,,,,,,,,,,,,,,,,,,,,,,,,,,,,,,,,,28.13,,,,
09-Jan-2012,23:30,09-Jan-2012,23:45,Tamil Nadu,Chennai,Velachery Res. Area, Chennai - CPCB,,,,,,,,,,,,,,,,,,,,,,,,,,,,,,,,,,,28.29,,,,
09-Jan-2012,23:45,10-Jan-2012,00:00,Tamil Nadu,Chennai,Velachery Res. Area, Chennai - CPCB,,,,,,,,,,,,,,,,,,,,,,,,,,,,,,,,,,,28.09,,,,
10-Jan-2012,00:00,10-Jan-2012,00:15,Tamil Nadu,Chennai,Velachery Res. Area, Chennai - CPCB,,,,,,,,,,,,,,,,,,,,,,,,,,,,,,,,,,,28.07,,,,
10-Jan-2012,00:15,10-Jan-2012,00:30,Tamil Nadu,Chennai,Velachery Res. Area, Chennai - CPCB,,,,,,,,,,,,,,,,,,,,,,,,,,,,,,,,,,,28.03,,,,
10-Jan-2012,00:30,10-Jan-2012,00:45,Tamil Nadu,Chennai,Velachery Res. Area, Chennai - CPCB,,,,,,,,,,,,,,,,,,,,,,,,,,,,,,,,,,,27.94,,,,
10-Jan-2012,00:45,10-Jan-2012,01:00,Tamil Nadu,Chennai,Velachery Res. Area, Chennai - CPCB,,,,,,,,,,,,,,,,,,,,,,,,,,,,,,,,,,,28.06,,,,
10-Jan-2012,01:00,10-Jan-2012,01:15,Tamil Nadu,Chennai,Velachery Res. Area, Chennai - CPCB,,,,,,,,,,,,,,,,,,,,,,,,,,,,,,,,,,,27.96,,,,
10-Jan-2012,01:15,10-Jan-2012,01:30,Tamil Nadu,Chennai,Velachery Res. Area, Chennai - CPCB,,,,,,,,,,,,,,,,,,,,,,,,,,,,,,,,,,,27.83,,,,
10-Jan-2012,01:30,10-Jan-2012,01:45,Tamil Nadu,Chennai,Velachery Res. Area, Chennai - CPCB,,,,,,,,,,,,,,,,,,,,,,,,,,,,,,,,,,,27.87,,,,
10-Jan-2012,01:45,10-Jan-2012,02:00,Tamil Nadu,Chennai,Velachery Res. Area, Chennai - CPCB,,,,,,,,,,,,,,,,,,,,,,,,,,,,,,,,,,,27.93,,,,
10-Jan-2012,02:00,10-Jan-2012,02:15,Tamil Nadu,Chennai,Velachery Res. Area, Chennai - CPCB,,,,,,,,,,,,,,,,,,,,,,,,,,,,,,,,,,,27.91,,,,
10-Jan-2012,02:15,10-Jan-2012,02:30,Tamil Nadu,Chennai,Velachery Res. Area, Chennai - CPCB,,,,,,,,,,,,,,,,,,,,,,,,,,,,,,,,,,,27.92,,,,
10-Jan-2012,02:30,10-Jan-2012,02:45,Tamil Nadu,Chennai,Velachery Res. Area, Chennai - CPCB,,,,,,,,,,,,,,,,,,,,,,,,,,,,,,,,,,,27.98,,,,
10-Jan-2012,02:45,10-Jan-2012,03:00,Tamil Nadu,Chennai,Velachery Res. Area, Chennai - CPCB,,,,,,,,,,,,,,,,,,,,,,,,,,,,,,,,,,,28.06,,,,
10-Jan-2012,03:00,10-Jan-2012,03:15,Tamil Nadu,Chennai,Velachery Res. Area, Chennai - CPCB,,,,,,,,,,,,,,,,,,,,,,,,,,,,,,,,,,,27.93,,,,
10-Jan-2012,03:15,10-Jan-2012,03:30,Tamil Nadu,Chennai,Velachery Res. Area, Chennai - CPCB,,,,,,,,,,,,,,,,,,,,,,,,,,,,,,,,,,,28.02,,,,
10-Jan-2012,03:30,10-Jan-2012,03:45,Tamil Nadu,Chennai,Velachery Res. Area, Chennai - CPCB,,,,,,,,,,,,,,,,,,,,,,,,,,,,,,,,,,,27.95,,,,
10-Jan-2012,03:45,10-Jan-2012,04:00,Tamil Nadu,Chennai,Velachery Res. Area, Chennai - CPCB,,,,,,,,,,,,,,,,,,,,,,,,,,,,,,,,,,,27.98,,,,
10-Jan-2012,04:00,10-Jan-2012,04:15,Tamil Nadu,Chennai,Velachery Res. Area, Chennai - CPCB,,,,,,,,,,,,,,,,,,,,,,,,,,,,,,,,,,,28.02,,,,
10-Jan-2012,04:15,10-Jan-2012,04:30,Tamil Nadu,Chennai,Velachery Res. Area, Chennai - CPCB,,,,,,,,,,,,,,,,,,,,,,,,,,,,,,,,,,,28.13,,,,
10-Jan-2012,04:30,10-Jan-2012,04:45,Tamil Nadu,Chennai,Velachery Res. Area, Chennai - CPCB,,,,,,,,,,,,,,,,,,,,,,,,,,,,,,,,,,,28.09,,,,
10-Jan-2012,04:45,10-Jan-2012,05:00,Tamil Nadu,Chennai,Velachery Res. Area, Chennai - CPCB,,,,,,,,,,,,,,,,,,,,,,,,,,,,,,,,,,,28.05,,,,
10-Jan-2012,05:00,10-Jan-2012,05:15,Tamil Nadu,Chennai,Velachery Res. Area, Chennai - CPCB,,,,,,,,,,,,,,,,,,,,,,,,,,,,,,,,,,,27.98,,,,
10-Jan-2012,05:15,10-Jan-2012,05:30,Tamil Nadu,Chennai,Velachery Res. Area, Chennai - CPCB,,,,,,,,,,,,,,,,,,,,,,,,,,,,,,,,,,,27.91,,,,
10-Jan-2012,05:30,10-Jan-2012,05:45,Tamil Nadu,Chennai,Velachery Res. Area, Chennai - CPCB,,,,,,,,,,,,,,,,,,,,,,,,,,,,,,,,,,,27.96,,,,
10-Jan-2012,05:45,10-Jan-2012,06:00,Tamil Nadu,Chennai,Velachery Res. Area, Chennai - CPCB,,,,,,,,,,,,,,,,,,,,,,,,,,,,,,,,,,,27.99,,,,
10-Jan-2012,06:00,10-Jan-2012,06:15,Tamil Nadu,Chennai,Velachery Res. Area, Chennai - CPCB,,,,,,,,,,,,,,,,,,,,,,,,,,,,,,,,,,,27.98,,,,
10-Jan-2012,06:15,10-Jan-2012,06:30,Tamil Nadu,Chennai,Velachery Res. Area, Chennai - CPCB,,,,,,,,,,,,,,,,,,,,,,,,,,,,,,,,,,,28.08,,,,
10-Jan-2012,06:30,10-Jan-2012,06:45,Tamil Nadu,Chennai,Velachery Res. Area, Chennai - CPCB,,,,,,,,,,,,,,,,,,,,,,,,,,,,,,,,,,,28.04,,,,
10-Jan-2012,06:45,10-Jan-2012,07:00,Tamil Nadu,Chennai,Velachery Res. Area, Chennai - CPCB,,,,,,,,,,,,,,,,,,,,,,,,,,,,,,,,,,,27.98,,,,
10-Jan-2012,07:00,10-Jan-2012,07:15,Tamil Nadu,Chennai,Velachery Res. Area, Chennai - CPCB,,,,,,,,,,,,,,,,,,,,,,,,,,,,,,,,,,,28.18,,,,
10-Jan-2012,07:15,10-Jan-2012,07:30,Tamil Nadu,Chennai,Velachery Res. Area, Chennai - CPCB,,,,,,,,,,,,,,,,,,,,,,,,,,,,,,,,,,,28.84,,,,
10-Jan-2012,07:30,10-Jan-2012,07:45,Tamil Nadu,Chennai,Velachery Res. Area, Chennai - CPCB,,,,,,,,,,,,,,,,,,,,,,,,,,,,,,,,,,,29.15,,,,
10-Jan-2012,07:45,10-Jan-2012,08:00,Tamil Nadu,Chennai,Velachery Res. Area, Chennai - CPCB,,,,,,,,,,,,,,,,,,,,,,,,,,,,,,,,,,,29.63,,,,
10-Jan-2012,08:00,10-Jan-2012,08:15,Tamil Nadu,Chennai,Velachery Res. Area, Chennai - CPCB,,,,,,,,,,,,,,,,,,,,,,,,,,,,,,,,,,,29.51,,,,
10-Jan-2012,08:15,10-Jan-2012,08:30,Tamil Nadu,Chennai,Velachery Res. Area, Chennai - CPCB,,,,,,,,,,,,,,,,,,,,,,,,,,,,,,,,,,,29.28,,,,
10-Jan-2012,08:30,10-Jan-2012,08:45,Tamil Nadu,Chennai,Velachery Res. Area, Chennai - CPCB,,,,,,,,,,,,,,,,,,,,,,,,,,,,,,,,,,,29.77,,,,
10-Jan-2012,08:45,10-Jan-2012,09:00,Tamil Nadu,Chennai,Velachery Res. Area, Chennai - CPCB,,,,,,,,,,,,,,,,,,,,,,,,,,,,,,,,,,,30.19,,,,
10-Jan-2012,09:00,10-Jan-2012,09:15,Tamil Nadu,Chennai,Velachery Res. Area, Chennai - CPCB,,,,,,,,,,,,,,,,,,,,,,,,,,,,,,,,,,,30.26,,,,
10-Jan-2012,09:15,10-Jan-2012,09:30,Tamil Nadu,Chennai,Velachery Res. Area, Chennai - CPCB,,,,,,,,,,,,,,,,,,,,,,,,,,,,,,,,,,,30.33,,,,
10-Jan-2012,09:30,10-Jan-2012,09:45,Tamil Nadu,Chennai,Velachery Res. Area, Chennai - CPCB,,,,,,,,,,,,,,,,,,,,,,,,,,,,,,,,,,,30.0,,,,
10-Jan-2012,09:45,10-Jan-2012,10:00,Tamil Nadu,Chennai,Velachery Res. Area, Chennai - CPCB,,,,,,,,,,,,,,,,,,,,,,,,,,,,,,,,,,,30.46,,,,
10-Jan-2012,10:00,10-Jan-2012,10:15,Tamil Nadu,Chennai,Velachery Res. Area, Chennai - CPCB,,,,,,,,,,,,,,,,,,,,,,,,,,,,,,,,,,,30.54,,,,
10-Jan-2012,10:15,10-Jan-2012,10:30,Tamil Nadu,Chennai,Velachery Res. Area, Chennai - CPCB,,,,,,,,,,,,,,,,,,,,,,,,,,,,,,,,,,,30.24,,,,
10-Jan-2012,10:30,10-Jan-2012,10:45,Tamil Nadu,Chennai,Velachery Res. Area, Chennai - CPCB,,,,,,,,,,,,,,,,,,,,,,,,,,,,,,,,,,,30.33,,,,
10-Jan-2012,10:45,10-Jan-2012,11:00,Tamil Nadu,Chennai,Velachery Res. Area, Chennai - CPCB,,,,,,,,,,,,,,,,,,,,,,,,,,,,,,,,,,,30.57,,,,
10-Jan-2012,11:00,10-Jan-2012,11:15,Tamil Nadu,Chennai,Velachery Res. Area, Chennai - CPCB,,,,,,,,,,,,,,,,,,,,,,,,,,,,,,,,,,,30.63,,,,
10-Jan-2012,11:15,10-Jan-2012,11:30,Tamil Nadu,Chennai,Velachery Res. Area, Chennai - CPCB,,,,,,,,,,,,,,,,,,,,,,,,,,,,,,,,,,,31.16,,,,
10-Jan-2012,11:30,10-Jan-2012,11:45,Tamil Nadu,Chennai,Velachery Res. Area, Chennai - CPCB,,,,,,,,,,,,,,,,,,,,,,,,,,,,,,,,,,,30.98,,,,
10-Jan-2012,11:45,10-Jan-2012,12:00,Tamil Nadu,Chennai,Velachery Res. Area, Chennai - CPCB,,,,,,,,,,,,,,,,,,,,,,,,,,,,,,,,,,,30.85,,,,
10-Jan-2012,12:00,10-Jan-2012,12:15,Tamil Nadu,Chennai,Velachery Res. Area, Chennai - CPCB,,,,,,,,,,,,,,,,,,,,,,,,,,,,,,,,,,,30.83,,,,
10-Jan-2012,12:15,10-Jan-2012,12:30,Tamil Nadu,Chennai,Velachery Res. Area, Chennai - CPCB,,,,,,,,,,,,,,,,,,,,,,,,,,,,,,,,,,,30.86,,,,
10-Jan-2012,12:30,10-Jan-2012,12:45,Tamil Nadu,Chennai,Velachery Res. Area, Chennai - CPCB,,,,,,,,,,,,,,,,,,,,,,,,,,,,,,,,,,,30.84,,,,
10-Jan-2012,12:45,10-Jan-2012,13:00,Tamil Nadu,Chennai,Velachery Res. Area, Chennai - CPCB,,,,,,,,,,,,,,,,,,,,,,,,,,,,,,,,,,,31.07,,,,
10-Jan-2012,13:00,10-Jan-2012,13:15,Tamil Nadu,Chennai,Velachery Res. Area, Chennai - CPCB,,,,,,,,,,,,,,,,,,,,,,,,,,,,,,,,,,,31.18,,,,
10-Jan-2012,13:15,10-Jan-2012,13:30,Tamil Nadu,Chennai,Velachery Res. Area, Chennai - CPCB,,,,,,,,,,,,,,,,,,,,,,,,,,,,,,,,,,,30.74,,,,
10-Jan-2012,13:30,10-Jan-2012,13:45,Tamil Nadu,Chennai,Velachery Res. Area, Chennai - CPCB,,,,,,,,,,,,,,,,,,,,,,,,,,,,,,,,,,,30.91,,,,
10-Jan-2012,13:45,10-Jan-2012,14:00,Tamil Nadu,Chennai,Velachery Res. Area, Chennai - CPCB,,,,,,,,,,,,,,,,,,,,,,,,,,,,,,,,,,,30.91,,,,
10-Jan-2012,14:00,10-Jan-2012,14:15,Tamil Nadu,Chennai,Velachery Res. Area, Chennai - CPCB,,,,,,,,,,,,,,,,,,,,,,,,,,,,,,,,,,,30.67,,,,
10-Jan-2012,14:15,10-Jan-2012,14:30,Tamil Nadu,Chennai,Velachery Res. Area, Chennai - CPCB,,,,,,,,,,,,,,,,,,,,,,,,,,,,,,,,,,,30.48,,,,
10-Jan-2012,14:30,10-Jan-2012,14:45,Tamil Nadu,Chennai,Velachery Res. Area, Chennai - CPCB,,,,,,,,,,,,,,,,,,,,,,,,,,,,,,,,,,,30.81,,,,
10-Jan-2012,14:45,10-Jan-2012,15:00,Tamil Nadu,Chennai,Velachery Res. Area, Chennai - CPCB,,,,,,,,,,,,,,,,,,,,,,,,,,,,,,,,,,,30.75,,,,
10-Jan-2012,15:00,10-Jan-2012,15:15,Tamil Nadu,Chennai,Velachery Res. Area, Chennai - CPCB,,,,,,,,,,,,,,,,,,,,,,,,,,,,,,,,,,,30.44,,,,
10-Jan-2012,15:15,10-Jan-2012,15:30,Tamil Nadu,Chennai,Velachery Res. Area, Chennai - CPCB,,,,,,,,,,,,,,,,,,,,,,,,,,,,,,,,,,,30.21,,,,
10-Jan-2012,15:30,10-Jan-2012,15:45,Tamil Nadu,Chennai,Velachery Res. Area, Chennai - CPCB,,,,,,,,,,,,,,,,,,,,,,,,,,,,,,,,,,,29.99,,,,
10-Jan-2012,15:45,10-Jan-2012,16:00,Tamil Nadu,Chennai,Velachery Res. Area, Chennai - CPCB,,,,,,,,,,,,,,,,,,,,,,,,,,,,,,,,,,,29.95,,,,
10-Jan-2012,16:00,10-Jan-2012,16:15,Tamil Nadu,Chennai,Velachery Res. Area, Chennai - CPCB,,,,,,,,,,,,,,,,,,,,,,,,,,,,,,,,,,,29.77,,,,
10-Jan-2012,16:15,10-Jan-2012,16:30,Tamil Nadu,Chennai,Velachery Res. Area, Chennai - CPCB,,,,,,,,,,,,,,,,,,,,,,,,,,,,,,,,,,,29.42,,,,
10-Jan-2012,16:30,10-Jan-2012,16:45,Tamil Nadu,Chennai,Velachery Res. Area, Chennai - CPCB,,,,,,,,,,,,,,,,,,,,,,,,,,,,,,,,,,,29.46,,,,
10-Jan-2012,16:45,10-Jan-2012,17:00,Tamil Nadu,Chennai,Velachery Res. Area, Chennai - CPCB,,,,,,,,,,,,,,,,,,,,,,,,,,,,,,,,,,,29.5,,,,
10-Jan-2012,17:00,10-Jan-2012,17:15,Tamil Nadu,Chennai,Velachery Res. Area, Chennai - CPCB,,,,,,,,,,,,,,,,,,,,,,,,,,,,,,,,,,,29.38,,,,
10-Jan-2012,17:15,10-Jan-2012,17:30,Tamil Nadu,Chennai,Velachery Res. Area, Chennai - CPCB,,,,,,,,,,,,,,,,,,,,,,,,,,,,,,,,,,,29.3,,,,
10-Jan-2012,17:30,10-Jan-2012,17:45,Tamil Nadu,Chennai,Velachery Res. Area, Chennai - CPCB,,,,,,,,,,,,,,,,,,,,,,,,,,,,,,,,,,,29.03,,,,
10-Jan-2012,17:45,10-Jan-2012,18:00,Tamil Nadu,Chennai,Velachery Res. Area, Chennai - CPCB,,,,,,,,,,,,,,,,,,,,,,,,,,,,,,,,,,,28.86,,,,
10-Jan-2012,18:00,10-Jan-2012,18:15,Tamil Nadu,Chennai,Velachery Res. Area, Chennai - CPCB,,,,,,,,,,,,,,,,,,,,,,,,,,,,,,,,,,,28.88,,,,
10-Jan-2012,18:15,10-Jan-2012,18:30,Tamil Nadu,Chennai,Velachery Res. Area, Chennai - CPCB,,,,,,,,,,,,,,,,,,,,,,,,,,,,,,,,,,,28.66,,,,
10-Jan-2012,18:30,10-Jan-2012,18:45,Tamil Nadu,Chennai,Velachery Res. Area, Chennai - CPCB,,,,,,,,,,,,,,,,,,,,,,,,,,,,,,,,,,,28.73,,,,
10-Jan-2012,18:45,10-Jan-2012,19:00,Tamil Nadu,Chennai,Velachery Res. Area, Chennai - CPCB,,,,,,,,,,,,,,,,,,,,,,,,,,,,,,,,,,,28.64,,,,
10-Jan-2012,19:00,10-Jan-2012,19:15,Tamil Nadu,Chennai,Velachery Res. Area, Chennai - CPCB,,,,,,,,,,,,,,,,,,,,,,,,,,,,,,,,,,,28.53,,,,
10-Jan-2012,19:15,10-Jan-2012,19:30,Tamil Nadu,Chennai,Velachery Res. Area, Chennai - CPCB,,,,,,,,,,,,,,,,,,,,,,,,,,,,,,,,,,,28.47,,,,
10-Jan-2012,19:30,10-Jan-2012,19:45,Tamil Nadu,Chennai,Velachery Res. Area, Chennai - CPCB,,,,,,,,,,,,,,,,,,,,,,,,,,,,,,,,,,,28.48,,,,
10-Jan-2012,19:45,10-Jan-2012,20:00,Tamil Nadu,Chennai,Velachery Res. Area, Chennai - CPCB,,,,,,,,,,,,,,,,,,,,,,,,,,,,,,,,,,,28.38,,,,
10-Jan-2012,20:00,10-Jan-2012,20:15,Tamil Nadu,Chennai,Velachery Res. Area, Chennai - CPCB,,,,,,,,,,,,,,,,,,,,,,,,,,,,,,,,,,,28.36,,,,
10-Jan-2012,20:15,10-Jan-2012,20:30,Tamil Nadu,Chennai,Velachery Res. Area, Chennai - CPCB,,,,,,,,,,,,,,,,,,,,,,,,,,,,,,,,,,,28.3,,,,
10-Jan-2012,20:30,10-Jan-2012,20:45,Tamil Nadu,Chennai,Velachery Res. Area, Chennai - CPCB,,,,,,,,,,,,,,,,,,,,,,,,,,,,,,,,,,,28.19,,,,
10-Jan-2012,20:45,10-Jan-2012,21:00,Tamil Nadu,Chennai,Velachery Res. Area, Chennai - CPCB,,,,,,,,,,,,,,,,,,,,,,,,,,,,,,,,,,,28.26,,,,
10-Jan-2012,21:00,10-Jan-2012,21:15,Tamil Nadu,Chennai,Velachery Res. Area, Chennai - CPCB,,,,,,,,,,,,,,,,,,,,,,,,,,,,,,,,,,,28.09,,,,
10-Jan-2012,21:15,10-Jan-2012,21:30,Tamil Nadu,Chennai,Velachery Res. Area, Chennai - CPCB,,,,,,,,,,,,,,,,,,,,,,,,,,,,,,,,,,,28.26,,,,
10-Jan-2012,21:30,10-Jan-2012,21:45,Tamil Nadu,Chennai,Velachery Res. Area, Chennai - CPCB,,,,,,,,,,,,,,,,,,,,,,,,,,,,,,,,,,,28.19,,,,
10-Jan-2012,21:45,10-Jan-2012,22:00,Tamil Nadu,Chennai,Velachery Res. Area, Chennai - CPCB,,,,,,,,,,,,,,,,,,,,,,,,,,,,,,,,,,,28.25,,,,
10-Jan-2012,22:00,10-Jan-2012,22:15,Tamil Nadu,Chennai,Velachery Res. Area, Chennai - CPCB,,,,,,,,,,,,,,,,,,,,,,,,,,,,,,,,,,,28.32,,,,
10-Jan-2012,22:15,10-Jan-2012,22:30,Tamil Nadu,Chennai,Velachery Res. Area, Chennai - CPCB,,,,,,,,,,,,,,,,,,,,,,,,,,,,,,,,,,,28.32,,,,
10-Jan-2012,22:30,10-Jan-2012,22:45,Tamil Nadu,Chennai,Velachery Res. Area, Chennai - CPCB,,,,,,,,,,,,,,,,,,,,,,,,,,,,,,,,,,,28.28,,,,
10-Jan-2012,22:45,10-Jan-2012,23:00,Tamil Nadu,Chennai,Velachery Res. Area, Chennai - CPCB,,,,,,,,,,,,,,,,,,,,,,,,,,,,,,,,,,,28.17,,,,
10-Jan-2012,23:00,10-Jan-2012,23:15,Tamil Nadu,Chennai,Velachery Res. Area, Chennai - CPCB,,,,,,,,,,,,,,,,,,,,,,,,,,,,,,,,,,,28.09,,,,
10-Jan-2012,23:15,10-Jan-2012,23:30,Tamil Nadu,Chennai,Velachery Res. Area, Chennai - CPCB,,,,,,,,,,,,,,,,,,,,,,,,,,,,,,,,,,,28.01,,,,
10-Jan-2012,23:30,10-Jan-2012,23:45,Tamil Nadu,Chennai,Velachery Res. Area, Chennai - CPCB,,,,,,,,,,,,,,,,,,,,,,,,,,,,,,,,,,,27.91,,,,
10-Jan-2012,23:45,11-Jan-2012,00:00,Tamil Nadu,Chennai,Velachery Res. Area, Chennai - CPCB,,,,,,,,,,,,,,,,,,,,,,,,,,,,,,,,,,,27.65,,,,
11-Jan-2012,00:00,11-Jan-2012,00:15,Tamil Nadu,Chennai,Velachery Res. Area, Chennai - CPCB,,,,,,,,,,,,,,,,,,,,,,,,,,,,,,,,,,,27.43,,,,
11-Jan-2012,00:15,11-Jan-2012,00:30,Tamil Nadu,Chennai,Velachery Res. Area, Chennai - CPCB,,,,,,,,,,,,,,,,,,,,,,,,,,,,,,,,,,,27.51,,,,
11-Jan-2012,00:30,11-Jan-2012,00:45,Tamil Nadu,Chennai,Velachery Res. Area, Chennai - CPCB,,,,,,,,,,,,,,,,,,,,,,,,,,,,,,,,,,,27.64,,,,
11-Jan-2012,00:45,11-Jan-2012,01:00,Tamil Nadu,Chennai,Velachery Res. Area, Chennai - CPCB,,,,,,,,,,,,,,,,,,,,,,,,,,,,,,,,,,,27.67,,,,
11-Jan-2012,01:00,11-Jan-2012,01:15,Tamil Nadu,Chennai,Velachery Res. Area, Chennai - CPCB,,,,,,,,,,,,,,,,,,,,,,,,,,,,,,,,,,,27.82,,,,
11-Jan-2012,01:15,11-Jan-2012,01:30,Tamil Nadu,Chennai,Velachery Res. Area, Chennai - CPCB,,,,,,,,,,,,,,,,,,,,,,,,,,,,,,,,,,,27.76,,,,
11-Jan-2012,01:30,11-Jan-2012,01:45,Tamil Nadu,Chennai,Velachery Res. Area, Chennai - CPCB,,,,,,,,,,,,,,,,,,,,,,,,,,,,,,,,,,,27.86,,,,
11-Jan-2012,01:45,11-Jan-2012,02:00,Tamil Nadu,Chennai,Velachery Res. Area, Chennai - CPCB,,,,,,,,,,,,,,,,,,,,,,,,,,,,,,,,,,,27.78,,,,
11-Jan-2012,02:00,11-Jan-2012,02:15,Tamil Nadu,Chennai,Velachery Res. Area, Chennai - CPCB,,,,,,,,,,,,,,,,,,,,,,,,,,,,,,,,,,,27.61,,,,
11-Jan-2012,02:15,11-Jan-2012,02:30,Tamil Nadu,Chennai,Velachery Res. Area, Chennai - CPCB,,,,,,,,,,,,,,,,,,,,,,,,,,,,,,,,,,,27.39,,,,
11-Jan-2012,02:30,11-Jan-2012,02:45,Tamil Nadu,Chennai,Velachery Res. Area, Chennai - CPCB,,,,,,,,,,,,,,,,,,,,,,,,,,,,,,,,,,,27.22,,,,
11-Jan-2012,02:45,11-Jan-2012,03:00,Tamil Nadu,Chennai,Velachery Res. Area, Chennai - CPCB,,,,,,,,,,,,,,,,,,,,,,,,,,,,,,,,,,,27.25,,,,
11-Jan-2012,03:00,11-Jan-2012,03:15,Tamil Nadu,Chennai,Velachery Res. Area, Chennai - CPCB,,,,,,,,,,,,,,,,,,,,,,,,,,,,,,,,,,,27.14,,,,
11-Jan-2012,03:15,11-Jan-2012,03:30,Tamil Nadu,Chennai,Velachery Res. Area, Chennai - CPCB,,,,,,,,,,,,,,,,,,,,,,,,,,,,,,,,,,,27.12,,,,
11-Jan-2012,03:30,11-Jan-2012,03:45,Tamil Nadu,Chennai,Velachery Res. Area, Chennai - CPCB,,,,,,,,,,,,,,,,,,,,,,,,,,,,,,,,,,,27.13,,,,
11-Jan-2012,03:45,11-Jan-2012,04:00,Tamil Nadu,Chennai,Velachery Res. Area, Chennai - CPCB,,,,,,,,,,,,,,,,,,,,,,,,,,,,,,,,,,,27.11,,,,
11-Jan-2012,04:00,11-Jan-2012,04:15,Tamil Nadu,Chennai,Velachery Res. Area, Chennai - CPCB,,,,,,,,,,,,,,,,,,,,,,,,,,,,,,,,,,,27.13,,,,
11-Jan-2012,04:15,11-Jan-2012,04:30,Tamil Nadu,Chennai,Velachery Res. Area, Chennai - CPCB,,,,,,,,,,,,,,,,,,,,,,,,,,,,,,,,,,,27.06,,,,
11-Jan-2012,04:30,11-Jan-2012,04:45,Tamil Nadu,Chennai,Velachery Res. Area, Chennai - CPCB,,,,,,,,,,,,,,,,,,,,,,,,,,,,,,,,,,,27.18,,,,
11-Jan-2012,04:45,11-Jan-2012,05:00,Tamil Nadu,Chennai,Velachery Res. Area, Chennai - CPCB,,,,,,,,,,,,,,,,,,,,,,,,,,,,,,,,,,,27.36,,,,
11-Jan-2012,05:00,11-Jan-2012,05:15,Tamil Nadu,Chennai,Velachery Res. Area, Chennai - CPCB,,,,,,,,,,,,,,,,,,,,,,,,,,,,,,,,,,,27.43,,,,
11-Jan-2012,05:15,11-Jan-2012,05:30,Tamil Nadu,Chennai,Velachery Res. Area, Chennai - CPCB,,,,,,,,,,,,,,,,,,,,,,,,,,,,,,,,,,,27.57,,,,
11-Jan-2012,05:30,11-Jan-2012,05:45,Tamil Nadu,Chennai,Velachery Res. Area, Chennai - CPCB,,,,,,,,,,,,,,,,,,,,,,,,,,,,,,,,,,,27.63,,,,
11-Jan-2012,05:45,11-Jan-2012,06:00,Tamil Nadu,Chennai,Velachery Res. Area, Chennai - CPCB,,,,,,,,,,,,,,,,,,,,,,,,,,,,,,,,,,,27.74,,,,
11-Jan-2012,06:00,11-Jan-2012,06:15,Tamil Nadu,Chennai,Velachery Res. Area, Chennai - CPCB,,,,,,,,,,,,,,,,,,,,,,,,,,,,,,,,,,,27.87,,,,
11-Jan-2012,06:15,11-Jan-2012,06:30,Tamil Nadu,Chennai,Velachery Res. Area, Chennai - CPCB,,,,,,,,,,,,,,,,,,,,,,,,,,,,,,,,,,,27.78,,,,
11-Jan-2012,06:30,11-Jan-2012,06:45,Tamil Nadu,Chennai,Velachery Res. Area, Chennai - CPCB,,,,,,,,,,,,,,,,,,,,,,,,,,,,,,,,,,,27.54,,,,
11-Jan-2012,06:45,11-Jan-2012,07:00,Tamil Nadu,Chennai,Velachery Res. Area, Chennai - CPCB,,,,,,,,,,,,,,,,,,,,,,,,,,,,,,,,,,,27.66,,,,
11-Jan-2012,07:00,11-Jan-2012,07:15,Tamil Nadu,Chennai,Velachery Res. Area, Chennai - CPCB,,,,,,,,,,,,,,,,,,,,,,,,,,,,,,,,,,,27.54,,,,
11-Jan-2012,07:15,11-Jan-2012,07:30,Tamil Nadu,Chennai,Velachery Res. Area, Chennai - CPCB,,,,,,,,,,,,,,,,,,,,,,,,,,,,,,,,,,,27.65,,,,
11-Jan-2012,07:30,11-Jan-2012,07:45,Tamil Nadu,Chennai,Velachery Res. Area, Chennai - CPCB,,,,,,,,,,,,,,,,,,,,,,,,,,,,,,,,,,,28.14,,,,
11-Jan-2012,07:45,11-Jan-2012,08:00,Tamil Nadu,Chennai,Velachery Res. Area, Chennai - CPCB,,,,,,,,,,,,,,,,,,,,,,,,,,,,,,,,,,,28.67,,,,
11-Jan-2012,08:00,11-Jan-2012,08:15,Tamil Nadu,Chennai,Velachery Res. Area, Chennai - CPCB,,,,,,,,,,,,,,,,,,,,,,,,,,,,,,,,,,,29.05,,,,
11-Jan-2012,08:15,11-Jan-2012,08:30,Tamil Nadu,Chennai,Velachery Res. Area, Chennai - CPCB,,,,,,,,,,,,,,,,,,,,,,,,,,,,,,,,,,,28.99,,,,
11-Jan-2012,08:30,11-Jan-2012,08:45,Tamil Nadu,Chennai,Velachery Res. Area, Chennai - CPCB,,,,,,,,,,,,,,,,,,,,,,,,,,,,,,,,,,,29.21,,,,
11-Jan-2012,08:45,11-Jan-2012,09:00,Tamil Nadu,Chennai,Velachery Res. Area, Chennai - CPCB,,,,,,,,,,,,,,,,,,,,,,,,,,,,,,,,,,,29.66,,,,
11-Jan-2012,09:00,11-Jan-2012,09:15,Tamil Nadu,Chennai,Velachery Res. Area, Chennai - CPCB,,,,,,,,,,,,,,,,,,,,,,,,,,,,,,,,,,,29.74,,,,
11-Jan-2012,09:15,11-Jan-2012,09:30,Tamil Nadu,Chennai,Velachery Res. Area, Chennai - CPCB,,,,,,,,,,,,,,,,,,,,,,,,,,,,,,,,,,,29.65,,,,
11-Jan-2012,09:30,11-Jan-2012,09:45,Tamil Nadu,Chennai,Velachery Res. Area, Chennai - CPCB,,,,,,,,,,,,,,,,,,,,,,,,,,,,,,,,,,,29.83,,,,
11-Jan-2012,09:45,11-Jan-2012,10:00,Tamil Nadu,Chennai,Velachery Res. Area, Chennai - CPCB,,,,,,,,,,,,,,,,,,,,,,,,,,,,,,,,,,,29.99,,,,
11-Jan-2012,10:00,11-Jan-2012,10:15,Tamil Nadu,Chennai,Velachery Res. Area, Chennai - CPCB,,,,,,,,,,,,,,,,,,,,,,,,,,,,,,,,,,,30.02,,,,
11-Jan-2012,10:15,11-Jan-2012,10:30,Tamil Nadu,Chennai,Velachery Res. Area, Chennai - CPCB,,,,,,,,,,,,,,,,,,,,,,,,,,,,,,,,,,,30.1,,,,
11-Jan-2012,10:30,11-Jan-2012,10:45,Tamil Nadu,Chennai,Velachery Res. Area, Chennai - CPCB,,,,,,,,,,,,,,,,,,,,,,,,,,,,,,,,,,,30.16,,,,
11-Jan-2012,10:45,11-Jan-2012,11:00,Tamil Nadu,Chennai,Velachery Res. Area, Chennai - CPCB,,,,,,,,,,,,,,,,,,,,,,,,,,,,,,,,,,,29.97,,,,
11-Jan-2012,11:00,11-Jan-2012,11:15,Tamil Nadu,Chennai,Velachery Res. Area, Chennai - CPCB,,,,,,,,,,,,,,,,,,,,,,,,,,,,,,,,,,,30.1,,,,
11-Jan-2012,11:15,11-Jan-2012,11:30,Tamil Nadu,Chennai,Velachery Res. Area, Chennai - CPCB,,,,,,,,,,,,,,,,,,,,,,,,,,,,,,,,,,,29.63,,,,
11-Jan-2012,11:30,11-Jan-2012,11:45,Tamil Nadu,Chennai,Velachery Res. Area, Chennai - CPCB,,,,,,,,,,,,,,,,,,,,,,,,,,,,,,,,,,,29.74,,,,
11-Jan-2012,11:45,11-Jan-2012,12:00,Tamil Nadu,Chennai,Velachery Res. Area, Chennai - CPCB,,,,,,,,,,,,,,,,,,,,,,,,,,,,,,,,,,,30.19,,,,
11-Jan-2012,12:00,11-Jan-2012,12:15,Tamil Nadu,Chennai,Velachery Res. Area, Chennai - CPCB,,,,,,,,,,,,,,,,,,,,,,,,,,,,,,,,,,,30.17,,,,
11-Jan-2012,12:15,11-Jan-2012,12:30,Tamil Nadu,Chennai,Velachery Res. Area, Chennai - CPCB,,,,,,,,,,,,,,,,,,,,,,,,,,,,,,,,,,,30.16,,,,
11-Jan-2012,12:30,11-Jan-2012,12:45,Tamil Nadu,Chennai,Velachery Res. Area, Chennai - CPCB,,,,,,,,,,,,,,,,,,,,,,,,,,,,,,,,,,,30.38,,,,
11-Jan-2012,12:45,11-Jan-2012,13:00,Tamil Nadu,Chennai,Velachery Res. Area, Chennai - CPCB,,,,,,,,,,,,,,,,,,,,,,,,,,,,,,,,,,,30.4,,,,
11-Jan-2012,13:00,11-Jan-2012,13:15,Tamil Nadu,Chennai,Velachery Res. Area, Chennai - CPCB,,,,,,,,,,,,,,,,,,,,,,,,,,,,,,,,,,,30.47,,,,
11-Jan-2012,13:15,11-Jan-2012,13:30,Tamil Nadu,Chennai,Velachery Res. Area, Chennai - CPCB,,,,,,,,,,,,,,,,,,,,,,,,,,,,,,,,,,,30.37,,,,
11-Jan-2012,13:30,11-Jan-2012,13:45,Tamil Nadu,Chennai,Velachery Res. Area, Chennai - CPCB,,,,,,,,,,,,,,,,,,,,,,,,,,,,,,,,,,,30.34,,,,
11-Jan-2012,13:45,11-Jan-2012,14:00,Tamil Nadu,Chennai,Velachery Res. Area, Chennai - CPCB,,,,,,,,,,,,,,,,,,,,,,,,,,,,,,,,,,,30.47,,,,
11-Jan-2012,14:00,11-Jan-2012,14:15,Tamil Nadu,Chennai,Velachery Res. Area, Chennai - CPCB,,,,,,,,,,,,,,,,,,,,,,,,,,,,,,,,,,,30.6,,,,
11-Jan-2012,14:15,11-Jan-2012,14:30,Tamil Nadu,Chennai,Velachery Res. Area, Chennai - CPCB,,,,,,,,,,,,,,,,,,,,,,,,,,,,,,,,,,,29.82,,,,
11-Jan-2012,14:30,11-Jan-2012,14:45,Tamil Nadu,Chennai,Velachery Res. Area, Chennai - CPCB,,,,,,,,,,,,,,,,,,,,,,,,,,,,,,,,,,,29.55,,,,
11-Jan-2012,14:45,11-Jan-2012,15:00,Tamil Nadu,Chennai,Velachery Res. Area, Chennai - CPCB,,,,,,,,,,,,,,,,,,,,,,,,,,,,,,,,,,,29.35,,,,
11-Jan-2012,15:00,11-Jan-2012,15:15,Tamil Nadu,Chennai,Velachery Res. Area, Chennai - CPCB,,,,,,,,,,,,,,,,,,,,,,,,,,,,,,,,,,,29.73,,,,
11-Jan-2012,15:15,11-Jan-2012,15:30,Tamil Nadu,Chennai,Velachery Res. Area, Chennai - CPCB,,,,,,,,,,,,,,,,,,,,,,,,,,,,,,,,,,,29.82,,,,
11-Jan-2012,15:30,11-Jan-2012,15:45,Tamil Nadu,Chennai,Velachery Res. Area, Chennai - CPCB,,,,,,,,,,,,,,,,,,,,,,,,,,,,,,,,,,,29.85,,,,
11-Jan-2012,15:45,11-Jan-2012,16:00,Tamil Nadu,Chennai,Velachery Res. Area, Chennai - CPCB,,,,,,,,,,,,,,,,,,,,,,,,,,,,,,,,,,,29.53,,,,
11-Jan-2012,16:00,11-Jan-2012,16:15,Tamil Nadu,Chennai,Velachery Res. Area, Chennai - CPCB,,,,,,,,,,,,,,,,,,,,,,,,,,,,,,,,,,,29.48,,,,
11-Jan-2012,16:15,11-Jan-2012,16:30,Tamil Nadu,Chennai,Velachery Res. Area, Chennai - CPCB,,,,,,,,,,,,,,,,,,,,,,,,,,,,,,,,,,,29.15,,,,
11-Jan-2012,16:30,11-Jan-2012,16:45,Tamil Nadu,Chennai,Velachery Res. Area, Chennai - CPCB,,,,,,,,,,,,,,,,,,,,,,,,,,,,,,,,,,,28.96,,,,
11-Jan-2012,16:45,11-Jan-2012,17:00,Tamil Nadu,Chennai,Velachery Res. Area, Chennai - CPCB,,,,,,,,,,,,,,,,,,,,,,,,,,,,,,,,,,,28.79,,,,
11-Jan-2012,17:00,11-Jan-2012,17:15,Tamil Nadu,Chennai,Velachery Res. Area, Chennai - CPCB,,,,,,,,,,,,,,,,,,,,,,,,,,,,,,,,,,,28.43,,,,
11-Jan-2012,17:15,11-Jan-2012,17:30,Tamil Nadu,Chennai,Velachery Res. Area, Chennai - CPCB,,,,,,,,,,,,,,,,,,,,,,,,,,,,,,,,,,,28.37,,,,
11-Jan-2012,17:30,11-Jan-2012,17:45,Tamil Nadu,Chennai,Velachery Res. Area, Chennai - CPCB,,,,,,,,,,,,,,,,,,,,,,,,,,,,,,,,,,,28.37,,,,
11-Jan-2012,17:45,11-Jan-2012,18:00,Tamil Nadu,Chennai,Velachery Res. Area, Chennai - CPCB,,,,,,,,,,,,,,,,,,,,,,,,,,,,,,,,,,,28.29,,,,
11-Jan-2012,18:00,11-Jan-2012,18:15,Tamil Nadu,Chennai,Velachery Res. Area, Chennai - CPCB,,,,,,,,,,,,,,,,,,,,,,,,,,,,,,,,,,,27.17,,,,
11-Jan-2012,18:15,11-Jan-2012,18:30,Tamil Nadu,Chennai,Velachery Res. Area, Chennai - CPCB,,,,,,,,,,,,,,,,,,,,,,,,,,,,,,,,,,,26.32,,,,
11-Jan-2012,18:30,11-Jan-2012,18:45,Tamil Nadu,Chennai,Velachery Res. Area, Chennai - CPCB,,,,,,,,,,,,,,,,,,,,,,,,,,,,,,,,,,,26.03,,,,
11-Jan-2012,18:45,11-Jan-2012,19:00,Tamil Nadu,Chennai,Velachery Res. Area, Chennai - CPCB,,,,,,,,,,,,,,,,,,,,,,,,,,,,,,,,,,,25.99,,,,
11-Jan-2012,19:00,11-Jan-2012,19:15,Tamil Nadu,Chennai,Velachery Res. Area, Chennai - CPCB,,,,,,,,,,,,,,,,,,,,,,,,,,,,,,,,,,,26.23,,,,
11-Jan-2012,19:15,11-Jan-2012,19:30,Tamil Nadu,Chennai,Velachery Res. Area, Chennai - CPCB,,,,,,,,,,,,,,,,,,,,,,,,,,,,,,,,,,,26.1,,,,
11-Jan-2012,19:30,11-Jan-2012,19:45,Tamil Nadu,Chennai,Velachery Res. Area, Chennai - CPCB,,,,,,,,,,,,,,,,,,,,,,,,,,,,,,,,,,,25.96,,,,
11-Jan-2012,19:45,11-Jan-2012,20:00,Tamil Nadu,Chennai,Velachery Res. Area, Chennai - CPCB,,,,,,,,,,,,,,,,,,,,,,,,,,,,,,,,,,,25.92,,,,
11-Jan-2012,20:00,11-Jan-2012,20:15,Tamil Nadu,Chennai,Velachery Res. Area, Chennai - CPCB,,,,,,,,,,,,,,,,,,,,,,,,,,,,,,,,,,,25.84,,,,
11-Jan-2012,20:15,11-Jan-2012,20:30,Tamil Nadu,Chennai,Velachery Res. Area, Chennai - CPCB,,,,,,,,,,,,,,,,,,,,,,,,,,,,,,,,,,,25.95,,,,
11-Jan-2012,20:30,11-Jan-2012,20:45,Tamil Nadu,Chennai,Velachery Res. Area, Chennai - CPCB,,,,,,,,,,,,,,,,,,,,,,,,,,,,,,,,,,,25.87,,,,
11-Jan-2012,20:45,11-Jan-2012,21:00,Tamil Nadu,Chennai,Velachery Res. Area, Chennai - CPCB,,,,,,,,,,,,,,,,,,,,,,,,,,,,,,,,,,,25.95,,,,
11-Jan-2012,21:00,11-Jan-2012,21:15,Tamil Nadu,Chennai,Velachery Res. Area, Chennai - CPCB,,,,,,,,,,,,,,,,,,,,,,,,,,,,,,,,,,,26.04,,,,
11-Jan-2012,21:15,11-Jan-2012,21:30,Tamil Nadu,Chennai,Velachery Res. Area, Chennai - CPCB,,,,,,,,,,,,,,,,,,,,,,,,,,,,,,,,,,,26.09,,,,
11-Jan-2012,21:30,11-Jan-2012,21:45,Tamil Nadu,Chennai,Velachery Res. Area, Chennai - CPCB,,,,,,,,,,,,,,,,,,,,,,,,,,,,,,,,,,,26.0,,,,
11-Jan-2012,21:45,11-Jan-2012,22:00,Tamil Nadu,Chennai,Velachery Res. Area, Chennai - CPCB,,,,,,,,,,,,,,,,,,,,,,,,,,,,,,,,,,,26.1,,,,
11-Jan-2012,22:00,11-Jan-2012,22:15,Tamil Nadu,Chennai,Velachery Res. Area, Chennai - CPCB,,,,,,,,,,,,,,,,,,,,,,,,,,,,,,,,,,,26.41,,,,
11-Jan-2012,22:15,11-Jan-2012,22:30,Tamil Nadu,Chennai,Velachery Res. Area, Chennai - CPCB,,,,,,,,,,,,,,,,,,,,,,,,,,,,,,,,,,,26.62,,,,
11-Jan-2012,22:30,11-Jan-2012,22:45,Tamil Nadu,Chennai,Velachery Res. Area, Chennai - CPCB,,,,,,,,,,,,,,,,,,,,,,,,,,,,,,,,,,,26.72,,,,
11-Jan-2012,22:45,11-Jan-2012,23:00,Tamil Nadu,Chennai,Velachery Res. Area, Chennai - CPCB,,,,,,,,,,,,,,,,,,,,,,,,,,,,,,,,,,,26.82,,,,
11-Jan-2012,23:00,11-Jan-2012,23:15,Tamil Nadu,Chennai,Velachery Res. Area, Chennai - CPCB,,,,,,,,,,,,,,,,,,,,,,,,,,,,,,,,,,,26.48,,,,
11-Jan-2012,23:15,11-Jan-2012,23:30,Tamil Nadu,Chennai,Velachery Res. Area, Chennai - CPCB,,,,,,,,,,,,,,,,,,,,,,,,,,,,,,,,,,,26.39,,,,
11-Jan-2012,23:30,11-Jan-2012,23:45,Tamil Nadu,Chennai,Velachery Res. Area, Chennai - CPCB,,,,,,,,,,,,,,,,,,,,,,,,,,,,,,,,,,,26.39,,,,
11-Jan-2012,23:45,12-Jan-2012,00:00,Tamil Nadu,Chennai,Velachery Res. Area, Chennai - CPCB,,,,,,,,,,,,,,,,,,,,,,,,,,,,,,,,,,,26.4,,,,
12-Jan-2012,00:00,12-Jan-2012,00:15,Tamil Nadu,Chennai,Velachery Res. Area, Chennai - CPCB,,,,,,,,,,,,,,,,,,,,,,,,,,,,,,,,,,,26.36,,,,
12-Jan-2012,00:15,12-Jan-2012,00:30,Tamil Nadu,Chennai,Velachery Res. Area, Chennai - CPCB,,,,,,,,,,,,,,,,,,,,,,,,,,,,,,,,,,,26.25,,,,
12-Jan-2012,00:30,12-Jan-2012,00:45,Tamil Nadu,Chennai,Velachery Res. Area, Chennai - CPCB,,,,,,,,,,,,,,,,,,,,,,,,,,,,,,,,,,,26.08,,,,
12-Jan-2012,00:45,12-Jan-2012,01:00,Tamil Nadu,Chennai,Velachery Res. Area, Chennai - CPCB,,,,,,,,,,,,,,,,,,,,,,,,,,,,,,,,,,,25.91,,,,
12-Jan-2012,01:00,12-Jan-2012,01:15,Tamil Nadu,Chennai,Velachery Res. Area, Chennai - CPCB,,,,,,,,,,,,,,,,,,,,,,,,,,,,,,,,,,,25.74,,,,
12-Jan-2012,01:15,12-Jan-2012,01:30,Tamil Nadu,Chennai,Velachery Res. Area, Chennai - CPCB,,,,,,,,,,,,,,,,,,,,,,,,,,,,,,,,,,,25.56,,,,
12-Jan-2012,01:30,12-Jan-2012,01:45,Tamil Nadu,Chennai,Velachery Res. Area, Chennai - CPCB,,,,,,,,,,,,,,,,,,,,,,,,,,,,,,,,,,,25.35,,,,
12-Jan-2012,01:45,12-Jan-2012,02:00,Tamil Nadu,Chennai,Velachery Res. Area, Chennai - CPCB,,,,,,,,,,,,,,,,,,,,,,,,,,,,,,,,,,,25.23,,,,
12-Jan-2012,02:00,12-Jan-2012,02:15,Tamil Nadu,Chennai,Velachery Res. Area, Chennai - CPCB,,,,,,,,,,,,,,,,,,,,,,,,,,,,,,,,,,,25.06,,,,
12-Jan-2012,02:15,12-Jan-2012,02:30,Tamil Nadu,Chennai,Velachery Res. Area, Chennai - CPCB,,,,,,,,,,,,,,,,,,,,,,,,,,,,,,,,,,,24.91,,,,
12-Jan-2012,02:30,12-Jan-2012,02:45,Tamil Nadu,Chennai,Velachery Res. Area, Chennai - CPCB,,,,,,,,,,,,,,,,,,,,,,,,,,,,,,,,,,,24.9,,,,
12-Jan-2012,02:45,12-Jan-2012,03:00,Tamil Nadu,Chennai,Velachery Res. Area, Chennai - CPCB,,,,,,,,,,,,,,,,,,,,,,,,,,,,,,,,,,,24.79,,,,
12-Jan-2012,03:00,12-Jan-2012,03:15,Tamil Nadu,Chennai,Velachery Res. Area, Chennai - CPCB,,,,,,,,,,,,,,,,,,,,,,,,,,,,,,,,,,,24.7,,,,
12-Jan-2012,03:15,12-Jan-2012,03:30,Tamil Nadu,Chennai,Velachery Res. Area, Chennai - CPCB,,,,,,,,,,,,,,,,,,,,,,,,,,,,,,,,,,,24.53,,,,
12-Jan-2012,03:30,12-Jan-2012,03:45,Tamil Nadu,Chennai,Velachery Res. Area, Chennai - CPCB,,,,,,,,,,,,,,,,,,,,,,,,,,,,,,,,,,,24.6,,,,
12-Jan-2012,03:45,12-Jan-2012,04:00,Tamil Nadu,Chennai,Velachery Res. Area, Chennai - CPCB,,,,,,,,,,,,,,,,,,,,,,,,,,,,,,,,,,,24.56,,,,
12-Jan-2012,04:00,12-Jan-2012,04:15,Tamil Nadu,Chennai,Velachery Res. Area, Chennai - CPCB,,,,,,,,,,,,,,,,,,,,,,,,,,,,,,,,,,,24.42,,,,
12-Jan-2012,04:15,12-Jan-2012,04:30,Tamil Nadu,Chennai,Velachery Res. Area, Chennai - CPCB,,,,,,,,,,,,,,,,,,,,,,,,,,,,,,,,,,,24.4,,,,
12-Jan-2012,04:30,12-Jan-2012,04:45,Tamil Nadu,Chennai,Velachery Res. Area, Chennai - CPCB,,,,,,,,,,,,,,,,,,,,,,,,,,,,,,,,,,,24.39,,,,
12-Jan-2012,04:45,12-Jan-2012,05:00,Tamil Nadu,Chennai,Velachery Res. Area, Chennai - CPCB,,,,,,,,,,,,,,,,,,,,,,,,,,,,,,,,,,,24.4,,,,
12-Jan-2012,05:00,12-Jan-2012,05:15,Tamil Nadu,Chennai,Velachery Res. Area, Chennai - CPCB,,,,,,,,,,,,,,,,,,,,,,,,,,,,,,,,,,,24.33,,,,
12-Jan-2012,05:15,12-Jan-2012,05:30,Tamil Nadu,Chennai,Velachery Res. Area, Chennai - CPCB,,,,,,,,,,,,,,,,,,,,,,,,,,,,,,,,,,,24.25,,,,
12-Jan-2012,05:30,12-Jan-2012,05:45,Tamil Nadu,Chennai,Velachery Res. Area, Chennai - CPCB,,,,,,,,,,,,,,,,,,,,,,,,,,,,,,,,,,,24.33,,,,
12-Jan-2012,05:45,12-Jan-2012,06:00,Tamil Nadu,Chennai,Velachery Res. Area, Chennai - CPCB,,,,,,,,,,,,,,,,,,,,,,,,,,,,,,,,,,,24.46,,,,
12-Jan-2012,06:00,12-Jan-2012,06:15,Tamil Nadu,Chennai,Velachery Res. Area, Chennai - CPCB,,,,,,,,,,,,,,,,,,,,,,,,,,,,,,,,,,,24.54,,,,
12-Jan-2012,06:15,12-Jan-2012,06:30,Tamil Nadu,Chennai,Velachery Res. Area, Chennai - CPCB,,,,,,,,,,,,,,,,,,,,,,,,,,,,,,,,,,,24.65,,,,
12-Jan-2012,06:30,12-Jan-2012,06:45,Tamil Nadu,Chennai,Velachery Res. Area, Chennai - CPCB,,,,,,,,,,,,,,,,,,,,,,,,,,,,,,,,,,,24.6,,,,
12-Jan-2012,06:45,12-Jan-2012,07:00,Tamil Nadu,Chennai,Velachery Res. Area, Chennai - CPCB,,,,,,,,,,,,,,,,,,,,,,,,,,,,,,,,,,,24.68,,,,
12-Jan-2012,07:00,12-Jan-2012,07:15,Tamil Nadu,Chennai,Velachery Res. Area, Chennai - CPCB,,,,,,,,,,,,,,,,,,,,,,,,,,,,,,,,,,,24.88,,,,
12-Jan-2012,07:15,12-Jan-2012,07:30,Tamil Nadu,Chennai,Velachery Res. Area, Chennai - CPCB,,,,,,,,,,,,,,,,,,,,,,,,,,,,,,,,,,,25.16,,,,
12-Jan-2012,07:30,12-Jan-2012,07:45,Tamil Nadu,Chennai,Velachery Res. Area, Chennai - CPCB,,,,,,,,,,,,,,,,,,,,,,,,,,,,,,,,,,,25.51,,,,
12-Jan-2012,07:45,12-Jan-2012,08:00,Tamil Nadu,Chennai,Velachery Res. Area, Chennai - CPCB,,,,,,,,,,,,,,,,,,,,,,,,,,,,,,,,,,,26.11,,,,
12-Jan-2012,08:00,12-Jan-2012,08:15,Tamil Nadu,Chennai,Velachery Res. Area, Chennai - CPCB,,,,,,,,,,,,,,,,,,,,,,,,,,,,,,,,,,,26.35,,,,
12-Jan-2012,08:15,12-Jan-2012,08:30,Tamil Nadu,Chennai,Velachery Res. Area, Chennai - CPCB,,,,,,,,,,,,,,,,,,,,,,,,,,,,,,,,,,,26.73,,,,
12-Jan-2012,08:30,12-Jan-2012,08:45,Tamil Nadu,Chennai,Velachery Res. Area, Chennai - CPCB,,,,,,,,,,,,,,,,,,,,,,,,,,,,,,,,,,,27.25,,,,
12-Jan-2012,08:45,12-Jan-2012,09:00,Tamil Nadu,Chennai,Velachery Res. Area, Chennai - CPCB,,,,,,,,,,,,,,,,,,,,,,,,,,,,,,,,,,,27.47,,,,
12-Jan-2012,09:00,12-Jan-2012,09:15,Tamil Nadu,Chennai,Velachery Res. Area, Chennai - CPCB,,,,,,,,,,,,,,,,,,,,,,,,,,,,,,,,,,,27.88,,,,
12-Jan-2012,09:15,12-Jan-2012,09:30,Tamil Nadu,Chennai,Velachery Res. Area, Chennai - CPCB,,,,,,,,,,,,,,,,,,,,,,,,,,,,,,,,,,,28.28,,,,
12-Jan-2012,09:30,12-Jan-2012,09:45,Tamil Nadu,Chennai,Velachery Res. Area, Chennai - CPCB,,,,,,,,,,,,,,,,,,,,,,,,,,,,,,,,,,,28.54,,,,
12-Jan-2012,09:45,12-Jan-2012,10:00,Tamil Nadu,Chennai,Velachery Res. Area, Chennai - CPCB,,,,,,,,,,,,,,,,,,,,,,,,,,,,,,,,,,,28.72,,,,
12-Jan-2012,10:00,12-Jan-2012,10:15,Tamil Nadu,Chennai,Velachery Res. Area, Chennai - CPCB,,,,,,,,,,,,,,,,,,,,,,,,,,,,,,,,,,,28.64,,,,
12-Jan-2012,10:15,12-Jan-2012,10:30,Tamil Nadu,Chennai,Velachery Res. Area, Chennai - CPCB,,,,,,,,,,,,,,,,,,,,,,,,,,,,,,,,,,,28.6,,,,
12-Jan-2012,10:30,12-Jan-2012,10:45,Tamil Nadu,Chennai,Velachery Res. Area, Chennai - CPCB,,,,,,,,,,,,,,,,,,,,,,,,,,,,,,,,,,,28.64,,,,
12-Jan-2012,10:45,12-Jan-2012,11:00,Tamil Nadu,Chennai,Velachery Res. Area, Chennai - CPCB,,,,,,,,,,,,,,,,,,,,,,,,,,,,,,,,,,,28.89,,,,
12-Jan-2012,11:00,12-Jan-2012,11:15,Tamil Nadu,Chennai,Velachery Res. Area, Chennai - CPCB,,,,,,,,,,,,,,,,,,,,,,,,,,,,,,,,,,,29.61,,,,
12-Jan-2012,11:15,12-Jan-2012,11:30,Tamil Nadu,Chennai,Velachery Res. Area, Chennai - CPCB,,,,,,,,,,,,,,,,,,,,,,,,,,,,,,,,,,,29.71,,,,
12-Jan-2012,11:30,12-Jan-2012,11:45,Tamil Nadu,Chennai,Velachery Res. Area, Chennai - CPCB,,,,,,,,,,,,,,,,,,,,,,,,,,,,,,,,,,,29.87,,,,
12-Jan-2012,11:45,12-Jan-2012,12:00,Tamil Nadu,Chennai,Velachery Res. Area, Chennai - CPCB,,,,,,,,,,,,,,,,,,,,,,,,,,,,,,,,,,,30.02,,,,
12-Jan-2012,12:00,12-Jan-2012,12:15,Tamil Nadu,Chennai,Velachery Res. Area, Chennai - CPCB,,,,,,,,,,,,,,,,,,,,,,,,,,,,,,,,,,,30.11,,,,
12-Jan-2012,12:15,12-Jan-2012,12:30,Tamil Nadu,Chennai,Velachery Res. Area, Chennai - CPCB,,,,,,,,,,,,,,,,,,,,,,,,,,,,,,,,,,,30.1,,,,
12-Jan-2012,12:30,12-Jan-2012,12:45,Tamil Nadu,Chennai,Velachery Res. Area, Chennai - CPCB,,,,,,,,,,,,,,,,,,,,,,,,,,,,,,,,,,,30.28,,,,
12-Jan-2012,12:45,12-Jan-2012,13:00,Tamil Nadu,Chennai,Velachery Res. Area, Chennai - CPCB,,,,,,,,,,,,,,,,,,,,,,,,,,,,,,,,,,,30.17,,,,
12-Jan-2012,13:00,12-Jan-2012,13:15,Tamil Nadu,Chennai,Velachery Res. Area, Chennai - CPCB,,,,,,,,,,,,,,,,,,,,,,,,,,,,,,,,,,,30.2,,,,
12-Jan-2012,13:15,12-Jan-2012,13:30,Tamil Nadu,Chennai,Velachery Res. Area, Chennai - CPCB,,,,,,,,,,,,,,,,,,,,,,,,,,,,,,,,,,,30.15,,,,
12-Jan-2012,13:30,12-Jan-2012,13:45,Tamil Nadu,Chennai,Velachery Res. Area, Chennai - CPCB,,,,,,,,,,,,,,,,,,,,,,,,,,,,,,,,,,,30.01,,,,
12-Jan-2012,13:45,12-Jan-2012,14:00,Tamil Nadu,Chennai,Velachery Res. Area, Chennai - CPCB,,,,,,,,,,,,,,,,,,,,,,,,,,,,,,,,,,,29.84,,,,
12-Jan-2012,14:00,12-Jan-2012,14:15,Tamil Nadu,Chennai,Velachery Res. Area, Chennai - CPCB,,,,,,,,,,,,,,,,,,,,,,,,,,,,,,,,,,,29.95,,,,
12-Jan-2012,14:15,12-Jan-2012,14:30,Tamil Nadu,Chennai,Velachery Res. Area, Chennai - CPCB,,,,,,,,,,,,,,,,,,,,,,,,,,,,,,,,,,,29.96,,,,
12-Jan-2012,14:30,12-Jan-2012,14:45,Tamil Nadu,Chennai,Velachery Res. Area, Chennai - CPCB,,,,,,,,,,,,,,,,,,,,,,,,,,,,,,,,,,,29.97,,,,
12-Jan-2012,14:45,12-Jan-2012,15:00,Tamil Nadu,Chennai,Velachery Res. Area, Chennai - CPCB,,,,,,,,,,,,,,,,,,,,,,,,,,,,,,,,,,,29.87,,,,
12-Jan-2012,15:00,12-Jan-2012,15:15,Tamil Nadu,Chennai,Velachery Res. Area, Chennai - CPCB,,,,,,,,,,,,,,,,,,,,,,,,,,,,,,,,,,,29.66,,,,
12-Jan-2012,15:15,12-Jan-2012,15:30,Tamil Nadu,Chennai,Velachery Res. Area, Chennai - CPCB,,,,,,,,,,,,,,,,,,,,,,,,,,,,,,,,,,,29.52,,,,
12-Jan-2012,15:30,12-Jan-2012,15:45,Tamil Nadu,Chennai,Velachery Res. Area, Chennai - CPCB,,,,,,,,,,,,,,,,,,,,,,,,,,,,,,,,,,,29.41,,,,
12-Jan-2012,15:45,12-Jan-2012,16:00,Tamil Nadu,Chennai,Velachery Res. Area, Chennai - CPCB,,,,,,,,,,,,,,,,,,,,,,,,,,,,,,,,,,,29.3,,,,
12-Jan-2012,16:00,12-Jan-2012,16:15,Tamil Nadu,Chennai,Velachery Res. Area, Chennai - CPCB,,,,,,,,,,,,,,,,,,,,,,,,,,,,,,,,,,,29.23,,,,
12-Jan-2012,16:15,12-Jan-2012,16:30,Tamil Nadu,Chennai,Velachery Res. Area, Chennai - CPCB,,,,,,,,,,,,,,,,,,,,,,,,,,,,,,,,,,,29.15,,,,
12-Jan-2012,16:30,12-Jan-2012,16:45,Tamil Nadu,Chennai,Velachery Res. Area, Chennai - CPCB,,,,,,,,,,,,,,,,,,,,,,,,,,,,,,,,,,,28.94,,,,
12-Jan-2012,16:45,12-Jan-2012,17:00,Tamil Nadu,Chennai,Velachery Res. Area, Chennai - CPCB,,,,,,,,,,,,,,,,,,,,,,,,,,,,,,,,,,,28.45,,,,
12-Jan-2012,17:00,12-Jan-2012,17:15,Tamil Nadu,Chennai,Velachery Res. Area, Chennai - CPCB,,,,,,,,,,,,,,,,,,,,,,,,,,,,,,,,,,,28.35,,,,
12-Jan-2012,17:15,12-Jan-2012,17:30,Tamil Nadu,Chennai,Velachery Res. Area, Chennai - CPCB,,,,,,,,,,,,,,,,,,,,,,,,,,,,,,,,,,,28.08,,,,
12-Jan-2012,17:30,12-Jan-2012,17:45,Tamil Nadu,Chennai,Velachery Res. Area, Chennai - CPCB,,,,,,,,,,,,,,,,,,,,,,,,,,,,,,,,,,,27.75,,,,
12-Jan-2012,17:45,12-Jan-2012,18:00,Tamil Nadu,Chennai,Velachery Res. Area, Chennai - CPCB,,,,,,,,,,,,,,,,,,,,,,,,,,,,,,,,,,,27.5,,,,
12-Jan-2012,18:00,12-Jan-2012,18:15,Tamil Nadu,Chennai,Velachery Res. Area, Chennai - CPCB,,,,,,,,,,,,,,,,,,,,,,,,,,,,,,,,,,,27.38,,,,
12-Jan-2012,18:15,12-Jan-2012,18:30,Tamil Nadu,Chennai,Velachery Res. Area, Chennai - CPCB,,,,,,,,,,,,,,,,,,,,,,,,,,,,,,,,,,,27.31,,,,
12-Jan-2012,18:30,12-Jan-2012,18:45,Tamil Nadu,Chennai,Velachery Res. Area, Chennai - CPCB,,,,,,,,,,,,,,,,,,,,,,,,,,,,,,,,,,,27.38,,,,
12-Jan-2012,18:45,12-Jan-2012,19:00,Tamil Nadu,Chennai,Velachery Res. Area, Chennai - CPCB,,,,,,,,,,,,,,,,,,,,,,,,,,,,,,,,,,,27.41,,,,
12-Jan-2012,19:00,12-Jan-2012,19:15,Tamil Nadu,Chennai,Velachery Res. Area, Chennai - CPCB,,,,,,,,,,,,,,,,,,,,,,,,,,,,,,,,,,,27.41,,,,
12-Jan-2012,19:15,12-Jan-2012,19:30,Tamil Nadu,Chennai,Velachery Res. Area, Chennai - CPCB,,,,,,,,,,,,,,,,,,,,,,,,,,,,,,,,,,,27.4,,,,
12-Jan-2012,19:30,12-Jan-2012,19:45,Tamil Nadu,Chennai,Velachery Res. Area, Chennai - CPCB,,,,,,,,,,,,,,,,,,,,,,,,,,,,,,,,,,,27.39,,,,
12-Jan-2012,19:45,12-Jan-2012,20:00,Tamil Nadu,Chennai,Velachery Res. Area, Chennai - CPCB,,,,,,,,,,,,,,,,,,,,,,,,,,,,,,,,,,,27.44,,,,
12-Jan-2012,20:00,12-Jan-2012,20:15,Tamil Nadu,Chennai,Velachery Res. Area, Chennai - CPCB,,,,,,,,,,,,,,,,,,,,,,,,,,,,,,,,,,,27.52,,,,
12-Jan-2012,20:15,12-Jan-2012,20:30,Tamil Nadu,Chennai,Velachery Res. Area, Chennai - CPCB,,,,,,,,,,,,,,,,,,,,,,,,,,,,,,,,,,,27.54,,,,
12-Jan-2012,20:30,12-Jan-2012,20:45,Tamil Nadu,Chennai,Velachery Res. Area, Chennai - CPCB,,,,,,,,,,,,,,,,,,,,,,,,,,,,,,,,,,,27.63,,,,
12-Jan-2012,20:45,12-Jan-2012,21:00,Tamil Nadu,Chennai,Velachery Res. Area, Chennai - CPCB,,,,,,,,,,,,,,,,,,,,,,,,,,,,,,,,,,,27.55,,,,
12-Jan-2012,21:00,12-Jan-2012,21:15,Tamil Nadu,Chennai,Velachery Res. Area, Chennai - CPCB,,,,,,,,,,,,,,,,,,,,,,,,,,,,,,,,,,,27.45,,,,
12-Jan-2012,21:15,12-Jan-2012,21:30,Tamil Nadu,Chennai,Velachery Res. Area, Chennai - CPCB,,,,,,,,,,,,,,,,,,,,,,,,,,,,,,,,,,,27.36,,,,
12-Jan-2012,21:30,12-Jan-2012,21:45,Tamil Nadu,Chennai,Velachery Res. Area, Chennai - CPCB,,,,,,,,,,,,,,,,,,,,,,,,,,,,,,,,,,,27.29,,,,
12-Jan-2012,21:45,12-Jan-2012,22:00,Tamil Nadu,Chennai,Velachery Res. Area, Chennai - CPCB,,,,,,,,,,,,,,,,,,,,,,,,,,,,,,,,,,,27.26,,,,
12-Jan-2012,22:00,12-Jan-2012,22:15,Tamil Nadu,Chennai,Velachery Res. Area, Chennai - CPCB,,,,,,,,,,,,,,,,,,,,,,,,,,,,,,,,,,,27.14,,,,
12-Jan-2012,22:15,12-Jan-2012,22:30,Tamil Nadu,Chennai,Velachery Res. Area, Chennai - CPCB,,,,,,,,,,,,,,,,,,,,,,,,,,,,,,,,,,,27.14,,,,
12-Jan-2012,22:30,12-Jan-2012,22:45,Tamil Nadu,Chennai,Velachery Res. Area, Chennai - CPCB,,,,,,,,,,,,,,,,,,,,,,,,,,,,,,,,,,,27.16,,,,
12-Jan-2012,22:45,12-Jan-2012,23:00,Tamil Nadu,Chennai,Velachery Res. Area, Chennai - CPCB,,,,,,,,,,,,,,,,,,,,,,,,,,,,,,,,,,,27.04,,,,
12-Jan-2012,23:00,12-Jan-2012,23:15,Tamil Nadu,Chennai,Velachery Res. Area, Chennai - CPCB,,,,,,,,,,,,,,,,,,,,,,,,,,,,,,,,,,,27.06,,,,
12-Jan-2012,23:15,12-Jan-2012,23:30,Tamil Nadu,Chennai,Velachery Res. Area, Chennai - CPCB,,,,,,,,,,,,,,,,,,,,,,,,,,,,,,,,,,,27.03,,,,
12-Jan-2012,23:30,12-Jan-2012,23:45,Tamil Nadu,Chennai,Velachery Res. Area, Chennai - CPCB,,,,,,,,,,,,,,,,,,,,,,,,,,,,,,,,,,,26.98,,,,
12-Jan-2012,23:45,13-Jan-2012,00:00,Tamil Nadu,Chennai,Velachery Res. Area, Chennai - CPCB,,,,,,,,,,,,,,,,,,,,,,,,,,,,,,,,,,,27.01,,,,
13-Jan-2012,00:00,13-Jan-2012,00:15,Tamil Nadu,Chennai,Velachery Res. Area, Chennai - CPCB,,,,,,,,,,,,,,,,,,,,,,,,,,,,,,,,,,,27.02,,,,
13-Jan-2012,00:15,13-Jan-2012,00:30,Tamil Nadu,Chennai,Velachery Res. Area, Chennai - CPCB,,,,,,,,,,,,,,,,,,,,,,,,,,,,,,,,,,,26.9,,,,
13-Jan-2012,00:30,13-Jan-2012,00:45,Tamil Nadu,Chennai,Velachery Res. Area, Chennai - CPCB,,,,,,,,,,,,,,,,,,,,,,,,,,,,,,,,,,,26.84,,,,
13-Jan-2012,00:45,13-Jan-2012,01:00,Tamil Nadu,Chennai,Velachery Res. Area, Chennai - CPCB,,,,,,,,,,,,,,,,,,,,,,,,,,,,,,,,,,,26.82,,,,
13-Jan-2012,01:00,13-Jan-2012,01:15,Tamil Nadu,Chennai,Velachery Res. Area, Chennai - CPCB,,,,,,,,,,,,,,,,,,,,,,,,,,,,,,,,,,,26.98,,,,
13-Jan-2012,01:15,13-Jan-2012,01:30,Tamil Nadu,Chennai,Velachery Res. Area, Chennai - CPCB,,,,,,,,,,,,,,,,,,,,,,,,,,,,,,,,,,,26.99,,,,
13-Jan-2012,01:30,13-Jan-2012,01:45,Tamil Nadu,Chennai,Velachery Res. Area, Chennai - CPCB,,,,,,,,,,,,,,,,,,,,,,,,,,,,,,,,,,,26.84,,,,
13-Jan-2012,01:45,13-Jan-2012,02:00,Tamil Nadu,Chennai,Velachery Res. Area, Chennai - CPCB,,,,,,,,,,,,,,,,,,,,,,,,,,,,,,,,,,,26.69,,,,
13-Jan-2012,02:00,13-Jan-2012,02:15,Tamil Nadu,Chennai,Velachery Res. Area, Chennai - CPCB,,,,,,,,,,,,,,,,,,,,,,,,,,,,,,,,,,,26.53,,,,
13-Jan-2012,02:15,13-Jan-2012,02:30,Tamil Nadu,Chennai,Velachery Res. Area, Chennai - CPCB,,,,,,,,,,,,,,,,,,,,,,,,,,,,,,,,,,,26.45,,,,
13-Jan-2012,02:30,13-Jan-2012,02:45,Tamil Nadu,Chennai,Velachery Res. Area, Chennai - CPCB,,,,,,,,,,,,,,,,,,,,,,,,,,,,,,,,,,,26.21,,,,
13-Jan-2012,02:45,13-Jan-2012,03:00,Tamil Nadu,Chennai,Velachery Res. Area, Chennai - CPCB,,,,,,,,,,,,,,,,,,,,,,,,,,,,,,,,,,,25.99,,,,
13-Jan-2012,03:00,13-Jan-2012,03:15,Tamil Nadu,Chennai,Velachery Res. Area, Chennai - CPCB,,,,,,,,,,,,,,,,,,,,,,,,,,,,,,,,,,,25.97,,,,
13-Jan-2012,03:15,13-Jan-2012,03:30,Tamil Nadu,Chennai,Velachery Res. Area, Chennai - CPCB,,,,,,,,,,,,,,,,,,,,,,,,,,,,,,,,,,,25.6,,,,
13-Jan-2012,03:30,13-Jan-2012,03:45,Tamil Nadu,Chennai,Velachery Res. Area, Chennai - CPCB,,,,,,,,,,,,,,,,,,,,,,,,,,,,,,,,,,,25.19,,,,
13-Jan-2012,03:45,13-Jan-2012,04:00,Tamil Nadu,Chennai,Velachery Res. Area, Chennai - CPCB,,,,,,,,,,,,,,,,,,,,,,,,,,,,,,,,,,,25.07,,,,
13-Jan-2012,04:00,13-Jan-2012,04:15,Tamil Nadu,Chennai,Velachery Res. Area, Chennai - CPCB,,,,,,,,,,,,,,,,,,,,,,,,,,,,,,,,,,,24.97,,,,
13-Jan-2012,04:15,13-Jan-2012,04:30,Tamil Nadu,Chennai,Velachery Res. Area, Chennai - CPCB,,,,,,,,,,,,,,,,,,,,,,,,,,,,,,,,,,,25.04,,,,
13-Jan-2012,04:30,13-Jan-2012,04:45,Tamil Nadu,Chennai,Velachery Res. Area, Chennai - CPCB,,,,,,,,,,,,,,,,,,,,,,,,,,,,,,,,,,,25.22,,,,
13-Jan-2012,04:45,13-Jan-2012,05:00,Tamil Nadu,Chennai,Velachery Res. Area, Chennai - CPCB,,,,,,,,,,,,,,,,,,,,,,,,,,,,,,,,,,,25.31,,,,
13-Jan-2012,05:00,13-Jan-2012,05:15,Tamil Nadu,Chennai,Velachery Res. Area, Chennai - CPCB,,,,,,,,,,,,,,,,,,,,,,,,,,,,,,,,,,,25.48,,,,
13-Jan-2012,05:15,13-Jan-2012,05:30,Tamil Nadu,Chennai,Velachery Res. Area, Chennai - CPCB,,,,,,,,,,,,,,,,,,,,,,,,,,,,,,,,,,,25.39,,,,
13-Jan-2012,05:30,13-Jan-2012,05:45,Tamil Nadu,Chennai,Velachery Res. Area, Chennai - CPCB,,,,,,,,,,,,,,,,,,,,,,,,,,,,,,,,,,,25.3,,,,
13-Jan-2012,05:45,13-Jan-2012,06:00,Tamil Nadu,Chennai,Velachery Res. Area, Chennai - CPCB,,,,,,,,,,,,,,,,,,,,,,,,,,,,,,,,,,,25.21,,,,
13-Jan-2012,06:00,13-Jan-2012,06:15,Tamil Nadu,Chennai,Velachery Res. Area, Chennai - CPCB,,,,,,,,,,,,,,,,,,,,,,,,,,,,,,,,,,,25.33,,,,
13-Jan-2012,06:15,13-Jan-2012,06:30,Tamil Nadu,Chennai,Velachery Res. Area, Chennai - CPCB,,,,,,,,,,,,,,,,,,,,,,,,,,,,,,,,,,,25.38,,,,
13-Jan-2012,06:30,13-Jan-2012,06:45,Tamil Nadu,Chennai,Velachery Res. Area, Chennai - CPCB,,,,,,,,,,,,,,,,,,,,,,,,,,,,,,,,,,,25.34,,,,
13-Jan-2012,06:45,13-Jan-2012,07:00,Tamil Nadu,Chennai,Velachery Res. Area, Chennai - CPCB,,,,,,,,,,,,,,,,,,,,,,,,,,,,,,,,,,,25.28,,,,
13-Jan-2012,07:00,13-Jan-2012,07:15,Tamil Nadu,Chennai,Velachery Res. Area, Chennai - CPCB,,,,,,,,,,,,,,,,,,,,,,,,,,,,,,,,,,,25.11,,,,
13-Jan-2012,07:15,13-Jan-2012,07:30,Tamil Nadu,Chennai,Velachery Res. Area, Chennai - CPCB,,,,,,,,,,,,,,,,,,,,,,,,,,,,,,,,,,,25.17,,,,
13-Jan-2012,07:30,13-Jan-2012,07:45,Tamil Nadu,Chennai,Velachery Res. Area, Chennai - CPCB,,,,,,,,,,,,,,,,,,,,,,,,,,,,,,,,,,,25.4,,,,
13-Jan-2012,07:45,13-Jan-2012,08:00,Tamil Nadu,Chennai,Velachery Res. Area, Chennai - CPCB,,,,,,,,,,,,,,,,,,,,,,,,,,,,,,,,,,,25.85,,,,
13-Jan-2012,08:00,13-Jan-2012,08:15,Tamil Nadu,Chennai,Velachery Res. Area, Chennai - CPCB,,,,,,,,,,,,,,,,,,,,,,,,,,,,,,,,,,,26.29,,,,
13-Jan-2012,08:15,13-Jan-2012,08:30,Tamil Nadu,Chennai,Velachery Res. Area, Chennai - CPCB,,,,,,,,,,,,,,,,,,,,,,,,,,,,,,,,,,,27.26,,,,
13-Jan-2012,08:30,13-Jan-2012,08:45,Tamil Nadu,Chennai,Velachery Res. Area, Chennai - CPCB,,,,,,,,,,,,,,,,,,,,,,,,,,,,,,,,,,,27.36,,,,
13-Jan-2012,08:45,13-Jan-2012,09:00,Tamil Nadu,Chennai,Velachery Res. Area, Chennai - CPCB,,,,,,,,,,,,,,,,,,,,,,,,,,,,,,,,,,,28.23,,,,
13-Jan-2012,09:00,13-Jan-2012,09:15,Tamil Nadu,Chennai,Velachery Res. Area, Chennai - CPCB,,,,,,,,,,,,,,,,,,,,,,,,,,,,,,,,,,,28.43,,,,
13-Jan-2012,09:15,13-Jan-2012,09:30,Tamil Nadu,Chennai,Velachery Res. Area, Chennai - CPCB,,,,,,,,,,,,,,,,,,,,,,,,,,,,,,,,,,,28.45,,,,
13-Jan-2012,09:30,13-Jan-2012,09:45,Tamil Nadu,Chennai,Velachery Res. Area, Chennai - CPCB,,,,,,,,,,,,,,,,,,,,,,,,,,,,,,,,,,,27.91,,,,
13-Jan-2012,09:45,13-Jan-2012,10:00,Tamil Nadu,Chennai,Velachery Res. Area, Chennai - CPCB,,,,,,,,,,,,,,,,,,,,,,,,,,,,,,,,,,,28.05,,,,
13-Jan-2012,10:00,13-Jan-2012,10:15,Tamil Nadu,Chennai,Velachery Res. Area, Chennai - CPCB,,,,,,,,,,,,,,,,,,,,,,,,,,,,,,,,,,,28.21,,,,
13-Jan-2012,10:15,13-Jan-2012,10:30,Tamil Nadu,Chennai,Velachery Res. Area, Chennai - CPCB,,,,,,,,,,,,,,,,,,,,,,,,,,,,,,,,,,,29.08,,,,
13-Jan-2012,10:30,13-Jan-2012,10:45,Tamil Nadu,Chennai,Velachery Res. Area, Chennai - CPCB,,,,,,,,,,,,,,,,,,,,,,,,,,,,,,,,,,,28.7,,,,
13-Jan-2012,10:45,13-Jan-2012,11:00,Tamil Nadu,Chennai,Velachery Res. Area, Chennai - CPCB,,,,,,,,,,,,,,,,,,,,,,,,,,,,,,,,,,,28.34,,,,
13-Jan-2012,11:00,13-Jan-2012,11:15,Tamil Nadu,Chennai,Velachery Res. Area, Chennai - CPCB,,,,,,,,,,,,,,,,,,,,,,,,,,,,,,,,,,,28.35,,,,
13-Jan-2012,11:15,13-Jan-2012,11:30,Tamil Nadu,Chennai,Velachery Res. Area, Chennai - CPCB,,,,,,,,,,,,,,,,,,,,,,,,,,,,,,,,,,,28.51,,,,
13-Jan-2012,11:30,13-Jan-2012,11:45,Tamil Nadu,Chennai,Velachery Res. Area, Chennai - CPCB,,,,,,,,,,,,,,,,,,,,,,,,,,,,,,,,,,,29.13,,,,
13-Jan-2012,11:45,13-Jan-2012,12:00,Tamil Nadu,Chennai,Velachery Res. Area, Chennai - CPCB,,,,,,,,,,,,,,,,,,,,,,,,,,,,,,,,,,,29.44,,,,
13-Jan-2012,12:00,13-Jan-2012,12:15,Tamil Nadu,Chennai,Velachery Res. Area, Chennai - CPCB,,,,,,,,,,,,,,,,,,,,,,,,,,,,,,,,,,,28.94,,,,
13-Jan-2012,12:15,13-Jan-2012,12:30,Tamil Nadu,Chennai,Velachery Res. Area, Chennai - CPCB,,,,,,,,,,,,,,,,,,,,,,,,,,,,,,,,,,,28.84,,,,
13-Jan-2012,12:30,13-Jan-2012,12:45,Tamil Nadu,Chennai,Velachery Res. Area, Chennai - CPCB,,,,,,,,,,,,,,,,,,,,,,,,,,,,,,,,,,,29.05,,,,
13-Jan-2012,12:45,13-Jan-2012,13:00,Tamil Nadu,Chennai,Velachery Res. Area, Chennai - CPCB,,,,,,,,,,,,,,,,,,,,,,,,,,,,,,,,,,,28.81,,,,
13-Jan-2012,13:00,13-Jan-2012,13:15,Tamil Nadu,Chennai,Velachery Res. Area, Chennai - CPCB,,,,,,,,,,,,,,,,,,,,,,,,,,,,,,,,,,,28.63,,,,
13-Jan-2012,13:15,13-Jan-2012,13:30,Tamil Nadu,Chennai,Velachery Res. Area, Chennai - CPCB,,,,,,,,,,,,,,,,,,,,,,,,,,,,,,,,,,,29.4,,,,
13-Jan-2012,13:30,13-Jan-2012,13:45,Tamil Nadu,Chennai,Velachery Res. Area, Chennai - CPCB,,,,,,,,,,,,,,,,,,,,,,,,,,,,,,,,,,,29.51,,,,
13-Jan-2012,13:45,13-Jan-2012,14:00,Tamil Nadu,Chennai,Velachery Res. Area, Chennai - CPCB,,,,,,,,,,,,,,,,,,,,,,,,,,,,,,,,,,,29.39,,,,
13-Jan-2012,14:00,13-Jan-2012,14:15,Tamil Nadu,Chennai,Velachery Res. Area, Chennai - CPCB,,,,,,,,,,,,,,,,,,,,,,,,,,,,,,,,,,,29.32,,,,
13-Jan-2012,14:15,13-Jan-2012,14:30,Tamil Nadu,Chennai,Velachery Res. Area, Chennai - CPCB,,,,,,,,,,,,,,,,,,,,,,,,,,,,,,,,,,,29.59,,,,
13-Jan-2012,14:30,13-Jan-2012,14:45,Tamil Nadu,Chennai,Velachery Res. Area, Chennai - CPCB,,,,,,,,,,,,,,,,,,,,,,,,,,,,,,,,,,,29.29,,,,
13-Jan-2012,14:45,13-Jan-2012,15:00,Tamil Nadu,Chennai,Velachery Res. Area, Chennai - CPCB,,,,,,,,,,,,,,,,,,,,,,,,,,,,,,,,,,,28.87,,,,
13-Jan-2012,15:00,13-Jan-2012,15:15,Tamil Nadu,Chennai,Velachery Res. Area, Chennai - CPCB,,,,,,,,,,,,,,,,,,,,,,,,,,,,,,,,,,,28.74,,,,
13-Jan-2012,15:15,13-Jan-2012,15:30,Tamil Nadu,Chennai,Velachery Res. Area, Chennai - CPCB,,,,,,,,,,,,,,,,,,,,,,,,,,,,,,,,,,,28.3,,,,
13-Jan-2012,15:30,13-Jan-2012,15:45,Tamil Nadu,Chennai,Velachery Res. Area, Chennai - CPCB,,,,,,,,,,,,,,,,,,,,,,,,,,,,,,,,,,,28.26,,,,
13-Jan-2012,15:45,13-Jan-2012,16:00,Tamil Nadu,Chennai,Velachery Res. Area, Chennai - CPCB,,,,,,,,,,,,,,,,,,,,,,,,,,,,,,,,,,,29.08,,,,
13-Jan-2012,16:00,13-Jan-2012,16:15,Tamil Nadu,Chennai,Velachery Res. Area, Chennai - CPCB,,,,,,,,,,,,,,,,,,,,,,,,,,,,,,,,,,,28.7,,,,
13-Jan-2012,16:15,13-Jan-2012,16:30,Tamil Nadu,Chennai,Velachery Res. Area, Chennai - CPCB,,,,,,,,,,,,,,,,,,,,,,,,,,,,,,,,,,,28.34,,,,
13-Jan-2012,16:30,13-Jan-2012,16:45,Tamil Nadu,Chennai,Velachery Res. Area, Chennai - CPCB,,,,,,,,,,,,,,,,,,,,,,,,,,,,,,,,,,,28.35,,,,
13-Jan-2012,16:45,13-Jan-2012,17:00,Tamil Nadu,Chennai,Velachery Res. Area, Chennai - CPCB,,,,,,,,,,,,,,,,,,,,,,,,,,,,,,,,,,,28.51,,,,
13-Jan-2012,17:00,13-Jan-2012,17:15,Tamil Nadu,Chennai,Velachery Res. Area, Chennai - CPCB,,,,,,,,,,,,,,,,,,,,,,,,,,,,,,,,,,,29.13,,,,
13-Jan-2012,17:15,13-Jan-2012,17:30,Tamil Nadu,Chennai,Velachery Res. Area, Chennai - CPCB,,,,,,,,,,,,,,,,,,,,,,,,,,,,,,,,,,,29.44,,,,
13-Jan-2012,17:30,13-Jan-2012,17:45,Tamil Nadu,Chennai,Velachery Res. Area, Chennai - CPCB,,,,,,,,,,,,,,,,,,,,,,,,,,,,,,,,,,,28.94,,,,
13-Jan-2012,17:45,13-Jan-2012,18:00,Tamil Nadu,Chennai,Velachery Res. Area, Chennai - CPCB,,,,,,,,,,,,,,,,,,,,,,,,,,,,,,,,,,,28.84,,,,
13-Jan-2012,18:00,13-Jan-2012,18:15,Tamil Nadu,Chennai,Velachery Res. Area, Chennai - CPCB,,,,,,,,,,,,,,,,,,,,,,,,,,,,,,,,,,,29.05,,,,
13-Jan-2012,18:15,13-Jan-2012,18:30,Tamil Nadu,Chennai,Velachery Res. Area, Chennai - CPCB,,,,,,,,,,,,,,,,,,,,,,,,,,,,,,,,,,,28.81,,,,
13-Jan-2012,18:30,13-Jan-2012,18:45,Tamil Nadu,Chennai,Velachery Res. Area, Chennai - CPCB,,,,,,,,,,,,,,,,,,,,,,,,,,,,,,,,,,,27.6,,,,
13-Jan-2012,18:45,13-Jan-2012,19:00,Tamil Nadu,Chennai,Velachery Res. Area, Chennai - CPCB,,,,,,,,,,,,,,,,,,,,,,,,,,,,,,,,,,,27.67,,,,
13-Jan-2012,19:00,13-Jan-2012,19:15,Tamil Nadu,Chennai,Velachery Res. Area, Chennai - CPCB,,,,,,,,,,,,,,,,,,,,,,,,,,,,,,,,,,,27.64,,,,
13-Jan-2012,19:15,13-Jan-2012,19:30,Tamil Nadu,Chennai,Velachery Res. Area, Chennai - CPCB,,,,,,,,,,,,,,,,,,,,,,,,,,,,,,,,,,,27.63,,,,
13-Jan-2012,19:30,13-Jan-2012,19:45,Tamil Nadu,Chennai,Velachery Res. Area, Chennai - CPCB,,,,,,,,,,,,,,,,,,,,,,,,,,,,,,,,,,,27.5,,,,
13-Jan-2012,19:45,13-Jan-2012,20:00,Tamil Nadu,Chennai,Velachery Res. Area, Chennai - CPCB,,,,,,,,,,,,,,,,,,,,,,,,,,,,,,,,,,,27.44,,,,
13-Jan-2012,20:00,13-Jan-2012,20:15,Tamil Nadu,Chennai,Velachery Res. Area, Chennai - CPCB,,,,,,,,,,,,,,,,,,,,,,,,,,,,,,,,,,,27.49,,,,
13-Jan-2012,20:15,13-Jan-2012,20:30,Tamil Nadu,Chennai,Velachery Res. Area, Chennai - CPCB,,,,,,,,,,,,,,,,,,,,,,,,,,,,,,,,,,,27.48,,,,
13-Jan-2012,20:30,13-Jan-2012,20:45,Tamil Nadu,Chennai,Velachery Res. Area, Chennai - CPCB,,,,,,,,,,,,,,,,,,,,,,,,,,,,,,,,,,,27.45,,,,
13-Jan-2012,20:45,13-Jan-2012,21:00,Tamil Nadu,Chennai,Velachery Res. Area, Chennai - CPCB,,,,,,,,,,,,,,,,,,,,,,,,,,,,,,,,,,,27.48,,,,
13-Jan-2012,21:00,13-Jan-2012,21:15,Tamil Nadu,Chennai,Velachery Res. Area, Chennai - CPCB,,,,,,,,,,,,,,,,,,,,,,,,,,,,,,,,,,,27.38,,,,
13-Jan-2012,21:15,13-Jan-2012,21:30,Tamil Nadu,Chennai,Velachery Res. Area, Chennai - CPCB,,,,,,,,,,,,,,,,,,,,,,,,,,,,,,,,,,,27.29,,,,
13-Jan-2012,21:30,13-Jan-2012,21:45,Tamil Nadu,Chennai,Velachery Res. Area, Chennai - CPCB,,,,,,,,,,,,,,,,,,,,,,,,,,,,,,,,,,,27.27,,,,
13-Jan-2012,21:45,13-Jan-2012,22:00,Tamil Nadu,Chennai,Velachery Res. Area, Chennai - CPCB,,,,,,,,,,,,,,,,,,,,,,,,,,,,,,,,,,,27.21,,,,
13-Jan-2012,22:00,13-Jan-2012,22:15,Tamil Nadu,Chennai,Velachery Res. Area, Chennai - CPCB,,,,,,,,,,,,,,,,,,,,,,,,,,,,,,,,,,,27.25,,,,
13-Jan-2012,22:15,13-Jan-2012,22:30,Tamil Nadu,Chennai,Velachery Res. Area, Chennai - CPCB,,,,,,,,,,,,,,,,,,,,,,,,,,,,,,,,,,,27.22,,,,
13-Jan-2012,22:30,13-Jan-2012,22:45,Tamil Nadu,Chennai,Velachery Res. Area, Chennai - CPCB,,,,,,,,,,,,,,,,,,,,,,,,,,,,,,,,,,,27.15,,,,
13-Jan-2012,22:45,13-Jan-2012,23:00,Tamil Nadu,Chennai,Velachery Res. Area, Chennai - CPCB,,,,,,,,,,,,,,,,,,,,,,,,,,,,,,,,,,,27.22,,,,
13-Jan-2012,23:00,13-Jan-2012,23:15,Tamil Nadu,Chennai,Velachery Res. Area, Chennai - CPCB,,,,,,,,,,,,,,,,,,,,,,,,,,,,,,,,,,,27.08,,,,
13-Jan-2012,23:15,13-Jan-2012,23:30,Tamil Nadu,Chennai,Velachery Res. Area, Chennai - CPCB,,,,,,,,,,,,,,,,,,,,,,,,,,,,,,,,,,,27.09,,,,
13-Jan-2012,23:30,13-Jan-2012,23:45,Tamil Nadu,Chennai,Velachery Res. Area, Chennai - CPCB,,,,,,,,,,,,,,,,,,,,,,,,,,,,,,,,,,,27.14,,,,
13-Jan-2012,23:45,14-Jan-2012,00:00,Tamil Nadu,Chennai,Velachery Res. Area, Chennai - CPCB,,,,,,,,,,,,,,,,,,,,,,,,,,,,,,,,,,,27.07,,,,
14-Jan-2012,00:00,14-Jan-2012,00:15,Tamil Nadu,Chennai,Velachery Res. Area, Chennai - CPCB,,,,,,,,,,,,,,,,,,,,,,,,,,,,,,,,,,,27.01,,,,
14-Jan-2012,00:15,14-Jan-2012,00:30,Tamil Nadu,Chennai,Velachery Res. Area, Chennai - CPCB,,,,,,,,,,,,,,,,,,,,,,,,,,,,,,,,,,,26.96,,,,
14-Jan-2012,00:30,14-Jan-2012,00:45,Tamil Nadu,Chennai,Velachery Res. Area, Chennai - CPCB,,,,,,,,,,,,,,,,,,,,,,,,,,,,,,,,,,,26.84,,,,
14-Jan-2012,00:45,14-Jan-2012,01:00,Tamil Nadu,Chennai,Velachery Res. Area, Chennai - CPCB,,,,,,,,,,,,,,,,,,,,,,,,,,,,,,,,,,,26.56,,,,
14-Jan-2012,01:00,14-Jan-2012,01:15,Tamil Nadu,Chennai,Velachery Res. Area, Chennai - CPCB,,,,,,,,,,,,,,,,,,,,,,,,,,,,,,,,,,,26.51,,,,
14-Jan-2012,01:15,14-Jan-2012,01:30,Tamil Nadu,Chennai,Velachery Res. Area, Chennai - CPCB,,,,,,,,,,,,,,,,,,,,,,,,,,,,,,,,,,,26.25,,,,
14-Jan-2012,01:30,14-Jan-2012,01:45,Tamil Nadu,Chennai,Velachery Res. Area, Chennai - CPCB,,,,,,,,,,,,,,,,,,,,,,,,,,,,,,,,,,,26.1,,,,
14-Jan-2012,01:45,14-Jan-2012,02:00,Tamil Nadu,Chennai,Velachery Res. Area, Chennai - CPCB,,,,,,,,,,,,,,,,,,,,,,,,,,,,,,,,,,,25.97,,,,
14-Jan-2012,02:00,14-Jan-2012,02:15,Tamil Nadu,Chennai,Velachery Res. Area, Chennai - CPCB,,,,,,,,,,,,,,,,,,,,,,,,,,,,,,,,,,,25.84,,,,
14-Jan-2012,02:15,14-Jan-2012,02:30,Tamil Nadu,Chennai,Velachery Res. Area, Chennai - CPCB,,,,,,,,,,,,,,,,,,,,,,,,,,,,,,,,,,,25.66,,,,
14-Jan-2012,02:30,14-Jan-2012,02:45,Tamil Nadu,Chennai,Velachery Res. Area, Chennai - CPCB,,,,,,,,,,,,,,,,,,,,,,,,,,,,,,,,,,,25.6,,,,
14-Jan-2012,02:45,14-Jan-2012,03:00,Tamil Nadu,Chennai,Velachery Res. Area, Chennai - CPCB,,,,,,,,,,,,,,,,,,,,,,,,,,,,,,,,,,,25.53,,,,
14-Jan-2012,03:00,14-Jan-2012,03:15,Tamil Nadu,Chennai,Velachery Res. Area, Chennai - CPCB,,,,,,,,,,,,,,,,,,,,,,,,,,,,,,,,,,,25.44,,,,
14-Jan-2012,03:15,14-Jan-2012,03:30,Tamil Nadu,Chennai,Velachery Res. Area, Chennai - CPCB,,,,,,,,,,,,,,,,,,,,,,,,,,,,,,,,,,,25.29,,,,
14-Jan-2012,03:30,14-Jan-2012,03:45,Tamil Nadu,Chennai,Velachery Res. Area, Chennai - CPCB,,,,,,,,,,,,,,,,,,,,,,,,,,,,,,,,,,,25.13,,,,
14-Jan-2012,03:45,14-Jan-2012,04:00,Tamil Nadu,Chennai,Velachery Res. Area, Chennai - CPCB,,,,,,,,,,,,,,,,,,,,,,,,,,,,,,,,,,,25.16,,,,
14-Jan-2012,04:00,14-Jan-2012,04:15,Tamil Nadu,Chennai,Velachery Res. Area, Chennai - CPCB,,,,,,,,,,,,,,,,,,,,,,,,,,,,,,,,,,,25.06,,,,
14-Jan-2012,04:15,14-Jan-2012,04:30,Tamil Nadu,Chennai,Velachery Res. Area, Chennai - CPCB,,,,,,,,,,,,,,,,,,,,,,,,,,,,,,,,,,,25.01,,,,
14-Jan-2012,04:30,14-Jan-2012,04:45,Tamil Nadu,Chennai,Velachery Res. Area, Chennai - CPCB,,,,,,,,,,,,,,,,,,,,,,,,,,,,,,,,,,,25.02,,,,
14-Jan-2012,04:45,14-Jan-2012,05:00,Tamil Nadu,Chennai,Velachery Res. Area, Chennai - CPCB,,,,,,,,,,,,,,,,,,,,,,,,,,,,,,,,,,,24.96,,,,
14-Jan-2012,05:00,14-Jan-2012,05:15,Tamil Nadu,Chennai,Velachery Res. Area, Chennai - CPCB,,,,,,,,,,,,,,,,,,,,,,,,,,,,,,,,,,,24.91,,,,
14-Jan-2012,05:15,14-Jan-2012,05:30,Tamil Nadu,Chennai,Velachery Res. Area, Chennai - CPCB,,,,,,,,,,,,,,,,,,,,,,,,,,,,,,,,,,,24.87,,,,
14-Jan-2012,05:30,14-Jan-2012,05:45,Tamil Nadu,Chennai,Velachery Res. Area, Chennai - CPCB,,,,,,,,,,,,,,,,,,,,,,,,,,,,,,,,,,,24.96,,,,
14-Jan-2012,05:45,14-Jan-2012,06:00,Tamil Nadu,Chennai,Velachery Res. Area, Chennai - CPCB,,,,,,,,,,,,,,,,,,,,,,,,,,,,,,,,,,,24.92,,,,
14-Jan-2012,06:00,14-Jan-2012,06:15,Tamil Nadu,Chennai,Velachery Res. Area, Chennai - CPCB,,,,,,,,,,,,,,,,,,,,,,,,,,,,,,,,,,,24.49,,,,
14-Jan-2012,06:15,14-Jan-2012,06:30,Tamil Nadu,Chennai,Velachery Res. Area, Chennai - CPCB,,,,,,,,,,,,,,,,,,,,,,,,,,,,,,,,,,,24.07,,,,
14-Jan-2012,06:30,14-Jan-2012,06:45,Tamil Nadu,Chennai,Velachery Res. Area, Chennai - CPCB,,,,,,,,,,,,,,,,,,,,,,,,,,,,,,,,,,,24.13,,,,
14-Jan-2012,06:45,14-Jan-2012,07:00,Tamil Nadu,Chennai,Velachery Res. Area, Chennai - CPCB,,,,,,,,,,,,,,,,,,,,,,,,,,,,,,,,,,,24.04,,,,
14-Jan-2012,07:00,14-Jan-2012,07:15,Tamil Nadu,Chennai,Velachery Res. Area, Chennai - CPCB,,,,,,,,,,,,,,,,,,,,,,,,,,,,,,,,,,,24.03,,,,
14-Jan-2012,07:15,14-Jan-2012,07:30,Tamil Nadu,Chennai,Velachery Res. Area, Chennai - CPCB,,,,,,,,,,,,,,,,,,,,,,,,,,,,,,,,,,,24.14,,,,
14-Jan-2012,07:30,14-Jan-2012,07:45,Tamil Nadu,Chennai,Velachery Res. Area, Chennai - CPCB,,,,,,,,,,,,,,,,,,,,,,,,,,,,,,,,,,,24.29,,,,
14-Jan-2012,07:45,14-Jan-2012,08:00,Tamil Nadu,Chennai,Velachery Res. Area, Chennai - CPCB,,,,,,,,,,,,,,,,,,,,,,,,,,,,,,,,,,,24.47,,,,
14-Jan-2012,08:00,14-Jan-2012,08:15,Tamil Nadu,Chennai,Velachery Res. Area, Chennai - CPCB,,,,,,,,,,,,,,,,,,,,,,,,,,,,,,,,,,,25.07,,,,
14-Jan-2012,08:15,14-Jan-2012,08:30,Tamil Nadu,Chennai,Velachery Res. Area, Chennai - CPCB,,,,,,,,,,,,,,,,,,,,,,,,,,,,,,,,,,,25.65,,,,
14-Jan-2012,08:30,14-Jan-2012,08:45,Tamil Nadu,Chennai,Velachery Res. Area, Chennai - CPCB,,,,,,,,,,,,,,,,,,,,,,,,,,,,,,,,,,,26.34,,,,
14-Jan-2012,08:45,14-Jan-2012,09:00,Tamil Nadu,Chennai,Velachery Res. Area, Chennai - CPCB,,,,,,,,,,,,,,,,,,,,,,,,,,,,,,,,,,,26.96,,,,
14-Jan-2012,09:00,14-Jan-2012,09:15,Tamil Nadu,Chennai,Velachery Res. Area, Chennai - CPCB,,,,,,,,,,,,,,,,,,,,,,,,,,,,,,,,,,,27.49,,,,
14-Jan-2012,09:15,14-Jan-2012,09:30,Tamil Nadu,Chennai,Velachery Res. Area, Chennai - CPCB,,,,,,,,,,,,,,,,,,,,,,,,,,,,,,,,,,,27.77,,,,
14-Jan-2012,09:30,14-Jan-2012,09:45,Tamil Nadu,Chennai,Velachery Res. Area, Chennai - CPCB,,,,,,,,,,,,,,,,,,,,,,,,,,,,,,,,,,,28.02,,,,
14-Jan-2012,09:45,14-Jan-2012,10:00,Tamil Nadu,Chennai,Velachery Res. Area, Chennai - CPCB,,,,,,,,,,,,,,,,,,,,,,,,,,,,,,,,,,,28.01,,,,
14-Jan-2012,10:00,14-Jan-2012,10:15,Tamil Nadu,Chennai,Velachery Res. Area, Chennai - CPCB,,,,,,,,,,,,,,,,,,,,,,,,,,,,,,,,,,,28.65,,,,
14-Jan-2012,10:15,14-Jan-2012,10:30,Tamil Nadu,Chennai,Velachery Res. Area, Chennai - CPCB,,,,,,,,,,,,,,,,,,,,,,,,,,,,,,,,,,,28.76,,,,
14-Jan-2012,10:30,14-Jan-2012,10:45,Tamil Nadu,Chennai,Velachery Res. Area, Chennai - CPCB,,,,,,,,,,,,,,,,,,,,,,,,,,,,,,,,,,,28.7,,,,
14-Jan-2012,10:45,14-Jan-2012,11:00,Tamil Nadu,Chennai,Velachery Res. Area, Chennai - CPCB,,,,,,,,,,,,,,,,,,,,,,,,,,,,,,,,,,,28.89,,,,
14-Jan-2012,11:00,14-Jan-2012,11:15,Tamil Nadu,Chennai,Velachery Res. Area, Chennai - CPCB,,,,,,,,,,,,,,,,,,,,,,,,,,,,,,,,,,,28.96,,,,
14-Jan-2012,11:15,14-Jan-2012,11:30,Tamil Nadu,Chennai,Velachery Res. Area, Chennai - CPCB,,,,,,,,,,,,,,,,,,,,,,,,,,,,,,,,,,,29.11,,,,
14-Jan-2012,11:30,14-Jan-2012,11:45,Tamil Nadu,Chennai,Velachery Res. Area, Chennai - CPCB,,,,,,,,,,,,,,,,,,,,,,,,,,,,,,,,,,,29.08,,,,
14-Jan-2012,11:45,14-Jan-2012,12:00,Tamil Nadu,Chennai,Velachery Res. Area, Chennai - CPCB,,,,,,,,,,,,,,,,,,,,,,,,,,,,,,,,,,,29.31,,,,
14-Jan-2012,12:00,14-Jan-2012,12:15,Tamil Nadu,Chennai,Velachery Res. Area, Chennai - CPCB,,,,,,,,,,,,,,,,,,,,,,,,,,,,,,,,,,,29.29,,,,
14-Jan-2012,12:15,14-Jan-2012,12:30,Tamil Nadu,Chennai,Velachery Res. Area, Chennai - CPCB,,,,,,,,,,,,,,,,,,,,,,,,,,,,,,,,,,,29.47,,,,
14-Jan-2012,12:30,14-Jan-2012,12:45,Tamil Nadu,Chennai,Velachery Res. Area, Chennai - CPCB,,,,,,,,,,,,,,,,,,,,,,,,,,,,,,,,,,,29.3,,,,
14-Jan-2012,12:45,14-Jan-2012,13:00,Tamil Nadu,Chennai,Velachery Res. Area, Chennai - CPCB,,,,,,,,,,,,,,,,,,,,,,,,,,,,,,,,,,,29.29,,,,
14-Jan-2012,13:00,14-Jan-2012,13:15,Tamil Nadu,Chennai,Velachery Res. Area, Chennai - CPCB,,,,,,,,,,,,,,,,,,,,,,,,,,,,,,,,,,,29.35,,,,
14-Jan-2012,13:15,14-Jan-2012,13:30,Tamil Nadu,Chennai,Velachery Res. Area, Chennai - CPCB,,,,,,,,,,,,,,,,,,,,,,,,,,,,,,,,,,,29.35,,,,
14-Jan-2012,13:30,14-Jan-2012,13:45,Tamil Nadu,Chennai,Velachery Res. Area, Chennai - CPCB,,,,,,,,,,,,,,,,,,,,,,,,,,,,,,,,,,,29.47,,,,
14-Jan-2012,13:45,14-Jan-2012,14:00,Tamil Nadu,Chennai,Velachery Res. Area, Chennai - CPCB,,,,,,,,,,,,,,,,,,,,,,,,,,,,,,,,,,,29.43,,,,
14-Jan-2012,14:00,14-Jan-2012,14:15,Tamil Nadu,Chennai,Velachery Res. Area, Chennai - CPCB,,,,,,,,,,,,,,,,,,,,,,,,,,,,,,,,,,,29.37,,,,
14-Jan-2012,14:15,14-Jan-2012,14:30,Tamil Nadu,Chennai,Velachery Res. Area, Chennai - CPCB,,,,,,,,,,,,,,,,,,,,,,,,,,,,,,,,,,,29.26,,,,
14-Jan-2012,14:30,14-Jan-2012,14:45,Tamil Nadu,Chennai,Velachery Res. Area, Chennai - CPCB,,,,,,,,,,,,,,,,,,,,,,,,,,,,,,,,,,,29.24,,,,
14-Jan-2012,14:45,14-Jan-2012,15:00,Tamil Nadu,Chennai,Velachery Res. Area, Chennai - CPCB,,,,,,,,,,,,,,,,,,,,,,,,,,,,,,,,,,,29.0,,,,
14-Jan-2012,15:00,14-Jan-2012,15:15,Tamil Nadu,Chennai,Velachery Res. Area, Chennai - CPCB,,,,,,,,,,,,,,,,,,,,,,,,,,,,,,,,,,,28.93,,,,
14-Jan-2012,15:15,14-Jan-2012,15:30,Tamil Nadu,Chennai,Velachery Res. Area, Chennai - CPCB,,,,,,,,,,,,,,,,,,,,,,,,,,,,,,,,,,,28.8,,,,
14-Jan-2012,15:30,14-Jan-2012,15:45,Tamil Nadu,Chennai,Velachery Res. Area, Chennai - CPCB,,,,,,,,,,,,,,,,,,,,,,,,,,,,,,,,,,,28.69,,,,
14-Jan-2012,15:45,14-Jan-2012,16:00,Tamil Nadu,Chennai,Velachery Res. Area, Chennai - CPCB,,,,,,,,,,,,,,,,,,,,,,,,,,,,,,,,,,,28.58,,,,
14-Jan-2012,16:00,14-Jan-2012,16:15,Tamil Nadu,Chennai,Velachery Res. Area, Chennai - CPCB,,,,,,,,,,,,,,,,,,,,,,,,,,,,,,,,,,,28.34,,,,
14-Jan-2012,16:15,14-Jan-2012,16:30,Tamil Nadu,Chennai,Velachery Res. Area, Chennai - CPCB,,,,,,,,,,,,,,,,,,,,,,,,,,,,,,,,,,,28.27,,,,
14-Jan-2012,16:30,14-Jan-2012,16:45,Tamil Nadu,Chennai,Velachery Res. Area, Chennai - CPCB,,,,,,,,,,,,,,,,,,,,,,,,,,,,,,,,,,,27.98,,,,
14-Jan-2012,16:45,14-Jan-2012,17:00,Tamil Nadu,Chennai,Velachery Res. Area, Chennai - CPCB,,,,,,,,,,,,,,,,,,,,,,,,,,,,,,,,,,,27.73,,,,
14-Jan-2012,17:00,14-Jan-2012,17:15,Tamil Nadu,Chennai,Velachery Res. Area, Chennai - CPCB,,,,,,,,,,,,,,,,,,,,,,,,,,,,,,,,,,,27.51,,,,
14-Jan-2012,17:15,14-Jan-2012,17:30,Tamil Nadu,Chennai,Velachery Res. Area, Chennai - CPCB,,,,,,,,,,,,,,,,,,,,,,,,,,,,,,,,,,,27.23,,,,
14-Jan-2012,17:30,14-Jan-2012,17:45,Tamil Nadu,Chennai,Velachery Res. Area, Chennai - CPCB,,,,,,,,,,,,,,,,,,,,,,,,,,,,,,,,,,,27.04,,,,
14-Jan-2012,17:45,14-Jan-2012,18:00,Tamil Nadu,Chennai,Velachery Res. Area, Chennai - CPCB,,,,,,,,,,,,,,,,,,,,,,,,,,,,,,,,,,,26.88,,,,
14-Jan-2012,18:00,14-Jan-2012,18:15,Tamil Nadu,Chennai,Velachery Res. Area, Chennai - CPCB,,,,,,,,,,,,,,,,,,,,,,,,,,,,,,,,,,,26.77,,,,
14-Jan-2012,18:15,14-Jan-2012,18:30,Tamil Nadu,Chennai,Velachery Res. Area, Chennai - CPCB,,,,,,,,,,,,,,,,,,,,,,,,,,,,,,,,,,,26.53,,,,
14-Jan-2012,18:30,14-Jan-2012,18:45,Tamil Nadu,Chennai,Velachery Res. Area, Chennai - CPCB,,,,,,,,,,,,,,,,,,,,,,,,,,,,,,,,,,,26.26,,,,
14-Jan-2012,18:45,14-Jan-2012,19:00,Tamil Nadu,Chennai,Velachery Res. Area, Chennai - CPCB,,,,,,,,,,,,,,,,,,,,,,,,,,,,,,,,,,,26.1,,,,
14-Jan-2012,19:00,14-Jan-2012,19:15,Tamil Nadu,Chennai,Velachery Res. Area, Chennai - CPCB,,,,,,,,,,,,,,,,,,,,,,,,,,,,,,,,,,,25.95,,,,
14-Jan-2012,19:15,14-Jan-2012,19:30,Tamil Nadu,Chennai,Velachery Res. Area, Chennai - CPCB,,,,,,,,,,,,,,,,,,,,,,,,,,,,,,,,,,,25.93,,,,
14-Jan-2012,19:30,14-Jan-2012,19:45,Tamil Nadu,Chennai,Velachery Res. Area, Chennai - CPCB,,,,,,,,,,,,,,,,,,,,,,,,,,,,,,,,,,,25.62,,,,
14-Jan-2012,19:45,14-Jan-2012,20:00,Tamil Nadu,Chennai,Velachery Res. Area, Chennai - CPCB,,,,,,,,,,,,,,,,,,,,,,,,,,,,,,,,,,,25.43,,,,
14-Jan-2012,20:00,14-Jan-2012,20:15,Tamil Nadu,Chennai,Velachery Res. Area, Chennai - CPCB,,,,,,,,,,,,,,,,,,,,,,,,,,,,,,,,,,,25.53,,,,
14-Jan-2012,20:15,14-Jan-2012,20:30,Tamil Nadu,Chennai,Velachery Res. Area, Chennai - CPCB,,,,,,,,,,,,,,,,,,,,,,,,,,,,,,,,,,,25.32,,,,
14-Jan-2012,20:30,14-Jan-2012,20:45,Tamil Nadu,Chennai,Velachery Res. Area, Chennai - CPCB,,,,,,,,,,,,,,,,,,,,,,,,,,,,,,,,,,,25.0,,,,
14-Jan-2012,20:45,14-Jan-2012,21:00,Tamil Nadu,Chennai,Velachery Res. Area, Chennai - CPCB,,,,,,,,,,,,,,,,,,,,,,,,,,,,,,,,,,,24.76,,,,
14-Jan-2012,21:00,14-Jan-2012,21:15,Tamil Nadu,Chennai,Velachery Res. Area, Chennai - CPCB,,,,,,,,,,,,,,,,,,,,,,,,,,,,,,,,,,,24.74,,,,
14-Jan-2012,21:15,14-Jan-2012,21:30,Tamil Nadu,Chennai,Velachery Res. Area, Chennai - CPCB,,,,,,,,,,,,,,,,,,,,,,,,,,,,,,,,,,,24.6,,,,
14-Jan-2012,21:30,14-Jan-2012,21:45,Tamil Nadu,Chennai,Velachery Res. Area, Chennai - CPCB,,,,,,,,,,,,,,,,,,,,,,,,,,,,,,,,,,,24.63,,,,
14-Jan-2012,21:45,14-Jan-2012,22:00,Tamil Nadu,Chennai,Velachery Res. Area, Chennai - CPCB,,,,,,,,,,,,,,,,,,,,,,,,,,,,,,,,,,,24.57,,,,
14-Jan-2012,22:00,14-Jan-2012,22:15,Tamil Nadu,Chennai,Velachery Res. Area, Chennai - CPCB,,,,,,,,,,,,,,,,,,,,,,,,,,,,,,,,,,,24.53,,,,
14-Jan-2012,22:15,14-Jan-2012,22:30,Tamil Nadu,Chennai,Velachery Res. Area, Chennai - CPCB,,,,,,,,,,,,,,,,,,,,,,,,,,,,,,,,,,,24.39,,,,
14-Jan-2012,22:30,14-Jan-2012,22:45,Tamil Nadu,Chennai,Velachery Res. Area, Chennai - CPCB,,,,,,,,,,,,,,,,,,,,,,,,,,,,,,,,,,,24.4,,,,
14-Jan-2012,22:45,14-Jan-2012,23:00,Tamil Nadu,Chennai,Velachery Res. Area, Chennai - CPCB,,,,,,,,,,,,,,,,,,,,,,,,,,,,,,,,,,,24.3,,,,
14-Jan-2012,23:00,14-Jan-2012,23:15,Tamil Nadu,Chennai,Velachery Res. Area, Chennai - CPCB,,,,,,,,,,,,,,,,,,,,,,,,,,,,,,,,,,,24.18,,,,
14-Jan-2012,23:15,14-Jan-2012,23:30,Tamil Nadu,Chennai,Velachery Res. Area, Chennai - CPCB,,,,,,,,,,,,,,,,,,,,,,,,,,,,,,,,,,,24.06,,,,
14-Jan-2012,23:30,14-Jan-2012,23:45,Tamil Nadu,Chennai,Velachery Res. Area, Chennai - CPCB,,,,,,,,,,,,,,,,,,,,,,,,,,,,,,,,,,,23.85,,,,
14-Jan-2012,23:45,15-Jan-2012,00:00,Tamil Nadu,Chennai,Velachery Res. Area, Chennai - CPCB,,,,,,,,,,,,,,,,,,,,,,,,,,,,,,,,,,,23.98,,,,
15-Jan-2012,00:00,15-Jan-2012,00:15,Tamil Nadu,Chennai,Velachery Res. Area, Chennai - CPCB,,,,,,,,,,,,,,,,,,,,,,,,,,,,,,,,,,,24.0,,,,
15-Jan-2012,00:15,15-Jan-2012,00:30,Tamil Nadu,Chennai,Velachery Res. Area, Chennai - CPCB,,,,,,,,,,,,,,,,,,,,,,,,,,,,,,,,,,,23.95,,,,
15-Jan-2012,00:30,15-Jan-2012,00:45,Tamil Nadu,Chennai,Velachery Res. Area, Chennai - CPCB,,,,,,,,,,,,,,,,,,,,,,,,,,,,,,,,,,,23.75,,,,
15-Jan-2012,00:45,15-Jan-2012,01:00,Tamil Nadu,Chennai,Velachery Res. Area, Chennai - CPCB,,,,,,,,,,,,,,,,,,,,,,,,,,,,,,,,,,,23.4,,,,
15-Jan-2012,01:00,15-Jan-2012,01:15,Tamil Nadu,Chennai,Velachery Res. Area, Chennai - CPCB,,,,,,,,,,,,,,,,,,,,,,,,,,,,,,,,,,,23.58,,,,
15-Jan-2012,01:15,15-Jan-2012,01:30,Tamil Nadu,Chennai,Velachery Res. Area, Chennai - CPCB,,,,,,,,,,,,,,,,,,,,,,,,,,,,,,,,,,,23.24,,,,
15-Jan-2012,01:30,15-Jan-2012,01:45,Tamil Nadu,Chennai,Velachery Res. Area, Chennai - CPCB,,,,,,,,,,,,,,,,,,,,,,,,,,,,,,,,,,,23.39,,,,
15-Jan-2012,01:45,15-Jan-2012,02:00,Tamil Nadu,Chennai,Velachery Res. Area, Chennai - CPCB,,,,,,,,,,,,,,,,,,,,,,,,,,,,,,,,,,,23.68,,,,
15-Jan-2012,02:00,15-Jan-2012,02:15,Tamil Nadu,Chennai,Velachery Res. Area, Chennai - CPCB,,,,,,,,,,,,,,,,,,,,,,,,,,,,,,,,,,,23.33,,,,
15-Jan-2012,02:15,15-Jan-2012,02:30,Tamil Nadu,Chennai,Velachery Res. Area, Chennai - CPCB,,,,,,,,,,,,,,,,,,,,,,,,,,,,,,,,,,,23.19,,,,
15-Jan-2012,02:30,15-Jan-2012,02:45,Tamil Nadu,Chennai,Velachery Res. Area, Chennai - CPCB,,,,,,,,,,,,,,,,,,,,,,,,,,,,,,,,,,,22.72,,,,
15-Jan-2012,02:45,15-Jan-2012,03:00,Tamil Nadu,Chennai,Velachery Res. Area, Chennai - CPCB,,,,,,,,,,,,,,,,,,,,,,,,,,,,,,,,,,,22.51,,,,
15-Jan-2012,03:00,15-Jan-2012,03:15,Tamil Nadu,Chennai,Velachery Res. Area, Chennai - CPCB,,,,,,,,,,,,,,,,,,,,,,,,,,,,,,,,,,,22.52,,,,
15-Jan-2012,03:15,15-Jan-2012,03:30,Tamil Nadu,Chennai,Velachery Res. Area, Chennai - CPCB,,,,,,,,,,,,,,,,,,,,,,,,,,,,,,,,,,,22.67,,,,
15-Jan-2012,03:30,15-Jan-2012,03:45,Tamil Nadu,Chennai,Velachery Res. Area, Chennai - CPCB,,,,,,,,,,,,,,,,,,,,,,,,,,,,,,,,,,,22.91,,,,
15-Jan-2012,03:45,15-Jan-2012,04:00,Tamil Nadu,Chennai,Velachery Res. Area, Chennai - CPCB,,,,,,,,,,,,,,,,,,,,,,,,,,,,,,,,,,,22.79,,,,
15-Jan-2012,04:00,15-Jan-2012,04:15,Tamil Nadu,Chennai,Velachery Res. Area, Chennai - CPCB,,,,,,,,,,,,,,,,,,,,,,,,,,,,,,,,,,,22.67,,,,
15-Jan-2012,04:15,15-Jan-2012,04:30,Tamil Nadu,Chennai,Velachery Res. Area, Chennai - CPCB,,,,,,,,,,,,,,,,,,,,,,,,,,,,,,,,,,,22.73,,,,
15-Jan-2012,04:30,15-Jan-2012,04:45,Tamil Nadu,Chennai,Velachery Res. Area, Chennai - CPCB,,,,,,,,,,,,,,,,,,,,,,,,,,,,,,,,,,,22.65,,,,
15-Jan-2012,04:45,15-Jan-2012,05:00,Tamil Nadu,Chennai,Velachery Res. Area, Chennai - CPCB,,,,,,,,,,,,,,,,,,,,,,,,,,,,,,,,,,,22.56,,,,
15-Jan-2012,05:00,15-Jan-2012,05:15,Tamil Nadu,Chennai,Velachery Res. Area, Chennai - CPCB,,,,,,,,,,,,,,,,,,,,,,,,,,,,,,,,,,,22.47,,,,
15-Jan-2012,05:15,15-Jan-2012,05:30,Tamil Nadu,Chennai,Velachery Res. Area, Chennai - CPCB,,,,,,,,,,,,,,,,,,,,,,,,,,,,,,,,,,,22.61,,,,
15-Jan-2012,05:30,15-Jan-2012,05:45,Tamil Nadu,Chennai,Velachery Res. Area, Chennai - CPCB,,,,,,,,,,,,,,,,,,,,,,,,,,,,,,,,,,,22.69,,,,
15-Jan-2012,05:45,15-Jan-2012,06:00,Tamil Nadu,Chennai,Velachery Res. Area, Chennai - CPCB,,,,,,,,,,,,,,,,,,,,,,,,,,,,,,,,,,,22.86,,,,
15-Jan-2012,06:00,15-Jan-2012,06:15,Tamil Nadu,Chennai,Velachery Res. Area, Chennai - CPCB,,,,,,,,,,,,,,,,,,,,,,,,,,,,,,,,,,,23.07,,,,
15-Jan-2012,06:15,15-Jan-2012,06:30,Tamil Nadu,Chennai,Velachery Res. Area, Chennai - CPCB,,,,,,,,,,,,,,,,,,,,,,,,,,,,,,,,,,,22.99,,,,
15-Jan-2012,06:30,15-Jan-2012,06:45,Tamil Nadu,Chennai,Velachery Res. Area, Chennai - CPCB,,,,,,,,,,,,,,,,,,,,,,,,,,,,,,,,,,,22.78,,,,
15-Jan-2012,06:45,15-Jan-2012,07:00,Tamil Nadu,Chennai,Velachery Res. Area, Chennai - CPCB,,,,,,,,,,,,,,,,,,,,,,,,,,,,,,,,,,,22.67,,,,
15-Jan-2012,07:00,15-Jan-2012,07:15,Tamil Nadu,Chennai,Velachery Res. Area, Chennai - CPCB,,,,,,,,,,,,,,,,,,,,,,,,,,,,,,,,,,,22.56,,,,
15-Jan-2012,07:15,15-Jan-2012,07:30,Tamil Nadu,Chennai,Velachery Res. Area, Chennai - CPCB,,,,,,,,,,,,,,,,,,,,,,,,,,,,,,,,,,,22.51,,,,
15-Jan-2012,07:30,15-Jan-2012,07:45,Tamil Nadu,Chennai,Velachery Res. Area, Chennai - CPCB,,,,,,,,,,,,,,,,,,,,,,,,,,,,,,,,,,,22.81,,,,
15-Jan-2012,07:45,15-Jan-2012,08:00,Tamil Nadu,Chennai,Velachery Res. Area, Chennai - CPCB,,,,,,,,,,,,,,,,,,,,,,,,,,,,,,,,,,,23.44,,,,
15-Jan-2012,08:00,15-Jan-2012,08:15,Tamil Nadu,Chennai,Velachery Res. Area, Chennai - CPCB,,,,,,,,,,,,,,,,,,,,,,,,,,,,,,,,,,,24.53,,,,
15-Jan-2012,08:15,15-Jan-2012,08:30,Tamil Nadu,Chennai,Velachery Res. Area, Chennai - CPCB,,,,,,,,,,,,,,,,,,,,,,,,,,,,,,,,,,,24.85,,,,
15-Jan-2012,08:30,15-Jan-2012,08:45,Tamil Nadu,Chennai,Velachery Res. Area, Chennai - CPCB,,,,,,,,,,,,,,,,,,,,,,,,,,,,,,,,,,,24.61,,,,
15-Jan-2012,08:45,15-Jan-2012,09:00,Tamil Nadu,Chennai,Velachery Res. Area, Chennai - CPCB,,,,,,,,,,,,,,,,,,,,,,,,,,,,,,,,,,,25.14,,,,
15-Jan-2012,09:00,15-Jan-2012,09:15,Tamil Nadu,Chennai,Velachery Res. Area, Chennai - CPCB,,,,,,,,,,,,,,,,,,,,,,,,,,,,,,,,,,,26.04,,,,
15-Jan-2012,09:15,15-Jan-2012,09:30,Tamil Nadu,Chennai,Velachery Res. Area, Chennai - CPCB,,,,,,,,,,,,,,,,,,,,,,,,,,,,,,,,,,,26.29,,,,
15-Jan-2012,09:30,15-Jan-2012,09:45,Tamil Nadu,Chennai,Velachery Res. Area, Chennai - CPCB,,,,,,,,,,,,,,,,,,,,,,,,,,,,,,,,,,,26.97,,,,
15-Jan-2012,09:45,15-Jan-2012,10:00,Tamil Nadu,Chennai,Velachery Res. Area, Chennai - CPCB,,,,,,,,,,,,,,,,,,,,,,,,,,,,,,,,,,,27.51,,,,
15-Jan-2012,10:00,15-Jan-2012,10:15,Tamil Nadu,Chennai,Velachery Res. Area, Chennai - CPCB,,,,,,,,,,,,,,,,,,,,,,,,,,,,,,,,,,,27.54,,,,
15-Jan-2012,10:15,15-Jan-2012,10:30,Tamil Nadu,Chennai,Velachery Res. Area, Chennai - CPCB,,,,,,,,,,,,,,,,,,,,,,,,,,,,,,,,,,,27.58,,,,
15-Jan-2012,10:30,15-Jan-2012,10:45,Tamil Nadu,Chennai,Velachery Res. Area, Chennai - CPCB,,,,,,,,,,,,,,,,,,,,,,,,,,,,,,,,,,,27.67,,,,
15-Jan-2012,10:45,15-Jan-2012,11:00,Tamil Nadu,Chennai,Velachery Res. Area, Chennai - CPCB,,,,,,,,,,,,,,,,,,,,,,,,,,,,,,,,,,,27.32,,,,
15-Jan-2012,11:00,15-Jan-2012,11:15,Tamil Nadu,Chennai,Velachery Res. Area, Chennai - CPCB,,,,,,,,,,,,,,,,,,,,,,,,,,,,,,,,,,,27.2,,,,
15-Jan-2012,11:15,15-Jan-2012,11:30,Tamil Nadu,Chennai,Velachery Res. Area, Chennai - CPCB,,,,,,,,,,,,,,,,,,,,,,,,,,,,,,,,,,,27.53,,,,
15-Jan-2012,11:30,15-Jan-2012,11:45,Tamil Nadu,Chennai,Velachery Res. Area, Chennai - CPCB,,,,,,,,,,,,,,,,,,,,,,,,,,,,,,,,,,,27.2,,,,
15-Jan-2012,11:45,15-Jan-2012,12:00,Tamil Nadu,Chennai,Velachery Res. Area, Chennai - CPCB,,,,,,,,,,,,,,,,,,,,,,,,,,,,,,,,,,,27.25,,,,
15-Jan-2012,12:00,15-Jan-2012,12:15,Tamil Nadu,Chennai,Velachery Res. Area, Chennai - CPCB,,,,,,,,,,,,,,,,,,,,,,,,,,,,,,,,,,,27.97,,,,
15-Jan-2012,12:15,15-Jan-2012,12:30,Tamil Nadu,Chennai,Velachery Res. Area, Chennai - CPCB,,,,,,,,,,,,,,,,,,,,,,,,,,,,,,,,,,,27.74,,,,
15-Jan-2012,12:30,15-Jan-2012,12:45,Tamil Nadu,Chennai,Velachery Res. Area, Chennai - CPCB,,,,,,,,,,,,,,,,,,,,,,,,,,,,,,,,,,,27.51,,,,
15-Jan-2012,12:45,15-Jan-2012,13:00,Tamil Nadu,Chennai,Velachery Res. Area, Chennai - CPCB,,,,,,,,,,,,,,,,,,,,,,,,,,,,,,,,,,,27.62,,,,
15-Jan-2012,13:00,15-Jan-2012,13:15,Tamil Nadu,Chennai,Velachery Res. Area, Chennai - CPCB,,,,,,,,,,,,,,,,,,,,,,,,,,,,,,,,,,,27.88,,,,
15-Jan-2012,13:15,15-Jan-2012,13:30,Tamil Nadu,Chennai,Velachery Res. Area, Chennai - CPCB,,,,,,,,,,,,,,,,,,,,,,,,,,,,,,,,,,,27.95,,,,
15-Jan-2012,13:30,15-Jan-2012,13:45,Tamil Nadu,Chennai,Velachery Res. Area, Chennai - CPCB,,,,,,,,,,,,,,,,,,,,,,,,,,,,,,,,,,,27.94,,,,
15-Jan-2012,13:45,15-Jan-2012,14:00,Tamil Nadu,Chennai,Velachery Res. Area, Chennai - CPCB,,,,,,,,,,,,,,,,,,,,,,,,,,,,,,,,,,,27.93,,,,
15-Jan-2012,14:00,15-Jan-2012,14:15,Tamil Nadu,Chennai,Velachery Res. Area, Chennai - CPCB,,,,,,,,,,,,,,,,,,,,,,,,,,,,,,,,,,,27.79,,,,
15-Jan-2012,14:15,15-Jan-2012,14:30,Tamil Nadu,Chennai,Velachery Res. Area, Chennai - CPCB,,,,,,,,,,,,,,,,,,,,,,,,,,,,,,,,,,,27.87,,,,
15-Jan-2012,14:30,15-Jan-2012,14:45,Tamil Nadu,Chennai,Velachery Res. Area, Chennai - CPCB,,,,,,,,,,,,,,,,,,,,,,,,,,,,,,,,,,,27.94,,,,
15-Jan-2012,14:45,15-Jan-2012,15:00,Tamil Nadu,Chennai,Velachery Res. Area, Chennai - CPCB,,,,,,,,,,,,,,,,,,,,,,,,,,,,,,,,,,,27.9,,,,
15-Jan-2012,15:00,15-Jan-2012,15:15,Tamil Nadu,Chennai,Velachery Res. Area, Chennai - CPCB,,,,,,,,,,,,,,,,,,,,,,,,,,,,,,,,,,,27.71,,,,
15-Jan-2012,15:15,15-Jan-2012,15:30,Tamil Nadu,Chennai,Velachery Res. Area, Chennai - CPCB,,,,,,,,,,,,,,,,,,,,,,,,,,,,,,,,,,,27.71,,,,
15-Jan-2012,15:30,15-Jan-2012,15:45,Tamil Nadu,Chennai,Velachery Res. Area, Chennai - CPCB,,,,,,,,,,,,,,,,,,,,,,,,,,,,,,,,,,,27.48,,,,
15-Jan-2012,15:45,15-Jan-2012,16:00,Tamil Nadu,Chennai,Velachery Res. Area, Chennai - CPCB,,,,,,,,,,,,,,,,,,,,,,,,,,,,,,,,,,,27.4,,,,
15-Jan-2012,16:00,15-Jan-2012,16:15,Tamil Nadu,Chennai,Velachery Res. Area, Chennai - CPCB,,,,,,,,,,,,,,,,,,,,,,,,,,,,,,,,,,,27.09,,,,
15-Jan-2012,16:15,15-Jan-2012,16:30,Tamil Nadu,Chennai,Velachery Res. Area, Chennai - CPCB,,,,,,,,,,,,,,,,,,,,,,,,,,,,,,,,,,,26.72,,,,
15-Jan-2012,16:30,15-Jan-2012,16:45,Tamil Nadu,Chennai,Velachery Res. Area, Chennai - CPCB,,,,,,,,,,,,,,,,,,,,,,,,,,,,,,,,,,,26.56,,,,
15-Jan-2012,16:45,15-Jan-2012,17:00,Tamil Nadu,Chennai,Velachery Res. Area, Chennai - CPCB,,,,,,,,,,,,,,,,,,,,,,,,,,,,,,,,,,,26.28,,,,
15-Jan-2012,17:00,15-Jan-2012,17:15,Tamil Nadu,Chennai,Velachery Res. Area, Chennai - CPCB,,,,,,,,,,,,,,,,,,,,,,,,,,,,,,,,,,,25.81,,,,
15-Jan-2012,17:15,15-Jan-2012,17:30,Tamil Nadu,Chennai,Velachery Res. Area, Chennai - CPCB,,,,,,,,,,,,,,,,,,,,,,,,,,,,,,,,,,,25.52,,,,
15-Jan-2012,17:30,15-Jan-2012,17:45,Tamil Nadu,Chennai,Velachery Res. Area, Chennai - CPCB,,,,,,,,,,,,,,,,,,,,,,,,,,,,,,,,,,,25.33,,,,
15-Jan-2012,17:45,15-Jan-2012,18:00,Tamil Nadu,Chennai,Velachery Res. Area, Chennai - CPCB,,,,,,,,,,,,,,,,,,,,,,,,,,,,,,,,,,,25.25,,,,
15-Jan-2012,18:00,15-Jan-2012,18:15,Tamil Nadu,Chennai,Velachery Res. Area, Chennai - CPCB,,,,,,,,,,,,,,,,,,,,,,,,,,,,,,,,,,,24.93,,,,
15-Jan-2012,18:15,15-Jan-2012,18:30,Tamil Nadu,Chennai,Velachery Res. Area, Chennai - CPCB,,,,,,,,,,,,,,,,,,,,,,,,,,,,,,,,,,,24.61,,,,
15-Jan-2012,18:30,15-Jan-2012,18:45,Tamil Nadu,Chennai,Velachery Res. Area, Chennai - CPCB,,,,,,,,,,,,,,,,,,,,,,,,,,,,,,,,,,,24.59,,,,
15-Jan-2012,18:45,15-Jan-2012,19:00,Tamil Nadu,Chennai,Velachery Res. Area, Chennai - CPCB,,,,,,,,,,,,,,,,,,,,,,,,,,,,,,,,,,,24.68,,,,
15-Jan-2012,19:00,15-Jan-2012,19:15,Tamil Nadu,Chennai,Velachery Res. Area, Chennai - CPCB,,,,,,,,,,,,,,,,,,,,,,,,,,,,,,,,,,,24.52,,,,
15-Jan-2012,19:15,15-Jan-2012,19:30,Tamil Nadu,Chennai,Velachery Res. Area, Chennai - CPCB,,,,,,,,,,,,,,,,,,,,,,,,,,,,,,,,,,,24.36,,,,
15-Jan-2012,19:30,15-Jan-2012,19:45,Tamil Nadu,Chennai,Velachery Res. Area, Chennai - CPCB,,,,,,,,,,,,,,,,,,,,,,,,,,,,,,,,,,,24.06,,,,
15-Jan-2012,19:45,15-Jan-2012,20:00,Tamil Nadu,Chennai,Velachery Res. Area, Chennai - CPCB,,,,,,,,,,,,,,,,,,,,,,,,,,,,,,,,,,,23.7,,,,
15-Jan-2012,20:00,15-Jan-2012,20:15,Tamil Nadu,Chennai,Velachery Res. Area, Chennai - CPCB,,,,,,,,,,,,,,,,,,,,,,,,,,,,,,,,,,,23.77,,,,
15-Jan-2012,20:15,15-Jan-2012,20:30,Tamil Nadu,Chennai,Velachery Res. Area, Chennai - CPCB,,,,,,,,,,,,,,,,,,,,,,,,,,,,,,,,,,,23.97,,,,
15-Jan-2012,20:30,15-Jan-2012,20:45,Tamil Nadu,Chennai,Velachery Res. Area, Chennai - CPCB,,,,,,,,,,,,,,,,,,,,,,,,,,,,,,,,,,,24.0,,,,
15-Jan-2012,20:45,15-Jan-2012,21:00,Tamil Nadu,Chennai,Velachery Res. Area, Chennai - CPCB,,,,,,,,,,,,,,,,,,,,,,,,,,,,,,,,,,,24.17,,,,
15-Jan-2012,21:00,15-Jan-2012,21:15,Tamil Nadu,Chennai,Velachery Res. Area, Chennai - CPCB,,,,,,,,,,,,,,,,,,,,,,,,,,,,,,,,,,,24.13,,,,
15-Jan-2012,21:15,15-Jan-2012,21:30,Tamil Nadu,Chennai,Velachery Res. Area, Chennai - CPCB,,,,,,,,,,,,,,,,,,,,,,,,,,,,,,,,,,,24.27,,,,
15-Jan-2012,21:30,15-Jan-2012,21:45,Tamil Nadu,Chennai,Velachery Res. Area, Chennai - CPCB,,,,,,,,,,,,,,,,,,,,,,,,,,,,,,,,,,,24.11,,,,
15-Jan-2012,21:45,15-Jan-2012,22:00,Tamil Nadu,Chennai,Velachery Res. Area, Chennai - CPCB,,,,,,,,,,,,,,,,,,,,,,,,,,,,,,,,,,,23.86,,,,
15-Jan-2012,22:00,15-Jan-2012,22:15,Tamil Nadu,Chennai,Velachery Res. Area, Chennai - CPCB,,,,,,,,,,,,,,,,,,,,,,,,,,,,,,,,,,,23.67,,,,
15-Jan-2012,22:15,15-Jan-2012,22:30,Tamil Nadu,Chennai,Velachery Res. Area, Chennai - CPCB,,,,,,,,,,,,,,,,,,,,,,,,,,,,,,,,,,,24.04,,,,
15-Jan-2012,22:30,15-Jan-2012,22:45,Tamil Nadu,Chennai,Velachery Res. Area, Chennai - CPCB,,,,,,,,,,,,,,,,,,,,,,,,,,,,,,,,,,,23.82,,,,
15-Jan-2012,22:45,15-Jan-2012,23:00,Tamil Nadu,Chennai,Velachery Res. Area, Chennai - CPCB,,,,,,,,,,,,,,,,,,,,,,,,,,,,,,,,,,,23.97,,,,
15-Jan-2012,23:00,15-Jan-2012,23:15,Tamil Nadu,Chennai,Velachery Res. Area, Chennai - CPCB,,,,,,,,,,,,,,,,,,,,,,,,,,,,,,,,,,,24.15,,,,
15-Jan-2012,23:15,15-Jan-2012,23:30,Tamil Nadu,Chennai,Velachery Res. Area, Chennai - CPCB,,,,,,,,,,,,,,,,,,,,,,,,,,,,,,,,,,,24.13,,,,
15-Jan-2012,23:30,15-Jan-2012,23:45,Tamil Nadu,Chennai,Velachery Res. Area, Chennai - CPCB,,,,,,,,,,,,,,,,,,,,,,,,,,,,,,,,,,,24.13,,,,
15-Jan-2012,23:45,16-Jan-2012,00:00,Tamil Nadu,Chennai,Velachery Res. Area, Chennai - CPCB,,,,,,,,,,,,,,,,,,,,,,,,,,,,,,,,,,,24.21,,,,
16-Jan-2012,00:00,16-Jan-2012,00:15,Tamil Nadu,Chennai,Velachery Res. Area, Chennai - CPCB,,,,,,,,,,,,,,,,,,,,,,,,,,,,,,,,,,,24.34,,,,
16-Jan-2012,00:15,16-Jan-2012,00:30,Tamil Nadu,Chennai,Velachery Res. Area, Chennai - CPCB,,,,,,,,,,,,,,,,,,,,,,,,,,,,,,,,,,,24.37,,,,
16-Jan-2012,00:30,16-Jan-2012,00:45,Tamil Nadu,Chennai,Velachery Res. Area, Chennai - CPCB,,,,,,,,,,,,,,,,,,,,,,,,,,,,,,,,,,,24.05,,,,
16-Jan-2012,00:45,16-Jan-2012,01:00,Tamil Nadu,Chennai,Velachery Res. Area, Chennai - CPCB,,,,,,,,,,,,,,,,,,,,,,,,,,,,,,,,,,,23.8,,,,
16-Jan-2012,01:00,16-Jan-2012,01:15,Tamil Nadu,Chennai,Velachery Res. Area, Chennai - CPCB,,,,,,,,,,,,,,,,,,,,,,,,,,,,,,,,,,,23.66,,,,
16-Jan-2012,01:15,16-Jan-2012,01:30,Tamil Nadu,Chennai,Velachery Res. Area, Chennai - CPCB,,,,,,,,,,,,,,,,,,,,,,,,,,,,,,,,,,,23.47,,,,
16-Jan-2012,01:30,16-Jan-2012,01:45,Tamil Nadu,Chennai,Velachery Res. Area, Chennai - CPCB,,,,,,,,,,,,,,,,,,,,,,,,,,,,,,,,,,,23.41,,,,
16-Jan-2012,01:45,16-Jan-2012,02:00,Tamil Nadu,Chennai,Velachery Res. Area, Chennai - CPCB,,,,,,,,,,,,,,,,,,,,,,,,,,,,,,,,,,,23.57,,,,
16-Jan-2012,02:00,16-Jan-2012,02:15,Tamil Nadu,Chennai,Velachery Res. Area, Chennai - CPCB,,,,,,,,,,,,,,,,,,,,,,,,,,,,,,,,,,,23.01,,,,
16-Jan-2012,02:15,16-Jan-2012,02:30,Tamil Nadu,Chennai,Velachery Res. Area, Chennai - CPCB,,,,,,,,,,,,,,,,,,,,,,,,,,,,,,,,,,,22.68,,,,
16-Jan-2012,02:30,16-Jan-2012,02:45,Tamil Nadu,Chennai,Velachery Res. Area, Chennai - CPCB,,,,,,,,,,,,,,,,,,,,,,,,,,,,,,,,,,,22.91,,,,
16-Jan-2012,02:45,16-Jan-2012,03:00,Tamil Nadu,Chennai,Velachery Res. Area, Chennai - CPCB,,,,,,,,,,,,,,,,,,,,,,,,,,,,,,,,,,,23.09,,,,
16-Jan-2012,03:00,16-Jan-2012,03:15,Tamil Nadu,Chennai,Velachery Res. Area, Chennai - CPCB,,,,,,,,,,,,,,,,,,,,,,,,,,,,,,,,,,,22.79,,,,
16-Jan-2012,03:15,16-Jan-2012,03:30,Tamil Nadu,Chennai,Velachery Res. Area, Chennai - CPCB,,,,,,,,,,,,,,,,,,,,,,,,,,,,,,,,,,,22.61,,,,
16-Jan-2012,03:30,16-Jan-2012,03:45,Tamil Nadu,Chennai,Velachery Res. Area, Chennai - CPCB,,,,,,,,,,,,,,,,,,,,,,,,,,,,,,,,,,,22.76,,,,
16-Jan-2012,03:45,16-Jan-2012,04:00,Tamil Nadu,Chennai,Velachery Res. Area, Chennai - CPCB,,,,,,,,,,,,,,,,,,,,,,,,,,,,,,,,,,,23.0,,,,
16-Jan-2012,04:00,16-Jan-2012,04:15,Tamil Nadu,Chennai,Velachery Res. Area, Chennai - CPCB,,,,,,,,,,,,,,,,,,,,,,,,,,,,,,,,,,,22.9,,,,
16-Jan-2012,04:15,16-Jan-2012,04:30,Tamil Nadu,Chennai,Velachery Res. Area, Chennai - CPCB,,,,,,,,,,,,,,,,,,,,,,,,,,,,,,,,,,,22.66,,,,
16-Jan-2012,04:30,16-Jan-2012,04:45,Tamil Nadu,Chennai,Velachery Res. Area, Chennai - CPCB,,,,,,,,,,,,,,,,,,,,,,,,,,,,,,,,,,,22.76,,,,
16-Jan-2012,04:45,16-Jan-2012,05:00,Tamil Nadu,Chennai,Velachery Res. Area, Chennai - CPCB,,,,,,,,,,,,,,,,,,,,,,,,,,,,,,,,,,,22.93,,,,
16-Jan-2012,05:00,16-Jan-2012,05:15,Tamil Nadu,Chennai,Velachery Res. Area, Chennai - CPCB,,,,,,,,,,,,,,,,,,,,,,,,,,,,,,,,,,,22.75,,,,
16-Jan-2012,05:15,16-Jan-2012,05:30,Tamil Nadu,Chennai,Velachery Res. Area, Chennai - CPCB,,,,,,,,,,,,,,,,,,,,,,,,,,,,,,,,,,,22.81,,,,
16-Jan-2012,05:30,16-Jan-2012,05:45,Tamil Nadu,Chennai,Velachery Res. Area, Chennai - CPCB,,,,,,,,,,,,,,,,,,,,,,,,,,,,,,,,,,,22.67,,,,
16-Jan-2012,05:45,16-Jan-2012,06:00,Tamil Nadu,Chennai,Velachery Res. Area, Chennai - CPCB,,,,,,,,,,,,,,,,,,,,,,,,,,,,,,,,,,,22.41,,,,
16-Jan-2012,06:00,16-Jan-2012,06:15,Tamil Nadu,Chennai,Velachery Res. Area, Chennai - CPCB,,,,,,,,,,,,,,,,,,,,,,,,,,,,,,,,,,,22.16,,,,
16-Jan-2012,06:15,16-Jan-2012,06:30,Tamil Nadu,Chennai,Velachery Res. Area, Chennai - CPCB,,,,,,,,,,,,,,,,,,,,,,,,,,,,,,,,,,,21.77,,,,
16-Jan-2012,06:30,16-Jan-2012,06:45,Tamil Nadu,Chennai,Velachery Res. Area, Chennai - CPCB,,,,,,,,,,,,,,,,,,,,,,,,,,,,,,,,,,,21.78,,,,
16-Jan-2012,06:45,16-Jan-2012,07:00,Tamil Nadu,Chennai,Velachery Res. Area, Chennai - CPCB,,,,,,,,,,,,,,,,,,,,,,,,,,,,,,,,,,,21.82,,,,
16-Jan-2012,07:00,16-Jan-2012,07:15,Tamil Nadu,Chennai,Velachery Res. Area, Chennai - CPCB,,,,,,,,,,,,,,,,,,,,,,,,,,,,,,,,,,,21.73,,,,
16-Jan-2012,07:15,16-Jan-2012,07:30,Tamil Nadu,Chennai,Velachery Res. Area, Chennai - CPCB,,,,,,,,,,,,,,,,,,,,,,,,,,,,,,,,,,,21.99,,,,
16-Jan-2012,07:30,16-Jan-2012,07:45,Tamil Nadu,Chennai,Velachery Res. Area, Chennai - CPCB,,,,,,,,,,,,,,,,,,,,,,,,,,,,,,,,,,,22.46,,,,
16-Jan-2012,07:45,16-Jan-2012,08:00,Tamil Nadu,Chennai,Velachery Res. Area, Chennai - CPCB,,,,,,,,,,,,,,,,,,,,,,,,,,,,,,,,,,,23.3,,,,
16-Jan-2012,08:00,16-Jan-2012,08:15,Tamil Nadu,Chennai,Velachery Res. Area, Chennai - CPCB,,,,,,,,,,,,,,,,,,,,,,,,,,,,,,,,,,,24.08,,,,
16-Jan-2012,08:15,16-Jan-2012,08:30,Tamil Nadu,Chennai,Velachery Res. Area, Chennai - CPCB,,,,,,,,,,,,,,,,,,,,,,,,,,,,,,,,,,,24.34,,,,
16-Jan-2012,08:30,16-Jan-2012,08:45,Tamil Nadu,Chennai,Velachery Res. Area, Chennai - CPCB,,,,,,,,,,,,,,,,,,,,,,,,,,,,,,,,,,,24.24,,,,
16-Jan-2012,08:45,16-Jan-2012,09:00,Tamil Nadu,Chennai,Velachery Res. Area, Chennai - CPCB,,,,,,,,,,,,,,,,,,,,,,,,,,,,,,,,,,,24.72,,,,
16-Jan-2012,09:00,16-Jan-2012,09:15,Tamil Nadu,Chennai,Velachery Res. Area, Chennai - CPCB,,,,,,,,,,,,,,,,,,,,,,,,,,,,,,,,,,,25.26,,,,
16-Jan-2012,09:15,16-Jan-2012,09:30,Tamil Nadu,Chennai,Velachery Res. Area, Chennai - CPCB,,,,,,,,,,,,,,,,,,,,,,,,,,,,,,,,,,,25.58,,,,
16-Jan-2012,09:30,16-Jan-2012,09:45,Tamil Nadu,Chennai,Velachery Res. Area, Chennai - CPCB,,,,,,,,,,,,,,,,,,,,,,,,,,,,,,,,,,,26.16,,,,
16-Jan-2012,09:45,16-Jan-2012,10:00,Tamil Nadu,Chennai,Velachery Res. Area, Chennai - CPCB,,,,,,,,,,,,,,,,,,,,,,,,,,,,,,,,,,,26.72,,,,
16-Jan-2012,10:00,16-Jan-2012,10:15,Tamil Nadu,Chennai,Velachery Res. Area, Chennai - CPCB,,,,,,,,,,,,,,,,,,,,,,,,,,,,,,,,,,,27.16,,,,
16-Jan-2012,10:15,16-Jan-2012,10:30,Tamil Nadu,Chennai,Velachery Res. Area, Chennai - CPCB,,,,,,,,,,,,,,,,,,,,,,,,,,,,,,,,,,,27.72,,,,
16-Jan-2012,10:30,16-Jan-2012,10:45,Tamil Nadu,Chennai,Velachery Res. Area, Chennai - CPCB,,,,,,,,,,,,,,,,,,,,,,,,,,,,,,,,,,,27.73,,,,
16-Jan-2012,10:45,16-Jan-2012,11:00,Tamil Nadu,Chennai,Velachery Res. Area, Chennai - CPCB,,,,,,,,,,,,,,,,,,,,,,,,,,,,,,,,,,,27.17,,,,
16-Jan-2012,11:00,16-Jan-2012,11:15,Tamil Nadu,Chennai,Velachery Res. Area, Chennai - CPCB,,,,,,,,,,,,,,,,,,,,,,,,,,,,,,,,,,,27.75,,,,
16-Jan-2012,11:15,16-Jan-2012,11:30,Tamil Nadu,Chennai,Velachery Res. Area, Chennai - CPCB,,,,,,,,,,,,,,,,,,,,,,,,,,,,,,,,,,,27.85,,,,
16-Jan-2012,11:30,16-Jan-2012,11:45,Tamil Nadu,Chennai,Velachery Res. Area, Chennai - CPCB,,,,,,,,,,,,,,,,,,,,,,,,,,,,,,,,,,,28.25,,,,
16-Jan-2012,11:45,16-Jan-2012,12:00,Tamil Nadu,Chennai,Velachery Res. Area, Chennai - CPCB,,,,,,,,,,,,,,,,,,,,,,,,,,,,,,,,,,,28.51,,,,
16-Jan-2012,12:00,16-Jan-2012,12:15,Tamil Nadu,Chennai,Velachery Res. Area, Chennai - CPCB,,,,,,,,,,,,,,,,,,,,,,,,,,,,,,,,,,,28.73,,,,
16-Jan-2012,12:15,16-Jan-2012,12:30,Tamil Nadu,Chennai,Velachery Res. Area, Chennai - CPCB,,,,,,,,,,,,,,,,,,,,,,,,,,,,,,,,,,,28.86,,,,
16-Jan-2012,12:30,16-Jan-2012,12:45,Tamil Nadu,Chennai,Velachery Res. Area, Chennai - CPCB,,,,,,,,,,,,,,,,,,,,,,,,,,,,,,,,,,,28.68,,,,
16-Jan-2012,12:45,16-Jan-2012,13:00,Tamil Nadu,Chennai,Velachery Res. Area, Chennai - CPCB,,,,,,,,,,,,,,,,,,,,,,,,,,,,,,,,,,,28.67,,,,
16-Jan-2012,13:00,16-Jan-2012,13:15,Tamil Nadu,Chennai,Velachery Res. Area, Chennai - CPCB,,,,,,,,,,,,,,,,,,,,,,,,,,,,,,,,,,,28.75,,,,
16-Jan-2012,13:15,16-Jan-2012,13:30,Tamil Nadu,Chennai,Velachery Res. Area, Chennai - CPCB,,,,,,,,,,,,,,,,,,,,,,,,,,,,,,,,,,,28.62,,,,
16-Jan-2012,13:30,16-Jan-2012,13:45,Tamil Nadu,Chennai,Velachery Res. Area, Chennai - CPCB,,,,,,,,,,,,,,,,,,,,,,,,,,,,,,,,,,,28.8,,,,
16-Jan-2012,13:45,16-Jan-2012,14:00,Tamil Nadu,Chennai,Velachery Res. Area, Chennai - CPCB,,,,,,,,,,,,,,,,,,,,,,,,,,,,,,,,,,,28.42,,,,
16-Jan-2012,14:00,16-Jan-2012,14:15,Tamil Nadu,Chennai,Velachery Res. Area, Chennai - CPCB,,,,,,,,,,,,,,,,,,,,,,,,,,,,,,,,,,,28.46,,,,
16-Jan-2012,14:15,16-Jan-2012,14:30,Tamil Nadu,Chennai,Velachery Res. Area, Chennai - CPCB,,,,,,,,,,,,,,,,,,,,,,,,,,,,,,,,,,,28.54,,,,
16-Jan-2012,14:30,16-Jan-2012,14:45,Tamil Nadu,Chennai,Velachery Res. Area, Chennai - CPCB,,,,,,,,,,,,,,,,,,,,,,,,,,,,,,,,,,,28.61,,,,
16-Jan-2012,14:45,16-Jan-2012,15:00,Tamil Nadu,Chennai,Velachery Res. Area, Chennai - CPCB,,,,,,,,,,,,,,,,,,,,,,,,,,,,,,,,,,,28.37,,,,
16-Jan-2012,15:00,16-Jan-2012,15:15,Tamil Nadu,Chennai,Velachery Res. Area, Chennai - CPCB,,,,,,,,,,,,,,,,,,,,,,,,,,,,,,,,,,,28.16,,,,
16-Jan-2012,15:15,16-Jan-2012,15:30,Tamil Nadu,Chennai,Velachery Res. Area, Chennai - CPCB,,,,,,,,,,,,,,,,,,,,,,,,,,,,,,,,,,,28.1,,,,
16-Jan-2012,15:30,16-Jan-2012,15:45,Tamil Nadu,Chennai,Velachery Res. Area, Chennai - CPCB,,,,,,,,,,,,,,,,,,,,,,,,,,,,,,,,,,,27.98,,,,
16-Jan-2012,15:45,16-Jan-2012,16:00,Tamil Nadu,Chennai,Velachery Res. Area, Chennai - CPCB,,,,,,,,,,,,,,,,,,,,,,,,,,,,,,,,,,,27.78,,,,
16-Jan-2012,16:00,16-Jan-2012,16:15,Tamil Nadu,Chennai,Velachery Res. Area, Chennai - CPCB,,,,,,,,,,,,,,,,,,,,,,,,,,,,,,,,,,,27.7,,,,
16-Jan-2012,16:15,16-Jan-2012,16:30,Tamil Nadu,Chennai,Velachery Res. Area, Chennai - CPCB,,,,,,,,,,,,,,,,,,,,,,,,,,,,,,,,,,,27.51,,,,
16-Jan-2012,16:30,16-Jan-2012,16:45,Tamil Nadu,Chennai,Velachery Res. Area, Chennai - CPCB,,,,,,,,,,,,,,,,,,,,,,,,,,,,,,,,,,,27.25,,,,
16-Jan-2012,16:45,16-Jan-2012,17:00,Tamil Nadu,Chennai,Velachery Res. Area, Chennai - CPCB,,,,,,,,,,,,,,,,,,,,,,,,,,,,,,,,,,,27.01,,,,
16-Jan-2012,17:00,16-Jan-2012,17:15,Tamil Nadu,Chennai,Velachery Res. Area, Chennai - CPCB,,,,,,,,,,,,,,,,,,,,,,,,,,,,,,,,,,,26.84,,,,
16-Jan-2012,17:15,16-Jan-2012,17:30,Tamil Nadu,Chennai,Velachery Res. Area, Chennai - CPCB,,,,,,,,,,,,,,,,,,,,,,,,,,,,,,,,,,,26.5,,,,
16-Jan-2012,17:30,16-Jan-2012,17:45,Tamil Nadu,Chennai,Velachery Res. Area, Chennai - CPCB,,,,,,,,,,,,,,,,,,,,,,,,,,,,,,,,,,,26.16,,,,
16-Jan-2012,17:45,16-Jan-2012,18:00,Tamil Nadu,Chennai,Velachery Res. Area, Chennai - CPCB,,,,,,,,,,,,,,,,,,,,,,,,,,,,,,,,,,,25.67,,,,
16-Jan-2012,18:00,16-Jan-2012,18:15,Tamil Nadu,Chennai,Velachery Res. Area, Chennai - CPCB,,,,,,,,,,,,,,,,,,,,,,,,,,,,,,,,,,,25.27,,,,
16-Jan-2012,18:15,16-Jan-2012,18:30,Tamil Nadu,Chennai,Velachery Res. Area, Chennai - CPCB,,,,,,,,,,,,,,,,,,,,,,,,,,,,,,,,,,,24.99,,,,
16-Jan-2012,18:30,16-Jan-2012,18:45,Tamil Nadu,Chennai,Velachery Res. Area, Chennai - CPCB,,,,,,,,,,,,,,,,,,,,,,,,,,,,,,,,,,,24.67,,,,
16-Jan-2012,18:45,16-Jan-2012,19:00,Tamil Nadu,Chennai,Velachery Res. Area, Chennai - CPCB,,,,,,,,,,,,,,,,,,,,,,,,,,,,,,,,,,,24.47,,,,
16-Jan-2012,19:00,16-Jan-2012,19:15,Tamil Nadu,Chennai,Velachery Res. Area, Chennai - CPCB,,,,,,,,,,,,,,,,,,,,,,,,,,,,,,,,,,,24.35,,,,
16-Jan-2012,19:15,16-Jan-2012,19:30,Tamil Nadu,Chennai,Velachery Res. Area, Chennai - CPCB,,,,,,,,,,,,,,,,,,,,,,,,,,,,,,,,,,,24.2,,,,
16-Jan-2012,19:30,16-Jan-2012,19:45,Tamil Nadu,Chennai,Velachery Res. Area, Chennai - CPCB,,,,,,,,,,,,,,,,,,,,,,,,,,,,,,,,,,,23.96,,,,
16-Jan-2012,19:45,16-Jan-2012,20:00,Tamil Nadu,Chennai,Velachery Res. Area, Chennai - CPCB,,,,,,,,,,,,,,,,,,,,,,,,,,,,,,,,,,,23.85,,,,
16-Jan-2012,20:00,16-Jan-2012,20:15,Tamil Nadu,Chennai,Velachery Res. Area, Chennai - CPCB,,,,,,,,,,,,,,,,,,,,,,,,,,,,,,,,,,,23.69,,,,
16-Jan-2012,20:15,16-Jan-2012,20:30,Tamil Nadu,Chennai,Velachery Res. Area, Chennai - CPCB,,,,,,,,,,,,,,,,,,,,,,,,,,,,,,,,,,,23.74,,,,
16-Jan-2012,20:30,16-Jan-2012,20:45,Tamil Nadu,Chennai,Velachery Res. Area, Chennai - CPCB,,,,,,,,,,,,,,,,,,,,,,,,,,,,,,,,,,,23.55,,,,
16-Jan-2012,20:45,16-Jan-2012,21:00,Tamil Nadu,Chennai,Velachery Res. Area, Chennai - CPCB,,,,,,,,,,,,,,,,,,,,,,,,,,,,,,,,,,,23.57,,,,
16-Jan-2012,21:00,16-Jan-2012,21:15,Tamil Nadu,Chennai,Velachery Res. Area, Chennai - CPCB,,,,,,,,,,,,,,,,,,,,,,,,,,,,,,,,,,,23.51,,,,
16-Jan-2012,21:15,16-Jan-2012,21:30,Tamil Nadu,Chennai,Velachery Res. Area, Chennai - CPCB,,,,,,,,,,,,,,,,,,,,,,,,,,,,,,,,,,,23.36,,,,
16-Jan-2012,21:30,16-Jan-2012,21:45,Tamil Nadu,Chennai,Velachery Res. Area, Chennai - CPCB,,,,,,,,,,,,,,,,,,,,,,,,,,,,,,,,,,,23.29,,,,
16-Jan-2012,21:45,16-Jan-2012,22:00,Tamil Nadu,Chennai,Velachery Res. Area, Chennai - CPCB,,,,,,,,,,,,,,,,,,,,,,,,,,,,,,,,,,,23.03,,,,
16-Jan-2012,22:00,16-Jan-2012,22:15,Tamil Nadu,Chennai,Velachery Res. Area, Chennai - CPCB,,,,,,,,,,,,,,,,,,,,,,,,,,,,,,,,,,,23.13,,,,
16-Jan-2012,22:15,16-Jan-2012,22:30,Tamil Nadu,Chennai,Velachery Res. Area, Chennai - CPCB,,,,,,,,,,,,,,,,,,,,,,,,,,,,,,,,,,,22.98,,,,
16-Jan-2012,22:30,16-Jan-2012,22:45,Tamil Nadu,Chennai,Velachery Res. Area, Chennai - CPCB,,,,,,,,,,,,,,,,,,,,,,,,,,,,,,,,,,,22.71,,,,
16-Jan-2012,22:45,16-Jan-2012,23:00,Tamil Nadu,Chennai,Velachery Res. Area, Chennai - CPCB,,,,,,,,,,,,,,,,,,,,,,,,,,,,,,,,,,,22.56,,,,
16-Jan-2012,23:00,16-Jan-2012,23:15,Tamil Nadu,Chennai,Velachery Res. Area, Chennai - CPCB,,,,,,,,,,,,,,,,,,,,,,,,,,,,,,,,,,,22.81,,,,
16-Jan-2012,23:15,16-Jan-2012,23:30,Tamil Nadu,Chennai,Velachery Res. Area, Chennai - CPCB,,,,,,,,,,,,,,,,,,,,,,,,,,,,,,,,,,,23.1,,,,
16-Jan-2012,23:30,16-Jan-2012,23:45,Tamil Nadu,Chennai,Velachery Res. Area, Chennai - CPCB,,,,,,,,,,,,,,,,,,,,,,,,,,,,,,,,,,,22.86,,,,
16-Jan-2012,23:45,17-Jan-2012,00:00,Tamil Nadu,Chennai,Velachery Res. Area, Chennai - CPCB,,,,,,,,,,,,,,,,,,,,,,,,,,,,,,,,,,,22.42,,,,
17-Jan-2012,00:00,17-Jan-2012,00:15,Tamil Nadu,Chennai,Velachery Res. Area, Chennai - CPCB,,,,,,,,,,,,,,,,,,,,,,,,,,,,,,,,,,,22.26,,,,
17-Jan-2012,00:15,17-Jan-2012,00:30,Tamil Nadu,Chennai,Velachery Res. Area, Chennai - CPCB,,,,,,,,,,,,,,,,,,,,,,,,,,,,,,,,,,,22.55,,,,
17-Jan-2012,00:30,17-Jan-2012,00:45,Tamil Nadu,Chennai,Velachery Res. Area, Chennai - CPCB,,,,,,,,,,,,,,,,,,,,,,,,,,,,,,,,,,,22.32,,,,
17-Jan-2012,00:45,17-Jan-2012,01:00,Tamil Nadu,Chennai,Velachery Res. Area, Chennai - CPCB,,,,,,,,,,,,,,,,,,,,,,,,,,,,,,,,,,,22.01,,,,
17-Jan-2012,01:00,17-Jan-2012,01:15,Tamil Nadu,Chennai,Velachery Res. Area, Chennai - CPCB,,,,,,,,,,,,,,,,,,,,,,,,,,,,,,,,,,,21.96,,,,
17-Jan-2012,01:15,17-Jan-2012,01:30,Tamil Nadu,Chennai,Velachery Res. Area, Chennai - CPCB,,,,,,,,,,,,,,,,,,,,,,,,,,,,,,,,,,,21.99,,,,
17-Jan-2012,01:30,17-Jan-2012,01:45,Tamil Nadu,Chennai,Velachery Res. Area, Chennai - CPCB,,,,,,,,,,,,,,,,,,,,,,,,,,,,,,,,,,,21.72,,,,
17-Jan-2012,01:45,17-Jan-2012,02:00,Tamil Nadu,Chennai,Velachery Res. Area, Chennai - CPCB,,,,,,,,,,,,,,,,,,,,,,,,,,,,,,,,,,,21.78,,,,
17-Jan-2012,02:00,17-Jan-2012,02:15,Tamil Nadu,Chennai,Velachery Res. Area, Chennai - CPCB,,,,,,,,,,,,,,,,,,,,,,,,,,,,,,,,,,,21.85,,,,
17-Jan-2012,02:15,17-Jan-2012,02:30,Tamil Nadu,Chennai,Velachery Res. Area, Chennai - CPCB,,,,,,,,,,,,,,,,,,,,,,,,,,,,,,,,,,,21.65,,,,
17-Jan-2012,02:30,17-Jan-2012,02:45,Tamil Nadu,Chennai,Velachery Res. Area, Chennai - CPCB,,,,,,,,,,,,,,,,,,,,,,,,,,,,,,,,,,,21.77,,,,
17-Jan-2012,02:45,17-Jan-2012,03:00,Tamil Nadu,Chennai,Velachery Res. Area, Chennai - CPCB,,,,,,,,,,,,,,,,,,,,,,,,,,,,,,,,,,,21.66,,,,
17-Jan-2012,03:00,17-Jan-2012,03:15,Tamil Nadu,Chennai,Velachery Res. Area, Chennai - CPCB,,,,,,,,,,,,,,,,,,,,,,,,,,,,,,,,,,,21.54,,,,
17-Jan-2012,03:15,17-Jan-2012,03:30,Tamil Nadu,Chennai,Velachery Res. Area, Chennai - CPCB,,,,,,,,,,,,,,,,,,,,,,,,,,,,,,,,,,,21.48,,,,
17-Jan-2012,03:30,17-Jan-2012,03:45,Tamil Nadu,Chennai,Velachery Res. Area, Chennai - CPCB,,,,,,,,,,,,,,,,,,,,,,,,,,,,,,,,,,,21.74,,,,
17-Jan-2012,03:45,17-Jan-2012,04:00,Tamil Nadu,Chennai,Velachery Res. Area, Chennai - CPCB,,,,,,,,,,,,,,,,,,,,,,,,,,,,,,,,,,,21.66,,,,
17-Jan-2012,04:00,17-Jan-2012,04:15,Tamil Nadu,Chennai,Velachery Res. Area, Chennai - CPCB,,,,,,,,,,,,,,,,,,,,,,,,,,,,,,,,,,,21.89,,,,
17-Jan-2012,04:15,17-Jan-2012,04:30,Tamil Nadu,Chennai,Velachery Res. Area, Chennai - CPCB,,,,,,,,,,,,,,,,,,,,,,,,,,,,,,,,,,,21.83,,,,
17-Jan-2012,04:30,17-Jan-2012,04:45,Tamil Nadu,Chennai,Velachery Res. Area, Chennai - CPCB,,,,,,,,,,,,,,,,,,,,,,,,,,,,,,,,,,,21.73,,,,
17-Jan-2012,04:45,17-Jan-2012,05:00,Tamil Nadu,Chennai,Velachery Res. Area, Chennai - CPCB,,,,,,,,,,,,,,,,,,,,,,,,,,,,,,,,,,,21.75,,,,
17-Jan-2012,05:00,17-Jan-2012,05:15,Tamil Nadu,Chennai,Velachery Res. Area, Chennai - CPCB,,,,,,,,,,,,,,,,,,,,,,,,,,,,,,,,,,,21.71,,,,
17-Jan-2012,05:15,17-Jan-2012,05:30,Tamil Nadu,Chennai,Velachery Res. Area, Chennai - CPCB,,,,,,,,,,,,,,,,,,,,,,,,,,,,,,,,,,,21.63,,,,
17-Jan-2012,05:30,17-Jan-2012,05:45,Tamil Nadu,Chennai,Velachery Res. Area, Chennai - CPCB,,,,,,,,,,,,,,,,,,,,,,,,,,,,,,,,,,,21.54,,,,
17-Jan-2012,05:45,17-Jan-2012,06:00,Tamil Nadu,Chennai,Velachery Res. Area, Chennai - CPCB,,,,,,,,,,,,,,,,,,,,,,,,,,,,,,,,,,,21.59,,,,
17-Jan-2012,06:00,17-Jan-2012,06:15,Tamil Nadu,Chennai,Velachery Res. Area, Chennai - CPCB,,,,,,,,,,,,,,,,,,,,,,,,,,,,,,,,,,,21.49,,,,
17-Jan-2012,06:15,17-Jan-2012,06:30,Tamil Nadu,Chennai,Velachery Res. Area, Chennai - CPCB,,,,,,,,,,,,,,,,,,,,,,,,,,,,,,,,,,,21.4,,,,
17-Jan-2012,06:30,17-Jan-2012,06:45,Tamil Nadu,Chennai,Velachery Res. Area, Chennai - CPCB,,,,,,,,,,,,,,,,,,,,,,,,,,,,,,,,,,,21.36,,,,
17-Jan-2012,06:45,17-Jan-2012,07:00,Tamil Nadu,Chennai,Velachery Res. Area, Chennai - CPCB,,,,,,,,,,,,,,,,,,,,,,,,,,,,,,,,,,,21.38,,,,
17-Jan-2012,07:00,17-Jan-2012,07:15,Tamil Nadu,Chennai,Velachery Res. Area, Chennai - CPCB,,,,,,,,,,,,,,,,,,,,,,,,,,,,,,,,,,,21.53,,,,
17-Jan-2012,07:15,17-Jan-2012,07:30,Tamil Nadu,Chennai,Velachery Res. Area, Chennai - CPCB,,,,,,,,,,,,,,,,,,,,,,,,,,,,,,,,,,,21.76,,,,
17-Jan-2012,07:30,17-Jan-2012,07:45,Tamil Nadu,Chennai,Velachery Res. Area, Chennai - CPCB,,,,,,,,,,,,,,,,,,,,,,,,,,,,,,,,,,,22.11,,,,
17-Jan-2012,07:45,17-Jan-2012,08:00,Tamil Nadu,Chennai,Velachery Res. Area, Chennai - CPCB,,,,,,,,,,,,,,,,,,,,,,,,,,,,,,,,,,,22.59,,,,
17-Jan-2012,08:00,17-Jan-2012,08:15,Tamil Nadu,Chennai,Velachery Res. Area, Chennai - CPCB,,,,,,,,,,,,,,,,,,,,,,,,,,,,,,,,,,,23.17,,,,
17-Jan-2012,08:15,17-Jan-2012,08:30,Tamil Nadu,Chennai,Velachery Res. Area, Chennai - CPCB,,,,,,,,,,,,,,,,,,,,,,,,,,,,,,,,,,,23.83,,,,
17-Jan-2012,08:30,17-Jan-2012,08:45,Tamil Nadu,Chennai,Velachery Res. Area, Chennai - CPCB,,,,,,,,,,,,,,,,,,,,,,,,,,,,,,,,,,,24.51,,,,
17-Jan-2012,08:45,17-Jan-2012,09:00,Tamil Nadu,Chennai,Velachery Res. Area, Chennai - CPCB,,,,,,,,,,,,,,,,,,,,,,,,,,,,,,,,,,,25.02,,,,
17-Jan-2012,09:00,17-Jan-2012,09:15,Tamil Nadu,Chennai,Velachery Res. Area, Chennai - CPCB,,,,,,,,,,,,,,,,,,,,,,,,,,,,,,,,,,,25.51,,,,
17-Jan-2012,09:15,17-Jan-2012,09:30,Tamil Nadu,Chennai,Velachery Res. Area, Chennai - CPCB,,,,,,,,,,,,,,,,,,,,,,,,,,,,,,,,,,,26.19,,,,
17-Jan-2012,09:30,17-Jan-2012,09:45,Tamil Nadu,Chennai,Velachery Res. Area, Chennai - CPCB,,,,,,,,,,,,,,,,,,,,,,,,,,,,,,,,,,,26.6,,,,
17-Jan-2012,09:45,17-Jan-2012,10:00,Tamil Nadu,Chennai,Velachery Res. Area, Chennai - CPCB,,,,,,,,,,,,,,,,,,,,,,,,,,,,,,,,,,,27.13,,,,
17-Jan-2012,10:00,17-Jan-2012,10:15,Tamil Nadu,Chennai,Velachery Res. Area, Chennai - CPCB,,,,,,,,,,,,,,,,,,,,,,,,,,,,,,,,,,,27.32,,,,
17-Jan-2012,10:15,17-Jan-2012,10:30,Tamil Nadu,Chennai,Velachery Res. Area, Chennai - CPCB,,,,,,,,,,,,,,,,,,,,,,,,,,,,,,,,,,,27.82,,,,
17-Jan-2012,10:30,17-Jan-2012,10:45,Tamil Nadu,Chennai,Velachery Res. Area, Chennai - CPCB,,,,,,,,,,,,,,,,,,,,,,,,,,,,,,,,,,,28.17,,,,
17-Jan-2012,10:45,17-Jan-2012,11:00,Tamil Nadu,Chennai,Velachery Res. Area, Chennai - CPCB,,,,,,,,,,,,,,,,,,,,,,,,,,,,,,,,,,,28.07,,,,
17-Jan-2012,11:00,17-Jan-2012,11:15,Tamil Nadu,Chennai,Velachery Res. Area, Chennai - CPCB,,,,,,,,,,,,,,,,,,,,,,,,,,,,,,,,,,,28.21,,,,
17-Jan-2012,11:15,17-Jan-2012,11:30,Tamil Nadu,Chennai,Velachery Res. Area, Chennai - CPCB,,,,,,,,,,,,,,,,,,,,,,,,,,,,,,,,,,,28.68,,,,
17-Jan-2012,11:30,17-Jan-2012,11:45,Tamil Nadu,Chennai,Velachery Res. Area, Chennai - CPCB,,,,,,,,,,,,,,,,,,,,,,,,,,,,,,,,,,,28.77,,,,
17-Jan-2012,11:45,17-Jan-2012,12:00,Tamil Nadu,Chennai,Velachery Res. Area, Chennai - CPCB,,,,,,,,,,,,,,,,,,,,,,,,,,,,,,,,,,,28.86,,,,
17-Jan-2012,12:00,17-Jan-2012,12:15,Tamil Nadu,Chennai,Velachery Res. Area, Chennai - CPCB,,,,,,,,,,,,,,,,,,,,,,,,,,,,,,,,,,,28.74,,,,
17-Jan-2012,12:15,17-Jan-2012,12:30,Tamil Nadu,Chennai,Velachery Res. Area, Chennai - CPCB,,,,,,,,,,,,,,,,,,,,,,,,,,,,,,,,,,,28.82,,,,
17-Jan-2012,12:30,17-Jan-2012,12:45,Tamil Nadu,Chennai,Velachery Res. Area, Chennai - CPCB,,,,,,,,,,,,,,,,,,,,,,,,,,,,,,,,,,,28.84,,,,
17-Jan-2012,12:45,17-Jan-2012,13:00,Tamil Nadu,Chennai,Velachery Res. Area, Chennai - CPCB,,,,,,,,,,,,,,,,,,,,,,,,,,,,,,,,,,,28.68,,,,
17-Jan-2012,13:00,17-Jan-2012,13:15,Tamil Nadu,Chennai,Velachery Res. Area, Chennai - CPCB,,,,,,,,,,,,,,,,,,,,,,,,,,,,,,,,,,,29.05,,,,
17-Jan-2012,13:15,17-Jan-2012,13:30,Tamil Nadu,Chennai,Velachery Res. Area, Chennai - CPCB,,,,,,,,,,,,,,,,,,,,,,,,,,,,,,,,,,,28.94,,,,
17-Jan-2012,13:30,17-Jan-2012,13:45,Tamil Nadu,Chennai,Velachery Res. Area, Chennai - CPCB,,,,,,,,,,,,,,,,,,,,,,,,,,,,,,,,,,,28.89,,,,
17-Jan-2012,13:45,17-Jan-2012,14:00,Tamil Nadu,Chennai,Velachery Res. Area, Chennai - CPCB,,,,,,,,,,,,,,,,,,,,,,,,,,,,,,,,,,,28.97,,,,
17-Jan-2012,14:00,17-Jan-2012,14:15,Tamil Nadu,Chennai,Velachery Res. Area, Chennai - CPCB,,,,,,,,,,,,,,,,,,,,,,,,,,,,,,,,,,,28.81,,,,
17-Jan-2012,14:15,17-Jan-2012,14:30,Tamil Nadu,Chennai,Velachery Res. Area, Chennai - CPCB,,,,,,,,,,,,,,,,,,,,,,,,,,,,,,,,,,,29.19,,,,
17-Jan-2012,14:30,17-Jan-2012,14:45,Tamil Nadu,Chennai,Velachery Res. Area, Chennai - CPCB,,,,,,,,,,,,,,,,,,,,,,,,,,,,,,,,,,,29.14,,,,
17-Jan-2012,14:45,17-Jan-2012,15:00,Tamil Nadu,Chennai,Velachery Res. Area, Chennai - CPCB,,,,,,,,,,,,,,,,,,,,,,,,,,,,,,,,,,,29.07,,,,
17-Jan-2012,15:00,17-Jan-2012,15:15,Tamil Nadu,Chennai,Velachery Res. Area, Chennai - CPCB,,,,,,,,,,,,,,,,,,,,,,,,,,,,,,,,,,,29.09,,,,
17-Jan-2012,15:15,17-Jan-2012,15:30,Tamil Nadu,Chennai,Velachery Res. Area, Chennai - CPCB,,,,,,,,,,,,,,,,,,,,,,,,,,,,,,,,,,,28.87,,,,
17-Jan-2012,15:30,17-Jan-2012,15:45,Tamil Nadu,Chennai,Velachery Res. Area, Chennai - CPCB,,,,,,,,,,,,,,,,,,,,,,,,,,,,,,,,,,,28.81,,,,
17-Jan-2012,15:45,17-Jan-2012,16:00,Tamil Nadu,Chennai,Velachery Res. Area, Chennai - CPCB,,,,,,,,,,,,,,,,,,,,,,,,,,,,,,,,,,,28.73,,,,
17-Jan-2012,16:00,17-Jan-2012,16:15,Tamil Nadu,Chennai,Velachery Res. Area, Chennai - CPCB,,,,,,,,,,,,,,,,,,,,,,,,,,,,,,,,,,,28.48,,,,
17-Jan-2012,16:15,17-Jan-2012,16:30,Tamil Nadu,Chennai,Velachery Res. Area, Chennai - CPCB,,,,,,,,,,,,,,,,,,,,,,,,,,,,,,,,,,,28.27,,,,
17-Jan-2012,16:30,17-Jan-2012,16:45,Tamil Nadu,Chennai,Velachery Res. Area, Chennai - CPCB,,,,,,,,,,,,,,,,,,,,,,,,,,,,,,,,,,,28.1,,,,
17-Jan-2012,16:45,17-Jan-2012,17:00,Tamil Nadu,Chennai,Velachery Res. Area, Chennai - CPCB,,,,,,,,,,,,,,,,,,,,,,,,,,,,,,,,,,,27.65,,,,
17-Jan-2012,17:00,17-Jan-2012,17:15,Tamil Nadu,Chennai,Velachery Res. Area, Chennai - CPCB,,,,,,,,,,,,,,,,,,,,,,,,,,,,,,,,,,,27.36,,,,
17-Jan-2012,17:15,17-Jan-2012,17:30,Tamil Nadu,Chennai,Velachery Res. Area, Chennai - CPCB,,,,,,,,,,,,,,,,,,,,,,,,,,,,,,,,,,,26.99,,,,
17-Jan-2012,17:30,17-Jan-2012,17:45,Tamil Nadu,Chennai,Velachery Res. Area, Chennai - CPCB,,,,,,,,,,,,,,,,,,,,,,,,,,,,,,,,,,,26.45,,,,
17-Jan-2012,17:45,17-Jan-2012,18:00,Tamil Nadu,Chennai,Velachery Res. Area, Chennai - CPCB,,,,,,,,,,,,,,,,,,,,,,,,,,,,,,,,,,,26.09,,,,
17-Jan-2012,18:00,17-Jan-2012,18:15,Tamil Nadu,Chennai,Velachery Res. Area, Chennai - CPCB,,,,,,,,,,,,,,,,,,,,,,,,,,,,,,,,,,,25.66,,,,
17-Jan-2012,18:15,17-Jan-2012,18:30,Tamil Nadu,Chennai,Velachery Res. Area, Chennai - CPCB,,,,,,,,,,,,,,,,,,,,,,,,,,,,,,,,,,,25.29,,,,
17-Jan-2012,18:30,17-Jan-2012,18:45,Tamil Nadu,Chennai,Velachery Res. Area, Chennai - CPCB,,,,,,,,,,,,,,,,,,,,,,,,,,,,,,,,,,,25.01,,,,
17-Jan-2012,18:45,17-Jan-2012,19:00,Tamil Nadu,Chennai,Velachery Res. Area, Chennai - CPCB,,,,,,,,,,,,,,,,,,,,,,,,,,,,,,,,,,,24.79,,,,
17-Jan-2012,19:00,17-Jan-2012,19:15,Tamil Nadu,Chennai,Velachery Res. Area, Chennai - CPCB,,,,,,,,,,,,,,,,,,,,,,,,,,,,,,,,,,,24.42,,,,
17-Jan-2012,19:15,17-Jan-2012,19:30,Tamil Nadu,Chennai,Velachery Res. Area, Chennai - CPCB,,,,,,,,,,,,,,,,,,,,,,,,,,,,,,,,,,,24.18,,,,
17-Jan-2012,19:30,17-Jan-2012,19:45,Tamil Nadu,Chennai,Velachery Res. Area, Chennai - CPCB,,,,,,,,,,,,,,,,,,,,,,,,,,,,,,,,,,,24.02,,,,
17-Jan-2012,19:45,17-Jan-2012,20:00,Tamil Nadu,Chennai,Velachery Res. Area, Chennai - CPCB,,,,,,,,,,,,,,,,,,,,,,,,,,,,,,,,,,,23.83,,,,
17-Jan-2012,20:00,17-Jan-2012,20:15,Tamil Nadu,Chennai,Velachery Res. Area, Chennai - CPCB,,,,,,,,,,,,,,,,,,,,,,,,,,,,,,,,,,,23.92,,,,
17-Jan-2012,20:15,17-Jan-2012,20:30,Tamil Nadu,Chennai,Velachery Res. Area, Chennai - CPCB,,,,,,,,,,,,,,,,,,,,,,,,,,,,,,,,,,,23.8,,,,
17-Jan-2012,20:30,17-Jan-2012,20:45,Tamil Nadu,Chennai,Velachery Res. Area, Chennai - CPCB,,,,,,,,,,,,,,,,,,,,,,,,,,,,,,,,,,,23.9,,,,
17-Jan-2012,20:45,17-Jan-2012,21:00,Tamil Nadu,Chennai,Velachery Res. Area, Chennai - CPCB,,,,,,,,,,,,,,,,,,,,,,,,,,,,,,,,,,,23.93,,,,
17-Jan-2012,21:00,17-Jan-2012,21:15,Tamil Nadu,Chennai,Velachery Res. Area, Chennai - CPCB,,,,,,,,,,,,,,,,,,,,,,,,,,,,,,,,,,,24.0,,,,
17-Jan-2012,21:15,17-Jan-2012,21:30,Tamil Nadu,Chennai,Velachery Res. Area, Chennai - CPCB,,,,,,,,,,,,,,,,,,,,,,,,,,,,,,,,,,,23.72,,,,
17-Jan-2012,21:30,17-Jan-2012,21:45,Tamil Nadu,Chennai,Velachery Res. Area, Chennai - CPCB,,,,,,,,,,,,,,,,,,,,,,,,,,,,,,,,,,,23.12,,,,
17-Jan-2012,21:45,17-Jan-2012,22:00,Tamil Nadu,Chennai,Velachery Res. Area, Chennai - CPCB,,,,,,,,,,,,,,,,,,,,,,,,,,,,,,,,,,,22.93,,,,
17-Jan-2012,22:00,17-Jan-2012,22:15,Tamil Nadu,Chennai,Velachery Res. Area, Chennai - CPCB,,,,,,,,,,,,,,,,,,,,,,,,,,,,,,,,,,,22.99,,,,
17-Jan-2012,22:15,17-Jan-2012,22:30,Tamil Nadu,Chennai,Velachery Res. Area, Chennai - CPCB,,,,,,,,,,,,,,,,,,,,,,,,,,,,,,,,,,,22.84,,,,
17-Jan-2012,22:30,17-Jan-2012,22:45,Tamil Nadu,Chennai,Velachery Res. Area, Chennai - CPCB,,,,,,,,,,,,,,,,,,,,,,,,,,,,,,,,,,,22.95,,,,
17-Jan-2012,22:45,17-Jan-2012,23:00,Tamil Nadu,Chennai,Velachery Res. Area, Chennai - CPCB,,,,,,,,,,,,,,,,,,,,,,,,,,,,,,,,,,,22.95,,,,
17-Jan-2012,23:00,17-Jan-2012,23:15,Tamil Nadu,Chennai,Velachery Res. Area, Chennai - CPCB,,,,,,,,,,,,,,,,,,,,,,,,,,,,,,,,,,,23.03,,,,
17-Jan-2012,23:15,17-Jan-2012,23:30,Tamil Nadu,Chennai,Velachery Res. Area, Chennai - CPCB,,,,,,,,,,,,,,,,,,,,,,,,,,,,,,,,,,,23.02,,,,
17-Jan-2012,23:30,17-Jan-2012,23:45,Tamil Nadu,Chennai,Velachery Res. Area, Chennai - CPCB,,,,,,,,,,,,,,,,,,,,,,,,,,,,,,,,,,,22.84,,,,
17-Jan-2012,23:45,18-Jan-2012,00:00,Tamil Nadu,Chennai,Velachery Res. Area, Chennai - CPCB,,,,,,,,,,,,,,,,,,,,,,,,,,,,,,,,,,,22.72,,,,
18-Jan-2012,00:00,18-Jan-2012,00:15,Tamil Nadu,Chennai,Velachery Res. Area, Chennai - CPCB,,,,,,,,,,,,,,,,,,,,,,,,,,,,,,,,,,,22.25,,,,
18-Jan-2012,00:15,18-Jan-2012,00:30,Tamil Nadu,Chennai,Velachery Res. Area, Chennai - CPCB,,,,,,,,,,,,,,,,,,,,,,,,,,,,,,,,,,,22.02,,,,
18-Jan-2012,00:30,18-Jan-2012,00:45,Tamil Nadu,Chennai,Velachery Res. Area, Chennai - CPCB,,,,,,,,,,,,,,,,,,,,,,,,,,,,,,,,,,,21.98,,,,
18-Jan-2012,00:45,18-Jan-2012,01:00,Tamil Nadu,Chennai,Velachery Res. Area, Chennai - CPCB,,,,,,,,,,,,,,,,,,,,,,,,,,,,,,,,,,,22.18,,,,
18-Jan-2012,01:00,18-Jan-2012,01:15,Tamil Nadu,Chennai,Velachery Res. Area, Chennai - CPCB,,,,,,,,,,,,,,,,,,,,,,,,,,,,,,,,,,,22.57,,,,
18-Jan-2012,01:15,18-Jan-2012,01:30,Tamil Nadu,Chennai,Velachery Res. Area, Chennai - CPCB,,,,,,,,,,,,,,,,,,,,,,,,,,,,,,,,,,,22.17,,,,
18-Jan-2012,01:30,18-Jan-2012,01:45,Tamil Nadu,Chennai,Velachery Res. Area, Chennai - CPCB,,,,,,,,,,,,,,,,,,,,,,,,,,,,,,,,,,,22.22,,,,
18-Jan-2012,01:45,18-Jan-2012,02:00,Tamil Nadu,Chennai,Velachery Res. Area, Chennai - CPCB,,,,,,,,,,,,,,,,,,,,,,,,,,,,,,,,,,,21.96,,,,
18-Jan-2012,02:00,18-Jan-2012,02:15,Tamil Nadu,Chennai,Velachery Res. Area, Chennai - CPCB,,,,,,,,,,,,,,,,,,,,,,,,,,,,,,,,,,,22.03,,,,
18-Jan-2012,02:15,18-Jan-2012,02:30,Tamil Nadu,Chennai,Velachery Res. Area, Chennai - CPCB,,,,,,,,,,,,,,,,,,,,,,,,,,,,,,,,,,,21.86,,,,
18-Jan-2012,02:30,18-Jan-2012,02:45,Tamil Nadu,Chennai,Velachery Res. Area, Chennai - CPCB,,,,,,,,,,,,,,,,,,,,,,,,,,,,,,,,,,,21.65,,,,
18-Jan-2012,02:45,18-Jan-2012,03:00,Tamil Nadu,Chennai,Velachery Res. Area, Chennai - CPCB,,,,,,,,,,,,,,,,,,,,,,,,,,,,,,,,,,,21.52,,,,
18-Jan-2012,03:00,18-Jan-2012,03:15,Tamil Nadu,Chennai,Velachery Res. Area, Chennai - CPCB,,,,,,,,,,,,,,,,,,,,,,,,,,,,,,,,,,,22.0,,,,
18-Jan-2012,03:15,18-Jan-2012,03:30,Tamil Nadu,Chennai,Velachery Res. Area, Chennai - CPCB,,,,,,,,,,,,,,,,,,,,,,,,,,,,,,,,,,,22.26,,,,
18-Jan-2012,03:30,18-Jan-2012,03:45,Tamil Nadu,Chennai,Velachery Res. Area, Chennai - CPCB,,,,,,,,,,,,,,,,,,,,,,,,,,,,,,,,,,,22.43,,,,
18-Jan-2012,03:45,18-Jan-2012,04:00,Tamil Nadu,Chennai,Velachery Res. Area, Chennai - CPCB,,,,,,,,,,,,,,,,,,,,,,,,,,,,,,,,,,,22.66,,,,
18-Jan-2012,04:00,18-Jan-2012,04:15,Tamil Nadu,Chennai,Velachery Res. Area, Chennai - CPCB,,,,,,,,,,,,,,,,,,,,,,,,,,,,,,,,,,,22.66,,,,
18-Jan-2012,04:15,18-Jan-2012,04:30,Tamil Nadu,Chennai,Velachery Res. Area, Chennai - CPCB,,,,,,,,,,,,,,,,,,,,,,,,,,,,,,,,,,,22.63,,,,
18-Jan-2012,04:30,18-Jan-2012,04:45,Tamil Nadu,Chennai,Velachery Res. Area, Chennai - CPCB,,,,,,,,,,,,,,,,,,,,,,,,,,,,,,,,,,,22.51,,,,
18-Jan-2012,04:45,18-Jan-2012,05:00,Tamil Nadu,Chennai,Velachery Res. Area, Chennai - CPCB,,,,,,,,,,,,,,,,,,,,,,,,,,,,,,,,,,,22.53,,,,
18-Jan-2012,05:00,18-Jan-2012,05:15,Tamil Nadu,Chennai,Velachery Res. Area, Chennai - CPCB,,,,,,,,,,,,,,,,,,,,,,,,,,,,,,,,,,,22.55,,,,
18-Jan-2012,05:15,18-Jan-2012,05:30,Tamil Nadu,Chennai,Velachery Res. Area, Chennai - CPCB,,,,,,,,,,,,,,,,,,,,,,,,,,,,,,,,,,,22.19,,,,
18-Jan-2012,05:30,18-Jan-2012,05:45,Tamil Nadu,Chennai,Velachery Res. Area, Chennai - CPCB,,,,,,,,,,,,,,,,,,,,,,,,,,,,,,,,,,,22.25,,,,
18-Jan-2012,05:45,18-Jan-2012,06:00,Tamil Nadu,Chennai,Velachery Res. Area, Chennai - CPCB,,,,,,,,,,,,,,,,,,,,,,,,,,,,,,,,,,,22.19,,,,
18-Jan-2012,06:00,18-Jan-2012,06:15,Tamil Nadu,Chennai,Velachery Res. Area, Chennai - CPCB,,,,,,,,,,,,,,,,,,,,,,,,,,,,,,,,,,,22.18,,,,
18-Jan-2012,06:15,18-Jan-2012,06:30,Tamil Nadu,Chennai,Velachery Res. Area, Chennai - CPCB,,,,,,,,,,,,,,,,,,,,,,,,,,,,,,,,,,,22.16,,,,
18-Jan-2012,06:30,18-Jan-2012,06:45,Tamil Nadu,Chennai,Velachery Res. Area, Chennai - CPCB,,,,,,,,,,,,,,,,,,,,,,,,,,,,,,,,,,,22.14,,,,
18-Jan-2012,06:45,18-Jan-2012,07:00,Tamil Nadu,Chennai,Velachery Res. Area, Chennai - CPCB,,,,,,,,,,,,,,,,,,,,,,,,,,,,,,,,,,,22.16,,,,
18-Jan-2012,07:00,18-Jan-2012,07:15,Tamil Nadu,Chennai,Velachery Res. Area, Chennai - CPCB,,,,,,,,,,,,,,,,,,,,,,,,,,,,,,,,,,,22.37,,,,
18-Jan-2012,07:15,18-Jan-2012,07:30,Tamil Nadu,Chennai,Velachery Res. Area, Chennai - CPCB,,,,,,,,,,,,,,,,,,,,,,,,,,,,,,,,,,,22.77,,,,
18-Jan-2012,07:30,18-Jan-2012,07:45,Tamil Nadu,Chennai,Velachery Res. Area, Chennai - CPCB,,,,,,,,,,,,,,,,,,,,,,,,,,,,,,,,,,,23.29,,,,
18-Jan-2012,07:45,18-Jan-2012,08:00,Tamil Nadu,Chennai,Velachery Res. Area, Chennai - CPCB,,,,,,,,,,,,,,,,,,,,,,,,,,,,,,,,,,,23.82,,,,
18-Jan-2012,08:00,18-Jan-2012,08:15,Tamil Nadu,Chennai,Velachery Res. Area, Chennai - CPCB,,,,,,,,,,,,,,,,,,,,,,,,,,,,,,,,,,,24.14,,,,
18-Jan-2012,08:15,18-Jan-2012,08:30,Tamil Nadu,Chennai,Velachery Res. Area, Chennai - CPCB,,,,,,,,,,,,,,,,,,,,,,,,,,,,,,,,,,,24.59,,,,
18-Jan-2012,08:30,18-Jan-2012,08:45,Tamil Nadu,Chennai,Velachery Res. Area, Chennai - CPCB,,,,,,,,,,,,,,,,,,,,,,,,,,,,,,,,,,,24.79,,,,
18-Jan-2012,08:45,18-Jan-2012,09:00,Tamil Nadu,Chennai,Velachery Res. Area, Chennai - CPCB,,,,,,,,,,,,,,,,,,,,,,,,,,,,,,,,,,,25.54,,,,
18-Jan-2012,09:00,18-Jan-2012,09:15,Tamil Nadu,Chennai,Velachery Res. Area, Chennai - CPCB,,,,,,,,,,,,,,,,,,,,,,,,,,,,,,,,,,,26.23,,,,
18-Jan-2012,09:15,18-Jan-2012,09:30,Tamil Nadu,Chennai,Velachery Res. Area, Chennai - CPCB,,,,,,,,,,,,,,,,,,,,,,,,,,,,,,,,,,,26.67,,,,
18-Jan-2012,09:30,18-Jan-2012,09:45,Tamil Nadu,Chennai,Velachery Res. Area, Chennai - CPCB,,,,,,,,,,,,,,,,,,,,,,,,,,,,,,,,,,,27.32,,,,
18-Jan-2012,09:45,18-Jan-2012,10:00,Tamil Nadu,Chennai,Velachery Res. Area, Chennai - CPCB,,,,,,,,,,,,,,,,,,,,,,,,,,,,,,,,,,,27.91,,,,
18-Jan-2012,10:00,18-Jan-2012,10:15,Tamil Nadu,Chennai,Velachery Res. Area, Chennai - CPCB,,,,,,,,,,,,,,,,,,,,,,,,,,,,,,,,,,,28.18,,,,
18-Jan-2012,10:15,18-Jan-2012,10:30,Tamil Nadu,Chennai,Velachery Res. Area, Chennai - CPCB,,,,,,,,,,,,,,,,,,,,,,,,,,,,,,,,,,,28.22,,,,
18-Jan-2012,10:30,18-Jan-2012,10:45,Tamil Nadu,Chennai,Velachery Res. Area, Chennai - CPCB,,,,,,,,,,,,,,,,,,,,,,,,,,,,,,,,,,,28.45,,,,
18-Jan-2012,10:45,18-Jan-2012,11:00,Tamil Nadu,Chennai,Velachery Res. Area, Chennai - CPCB,,,,,,,,,,,,,,,,,,,,,,,,,,,,,,,,,,,28.89,,,,
18-Jan-2012,11:00,18-Jan-2012,11:15,Tamil Nadu,Chennai,Velachery Res. Area, Chennai - CPCB,,,,,,,,,,,,,,,,,,,,,,,,,,,,,,,,,,,28.92,,,,
18-Jan-2012,11:15,18-Jan-2012,11:30,Tamil Nadu,Chennai,Velachery Res. Area, Chennai - CPCB,,,,,,,,,,,,,,,,,,,,,,,,,,,,,,,,,,,29.19,,,,
18-Jan-2012,11:30,18-Jan-2012,11:45,Tamil Nadu,Chennai,Velachery Res. Area, Chennai - CPCB,,,,,,,,,,,,,,,,,,,,,,,,,,,,,,,,,,,29.17,,,,
18-Jan-2012,11:45,18-Jan-2012,12:00,Tamil Nadu,Chennai,Velachery Res. Area, Chennai - CPCB,,,,,,,,,,,,,,,,,,,,,,,,,,,,,,,,,,,28.99,,,,
18-Jan-2012,12:00,18-Jan-2012,12:15,Tamil Nadu,Chennai,Velachery Res. Area, Chennai - CPCB,,,,,,,,,,,,,,,,,,,,,,,,,,,,,,,,,,,29.25,,,,
18-Jan-2012,12:15,18-Jan-2012,12:30,Tamil Nadu,Chennai,Velachery Res. Area, Chennai - CPCB,,,,,,,,,,,,,,,,,,,,,,,,,,,,,,,,,,,29.09,,,,
18-Jan-2012,12:30,18-Jan-2012,12:45,Tamil Nadu,Chennai,Velachery Res. Area, Chennai - CPCB,,,,,,,,,,,,,,,,,,,,,,,,,,,,,,,,,,,29.09,,,,
18-Jan-2012,12:45,18-Jan-2012,13:00,Tamil Nadu,Chennai,Velachery Res. Area, Chennai - CPCB,,,,,,,,,,,,,,,,,,,,,,,,,,,,,,,,,,,29.03,,,,
18-Jan-2012,13:00,18-Jan-2012,13:15,Tamil Nadu,Chennai,Velachery Res. Area, Chennai - CPCB,,,,,,,,,,,,,,,,,,,,,,,,,,,,,,,,,,,29.16,,,,
18-Jan-2012,13:15,18-Jan-2012,13:30,Tamil Nadu,Chennai,Velachery Res. Area, Chennai - CPCB,,,,,,,,,,,,,,,,,,,,,,,,,,,,,,,,,,,29.16,,,,
18-Jan-2012,13:30,18-Jan-2012,13:45,Tamil Nadu,Chennai,Velachery Res. Area, Chennai - CPCB,,,,,,,,,,,,,,,,,,,,,,,,,,,,,,,,,,,29.24,,,,
18-Jan-2012,13:45,18-Jan-2012,14:00,Tamil Nadu,Chennai,Velachery Res. Area, Chennai - CPCB,,,,,,,,,,,,,,,,,,,,,,,,,,,,,,,,,,,29.38,,,,
18-Jan-2012,14:00,18-Jan-2012,14:15,Tamil Nadu,Chennai,Velachery Res. Area, Chennai - CPCB,,,,,,,,,,,,,,,,,,,,,,,,,,,,,,,,,,,29.05,,,,
18-Jan-2012,14:15,18-Jan-2012,14:30,Tamil Nadu,Chennai,Velachery Res. Area, Chennai - CPCB,,,,,,,,,,,,,,,,,,,,,,,,,,,,,,,,,,,29.08,,,,
18-Jan-2012,14:30,18-Jan-2012,14:45,Tamil Nadu,Chennai,Velachery Res. Area, Chennai - CPCB,,,,,,,,,,,,,,,,,,,,,,,,,,,,,,,,,,,29.14,,,,
18-Jan-2012,14:45,18-Jan-2012,15:00,Tamil Nadu,Chennai,Velachery Res. Area, Chennai - CPCB,,,,,,,,,,,,,,,,,,,,,,,,,,,,,,,,,,,29.07,,,,
18-Jan-2012,15:00,18-Jan-2012,15:15,Tamil Nadu,Chennai,Velachery Res. Area, Chennai - CPCB,,,,,,,,,,,,,,,,,,,,,,,,,,,,,,,,,,,29.43,,,,
18-Jan-2012,15:15,18-Jan-2012,15:30,Tamil Nadu,Chennai,Velachery Res. Area, Chennai - CPCB,,,,,,,,,,,,,,,,,,,,,,,,,,,,,,,,,,,29.19,,,,
18-Jan-2012,15:30,18-Jan-2012,15:45,Tamil Nadu,Chennai,Velachery Res. Area, Chennai - CPCB,,,,,,,,,,,,,,,,,,,,,,,,,,,,,,,,,,,29.22,,,,
18-Jan-2012,15:45,18-Jan-2012,16:00,Tamil Nadu,Chennai,Velachery Res. Area, Chennai - CPCB,,,,,,,,,,,,,,,,,,,,,,,,,,,,,,,,,,,29.41,,,,
18-Jan-2012,16:00,18-Jan-2012,16:15,Tamil Nadu,Chennai,Velachery Res. Area, Chennai - CPCB,,,,,,,,,,,,,,,,,,,,,,,,,,,,,,,,,,,28.89,,,,
18-Jan-2012,16:15,18-Jan-2012,16:30,Tamil Nadu,Chennai,Velachery Res. Area, Chennai - CPCB,,,,,,,,,,,,,,,,,,,,,,,,,,,,,,,,,,,28.75,,,,
18-Jan-2012,16:30,18-Jan-2012,16:45,Tamil Nadu,Chennai,Velachery Res. Area, Chennai - CPCB,,,,,,,,,,,,,,,,,,,,,,,,,,,,,,,,,,,28.62,,,,
18-Jan-2012,16:45,18-Jan-2012,17:00,Tamil Nadu,Chennai,Velachery Res. Area, Chennai - CPCB,,,,,,,,,,,,,,,,,,,,,,,,,,,,,,,,,,,28.64,,,,
18-Jan-2012,17:00,18-Jan-2012,17:15,Tamil Nadu,Chennai,Velachery Res. Area, Chennai - CPCB,,,,,,,,,,,,,,,,,,,,,,,,,,,,,,,,,,,28.42,,,,
18-Jan-2012,17:15,18-Jan-2012,17:30,Tamil Nadu,Chennai,Velachery Res. Area, Chennai - CPCB,,,,,,,,,,,,,,,,,,,,,,,,,,,,,,,,,,,28.1,,,,
18-Jan-2012,17:30,18-Jan-2012,17:45,Tamil Nadu,Chennai,Velachery Res. Area, Chennai - CPCB,,,,,,,,,,,,,,,,,,,,,,,,,,,,,,,,,,,27.95,,,,
18-Jan-2012,17:45,18-Jan-2012,18:00,Tamil Nadu,Chennai,Velachery Res. Area, Chennai - CPCB,,,,,,,,,,,,,,,,,,,,,,,,,,,,,,,,,,,27.72,,,,
18-Jan-2012,18:00,18-Jan-2012,18:15,Tamil Nadu,Chennai,Velachery Res. Area, Chennai - CPCB,,,,,,,,,,,,,,,,,,,,,,,,,,,,,,,,,,,27.53,,,,
18-Jan-2012,18:15,18-Jan-2012,18:30,Tamil Nadu,Chennai,Velachery Res. Area, Chennai - CPCB,,,,,,,,,,,,,,,,,,,,,,,,,,,,,,,,,,,27.34,,,,
18-Jan-2012,18:30,18-Jan-2012,18:45,Tamil Nadu,Chennai,Velachery Res. Area, Chennai - CPCB,,,,,,,,,,,,,,,,,,,,,,,,,,,,,,,,,,,27.14,,,,
18-Jan-2012,18:45,18-Jan-2012,19:00,Tamil Nadu,Chennai,Velachery Res. Area, Chennai - CPCB,,,,,,,,,,,,,,,,,,,,,,,,,,,,,,,,,,,27.07,,,,
18-Jan-2012,19:00,18-Jan-2012,19:15,Tamil Nadu,Chennai,Velachery Res. Area, Chennai - CPCB,,,,,,,,,,,,,,,,,,,,,,,,,,,,,,,,,,,26.93,,,,
18-Jan-2012,19:15,18-Jan-2012,19:30,Tamil Nadu,Chennai,Velachery Res. Area, Chennai - CPCB,,,,,,,,,,,,,,,,,,,,,,,,,,,,,,,,,,,26.87,,,,
18-Jan-2012,19:30,18-Jan-2012,19:45,Tamil Nadu,Chennai,Velachery Res. Area, Chennai - CPCB,,,,,,,,,,,,,,,,,,,,,,,,,,,,,,,,,,,26.88,,,,
18-Jan-2012,19:45,18-Jan-2012,20:00,Tamil Nadu,Chennai,Velachery Res. Area, Chennai - CPCB,,,,,,,,,,,,,,,,,,,,,,,,,,,,,,,,,,,26.76,,,,
18-Jan-2012,20:00,18-Jan-2012,20:15,Tamil Nadu,Chennai,Velachery Res. Area, Chennai - CPCB,,,,,,,,,,,,,,,,,,,,,,,,,,,,,,,,,,,26.66,,,,
18-Jan-2012,20:15,18-Jan-2012,20:30,Tamil Nadu,Chennai,Velachery Res. Area, Chennai - CPCB,,,,,,,,,,,,,,,,,,,,,,,,,,,,,,,,,,,26.58,,,,
18-Jan-2012,20:30,18-Jan-2012,20:45,Tamil Nadu,Chennai,Velachery Res. Area, Chennai - CPCB,,,,,,,,,,,,,,,,,,,,,,,,,,,,,,,,,,,26.37,,,,
18-Jan-2012,20:45,18-Jan-2012,21:00,Tamil Nadu,Chennai,Velachery Res. Area, Chennai - CPCB,,,,,,,,,,,,,,,,,,,,,,,,,,,,,,,,,,,26.12,,,,
18-Jan-2012,21:00,18-Jan-2012,21:15,Tamil Nadu,Chennai,Velachery Res. Area, Chennai - CPCB,,,,,,,,,,,,,,,,,,,,,,,,,,,,,,,,,,,25.96,,,,
18-Jan-2012,21:15,18-Jan-2012,21:30,Tamil Nadu,Chennai,Velachery Res. Area, Chennai - CPCB,,,,,,,,,,,,,,,,,,,,,,,,,,,,,,,,,,,25.82,,,,
18-Jan-2012,21:30,18-Jan-2012,21:45,Tamil Nadu,Chennai,Velachery Res. Area, Chennai - CPCB,,,,,,,,,,,,,,,,,,,,,,,,,,,,,,,,,,,25.75,,,,
18-Jan-2012,21:45,18-Jan-2012,22:00,Tamil Nadu,Chennai,Velachery Res. Area, Chennai - CPCB,,,,,,,,,,,,,,,,,,,,,,,,,,,,,,,,,,,25.71,,,,
18-Jan-2012,22:00,18-Jan-2012,22:15,Tamil Nadu,Chennai,Velachery Res. Area, Chennai - CPCB,,,,,,,,,,,,,,,,,,,,,,,,,,,,,,,,,,,25.66,,,,
18-Jan-2012,22:15,18-Jan-2012,22:30,Tamil Nadu,Chennai,Velachery Res. Area, Chennai - CPCB,,,,,,,,,,,,,,,,,,,,,,,,,,,,,,,,,,,25.5,,,,
18-Jan-2012,22:30,18-Jan-2012,22:45,Tamil Nadu,Chennai,Velachery Res. Area, Chennai - CPCB,,,,,,,,,,,,,,,,,,,,,,,,,,,,,,,,,,,25.39,,,,
18-Jan-2012,22:45,18-Jan-2012,23:00,Tamil Nadu,Chennai,Velachery Res. Area, Chennai - CPCB,,,,,,,,,,,,,,,,,,,,,,,,,,,,,,,,,,,25.17,,,,
18-Jan-2012,23:00,18-Jan-2012,23:15,Tamil Nadu,Chennai,Velachery Res. Area, Chennai - CPCB,,,,,,,,,,,,,,,,,,,,,,,,,,,,,,,,,,,25.11,,,,
18-Jan-2012,23:15,18-Jan-2012,23:30,Tamil Nadu,Chennai,Velachery Res. Area, Chennai - CPCB,,,,,,,,,,,,,,,,,,,,,,,,,,,,,,,,,,,25.06,,,,
18-Jan-2012,23:30,18-Jan-2012,23:45,Tamil Nadu,Chennai,Velachery Res. Area, Chennai - CPCB,,,,,,,,,,,,,,,,,,,,,,,,,,,,,,,,,,,24.84,,,,
18-Jan-2012,23:45,19-Jan-2012,00:00,Tamil Nadu,Chennai,Velachery Res. Area, Chennai - CPCB,,,,,,,,,,,,,,,,,,,,,,,,,,,,,,,,,,,24.43,,,,
19-Jan-2012,00:00,19-Jan-2012,00:15,Tamil Nadu,Chennai,Velachery Res. Area, Chennai - CPCB,,,,,,,,,,,,,,,,,,,,,,,,,,,,,,,,,,,24.23,,,,
19-Jan-2012,00:15,19-Jan-2012,00:30,Tamil Nadu,Chennai,Velachery Res. Area, Chennai - CPCB,,,,,,,,,,,,,,,,,,,,,,,,,,,,,,,,,,,24.32,,,,
19-Jan-2012,00:30,19-Jan-2012,00:45,Tamil Nadu,Chennai,Velachery Res. Area, Chennai - CPCB,,,,,,,,,,,,,,,,,,,,,,,,,,,,,,,,,,,23.82,,,,
19-Jan-2012,00:45,19-Jan-2012,01:00,Tamil Nadu,Chennai,Velachery Res. Area, Chennai - CPCB,,,,,,,,,,,,,,,,,,,,,,,,,,,,,,,,,,,23.45,,,,
19-Jan-2012,01:00,19-Jan-2012,01:15,Tamil Nadu,Chennai,Velachery Res. Area, Chennai - CPCB,,,,,,,,,,,,,,,,,,,,,,,,,,,,,,,,,,,23.44,,,,
19-Jan-2012,01:15,19-Jan-2012,01:30,Tamil Nadu,Chennai,Velachery Res. Area, Chennai - CPCB,,,,,,,,,,,,,,,,,,,,,,,,,,,,,,,,,,,23.14,,,,
19-Jan-2012,01:30,19-Jan-2012,01:45,Tamil Nadu,Chennai,Velachery Res. Area, Chennai - CPCB,,,,,,,,,,,,,,,,,,,,,,,,,,,,,,,,,,,23.07,,,,
19-Jan-2012,01:45,19-Jan-2012,02:00,Tamil Nadu,Chennai,Velachery Res. Area, Chennai - CPCB,,,,,,,,,,,,,,,,,,,,,,,,,,,,,,,,,,,23.0,,,,
19-Jan-2012,02:00,19-Jan-2012,02:15,Tamil Nadu,Chennai,Velachery Res. Area, Chennai - CPCB,,,,,,,,,,,,,,,,,,,,,,,,,,,,,,,,,,,22.75,,,,
19-Jan-2012,02:15,19-Jan-2012,02:30,Tamil Nadu,Chennai,Velachery Res. Area, Chennai - CPCB,,,,,,,,,,,,,,,,,,,,,,,,,,,,,,,,,,,22.7,,,,
19-Jan-2012,02:30,19-Jan-2012,02:45,Tamil Nadu,Chennai,Velachery Res. Area, Chennai - CPCB,,,,,,,,,,,,,,,,,,,,,,,,,,,,,,,,,,,22.65,,,,
19-Jan-2012,02:45,19-Jan-2012,03:00,Tamil Nadu,Chennai,Velachery Res. Area, Chennai - CPCB,,,,,,,,,,,,,,,,,,,,,,,,,,,,,,,,,,,22.55,,,,
19-Jan-2012,03:00,19-Jan-2012,03:15,Tamil Nadu,Chennai,Velachery Res. Area, Chennai - CPCB,,,,,,,,,,,,,,,,,,,,,,,,,,,,,,,,,,,22.33,,,,
19-Jan-2012,03:15,19-Jan-2012,03:30,Tamil Nadu,Chennai,Velachery Res. Area, Chennai - CPCB,,,,,,,,,,,,,,,,,,,,,,,,,,,,,,,,,,,22.5,,,,
19-Jan-2012,03:30,19-Jan-2012,03:45,Tamil Nadu,Chennai,Velachery Res. Area, Chennai - CPCB,,,,,,,,,,,,,,,,,,,,,,,,,,,,,,,,,,,22.67,,,,
19-Jan-2012,03:45,19-Jan-2012,04:00,Tamil Nadu,Chennai,Velachery Res. Area, Chennai - CPCB,,,,,,,,,,,,,,,,,,,,,,,,,,,,,,,,,,,22.55,,,,
19-Jan-2012,04:00,19-Jan-2012,04:15,Tamil Nadu,Chennai,Velachery Res. Area, Chennai - CPCB,,,,,,,,,,,,,,,,,,,,,,,,,,,,,,,,,,,22.37,,,,
19-Jan-2012,04:15,19-Jan-2012,04:30,Tamil Nadu,Chennai,Velachery Res. Area, Chennai - CPCB,,,,,,,,,,,,,,,,,,,,,,,,,,,,,,,,,,,22.14,,,,
19-Jan-2012,04:30,19-Jan-2012,04:45,Tamil Nadu,Chennai,Velachery Res. Area, Chennai - CPCB,,,,,,,,,,,,,,,,,,,,,,,,,,,,,,,,,,,22.55,,,,
19-Jan-2012,04:45,19-Jan-2012,05:00,Tamil Nadu,Chennai,Velachery Res. Area, Chennai - CPCB,,,,,,,,,,,,,,,,,,,,,,,,,,,,,,,,,,,22.73,,,,
19-Jan-2012,05:00,19-Jan-2012,05:15,Tamil Nadu,Chennai,Velachery Res. Area, Chennai - CPCB,,,,,,,,,,,,,,,,,,,,,,,,,,,,,,,,,,,22.71,,,,
19-Jan-2012,05:15,19-Jan-2012,05:30,Tamil Nadu,Chennai,Velachery Res. Area, Chennai - CPCB,,,,,,,,,,,,,,,,,,,,,,,,,,,,,,,,,,,22.83,,,,
19-Jan-2012,05:30,19-Jan-2012,05:45,Tamil Nadu,Chennai,Velachery Res. Area, Chennai - CPCB,,,,,,,,,,,,,,,,,,,,,,,,,,,,,,,,,,,22.82,,,,
19-Jan-2012,05:45,19-Jan-2012,06:00,Tamil Nadu,Chennai,Velachery Res. Area, Chennai - CPCB,,,,,,,,,,,,,,,,,,,,,,,,,,,,,,,,,,,22.57,,,,
19-Jan-2012,06:00,19-Jan-2012,06:15,Tamil Nadu,Chennai,Velachery Res. Area, Chennai - CPCB,,,,,,,,,,,,,,,,,,,,,,,,,,,,,,,,,,,22.26,,,,
19-Jan-2012,06:15,19-Jan-2012,06:30,Tamil Nadu,Chennai,Velachery Res. Area, Chennai - CPCB,,,,,,,,,,,,,,,,,,,,,,,,,,,,,,,,,,,22.02,,,,
19-Jan-2012,06:30,19-Jan-2012,06:45,Tamil Nadu,Chennai,Velachery Res. Area, Chennai - CPCB,,,,,,,,,,,,,,,,,,,,,,,,,,,,,,,,,,,21.9,,,,
19-Jan-2012,06:45,19-Jan-2012,07:00,Tamil Nadu,Chennai,Velachery Res. Area, Chennai - CPCB,,,,,,,,,,,,,,,,,,,,,,,,,,,,,,,,,,,22.02,,,,
19-Jan-2012,07:00,19-Jan-2012,07:15,Tamil Nadu,Chennai,Velachery Res. Area, Chennai - CPCB,,,,,,,,,,,,,,,,,,,,,,,,,,,,,,,,,,,22.3,,,,
19-Jan-2012,07:15,19-Jan-2012,07:30,Tamil Nadu,Chennai,Velachery Res. Area, Chennai - CPCB,,,,,,,,,,,,,,,,,,,,,,,,,,,,,,,,,,,22.9,,,,
19-Jan-2012,07:30,19-Jan-2012,07:45,Tamil Nadu,Chennai,Velachery Res. Area, Chennai - CPCB,,,,,,,,,,,,,,,,,,,,,,,,,,,,,,,,,,,23.66,,,,
19-Jan-2012,07:45,19-Jan-2012,08:00,Tamil Nadu,Chennai,Velachery Res. Area, Chennai - CPCB,,,,,,,,,,,,,,,,,,,,,,,,,,,,,,,,,,,24.49,,,,
19-Jan-2012,08:00,19-Jan-2012,08:15,Tamil Nadu,Chennai,Velachery Res. Area, Chennai - CPCB,,,,,,,,,,,,,,,,,,,,,,,,,,,,,,,,,,,24.86,,,,
19-Jan-2012,08:15,19-Jan-2012,08:30,Tamil Nadu,Chennai,Velachery Res. Area, Chennai - CPCB,,,,,,,,,,,,,,,,,,,,,,,,,,,,,,,,,,,25.44,,,,
19-Jan-2012,08:30,19-Jan-2012,08:45,Tamil Nadu,Chennai,Velachery Res. Area, Chennai - CPCB,,,,,,,,,,,,,,,,,,,,,,,,,,,,,,,,,,,26.01,,,,
19-Jan-2012,08:45,19-Jan-2012,09:00,Tamil Nadu,Chennai,Velachery Res. Area, Chennai - CPCB,,,,,,,,,,,,,,,,,,,,,,,,,,,,,,,,,,,26.42,,,,
19-Jan-2012,09:00,19-Jan-2012,09:15,Tamil Nadu,Chennai,Velachery Res. Area, Chennai - CPCB,,,,,,,,,,,,,,,,,,,,,,,,,,,,,,,,,,,26.94,,,,
19-Jan-2012,09:15,19-Jan-2012,09:30,Tamil Nadu,Chennai,Velachery Res. Area, Chennai - CPCB,,,,,,,,,,,,,,,,,,,,,,,,,,,,,,,,,,,27.27,,,,
19-Jan-2012,09:30,19-Jan-2012,09:45,Tamil Nadu,Chennai,Velachery Res. Area, Chennai - CPCB,,,,,,,,,,,,,,,,,,,,,,,,,,,,,,,,,,,27.95,,,,
19-Jan-2012,09:45,19-Jan-2012,10:00,Tamil Nadu,Chennai,Velachery Res. Area, Chennai - CPCB,,,,,,,,,,,,,,,,,,,,,,,,,,,,,,,,,,,28.46,,,,
19-Jan-2012,10:00,19-Jan-2012,10:15,Tamil Nadu,Chennai,Velachery Res. Area, Chennai - CPCB,,,,,,,,,,,,,,,,,,,,,,,,,,,,,,,,,,,28.59,,,,
19-Jan-2012,10:15,19-Jan-2012,10:30,Tamil Nadu,Chennai,Velachery Res. Area, Chennai - CPCB,,,,,,,,,,,,,,,,,,,,,,,,,,,,,,,,,,,28.73,,,,
19-Jan-2012,10:30,19-Jan-2012,10:45,Tamil Nadu,Chennai,Velachery Res. Area, Chennai - CPCB,,,,,,,,,,,,,,,,,,,,,,,,,,,,,,,,,,,28.81,,,,
19-Jan-2012,10:45,19-Jan-2012,11:00,Tamil Nadu,Chennai,Velachery Res. Area, Chennai - CPCB,,,,,,,,,,,,,,,,,,,,,,,,,,,,,,,,,,,28.99,,,,
19-Jan-2012,11:00,19-Jan-2012,11:15,Tamil Nadu,Chennai,Velachery Res. Area, Chennai - CPCB,,,,,,,,,,,,,,,,,,,,,,,,,,,,,,,,,,,28.96,,,,
19-Jan-2012,11:15,19-Jan-2012,11:30,Tamil Nadu,Chennai,Velachery Res. Area, Chennai - CPCB,,,,,,,,,,,,,,,,,,,,,,,,,,,,,,,,,,,29.43,,,,
19-Jan-2012,11:30,19-Jan-2012,11:45,Tamil Nadu,Chennai,Velachery Res. Area, Chennai - CPCB,,,,,,,,,,,,,,,,,,,,,,,,,,,,,,,,,,,29.7,,,,
19-Jan-2012,11:45,19-Jan-2012,12:00,Tamil Nadu,Chennai,Velachery Res. Area, Chennai - CPCB,,,,,,,,,,,,,,,,,,,,,,,,,,,,,,,,,,,29.87,,,,
19-Jan-2012,12:00,19-Jan-2012,12:15,Tamil Nadu,Chennai,Velachery Res. Area, Chennai - CPCB,,,,,,,,,,,,,,,,,,,,,,,,,,,,,,,,,,,29.57,,,,
19-Jan-2012,12:15,19-Jan-2012,12:30,Tamil Nadu,Chennai,Velachery Res. Area, Chennai - CPCB,,,,,,,,,,,,,,,,,,,,,,,,,,,,,,,,,,,29.88,,,,
19-Jan-2012,12:30,19-Jan-2012,12:45,Tamil Nadu,Chennai,Velachery Res. Area, Chennai - CPCB,,,,,,,,,,,,,,,,,,,,,,,,,,,,,,,,,,,29.82,,,,
19-Jan-2012,12:45,19-Jan-2012,13:00,Tamil Nadu,Chennai,Velachery Res. Area, Chennai - CPCB,,,,,,,,,,,,,,,,,,,,,,,,,,,,,,,,,,,29.73,,,,
19-Jan-2012,13:00,19-Jan-2012,13:15,Tamil Nadu,Chennai,Velachery Res. Area, Chennai - CPCB,,,,,,,,,,,,,,,,,,,,,,,,,,,,,,,,,,,29.61,,,,
19-Jan-2012,13:15,19-Jan-2012,13:30,Tamil Nadu,Chennai,Velachery Res. Area, Chennai - CPCB,,,,,,,,,,,,,,,,,,,,,,,,,,,,,,,,,,,29.68,,,,
19-Jan-2012,13:30,19-Jan-2012,13:45,Tamil Nadu,Chennai,Velachery Res. Area, Chennai - CPCB,,,,,,,,,,,,,,,,,,,,,,,,,,,,,,,,,,,29.85,,,,
19-Jan-2012,13:45,19-Jan-2012,14:00,Tamil Nadu,Chennai,Velachery Res. Area, Chennai - CPCB,,,,,,,,,,,,,,,,,,,,,,,,,,,,,,,,,,,29.58,,,,
19-Jan-2012,14:00,19-Jan-2012,14:15,Tamil Nadu,Chennai,Velachery Res. Area, Chennai - CPCB,,,,,,,,,,,,,,,,,,,,,,,,,,,,,,,,,,,29.6,,,,
19-Jan-2012,14:15,19-Jan-2012,14:30,Tamil Nadu,Chennai,Velachery Res. Area, Chennai - CPCB,,,,,,,,,,,,,,,,,,,,,,,,,,,,,,,,,,,29.75,,,,
19-Jan-2012,14:30,19-Jan-2012,14:45,Tamil Nadu,Chennai,Velachery Res. Area, Chennai - CPCB,,,,,,,,,,,,,,,,,,,,,,,,,,,,,,,,,,,29.79,,,,
19-Jan-2012,14:45,19-Jan-2012,15:00,Tamil Nadu,Chennai,Velachery Res. Area, Chennai - CPCB,,,,,,,,,,,,,,,,,,,,,,,,,,,,,,,,,,,29.65,,,,
19-Jan-2012,15:00,19-Jan-2012,15:15,Tamil Nadu,Chennai,Velachery Res. Area, Chennai - CPCB,,,,,,,,,,,,,,,,,,,,,,,,,,,,,,,,,,,29.57,,,,
19-Jan-2012,15:15,19-Jan-2012,15:30,Tamil Nadu,Chennai,Velachery Res. Area, Chennai - CPCB,,,,,,,,,,,,,,,,,,,,,,,,,,,,,,,,,,,29.77,,,,
19-Jan-2012,15:30,19-Jan-2012,15:45,Tamil Nadu,Chennai,Velachery Res. Area, Chennai - CPCB,,,,,,,,,,,,,,,,,,,,,,,,,,,,,,,,,,,29.42,,,,
19-Jan-2012,15:45,19-Jan-2012,16:00,Tamil Nadu,Chennai,Velachery Res. Area, Chennai - CPCB,,,,,,,,,,,,,,,,,,,,,,,,,,,,,,,,,,,29.45,,,,
19-Jan-2012,16:00,19-Jan-2012,16:15,Tamil Nadu,Chennai,Velachery Res. Area, Chennai - CPCB,,,,,,,,,,,,,,,,,,,,,,,,,,,,,,,,,,,29.43,,,,
19-Jan-2012,16:15,19-Jan-2012,16:30,Tamil Nadu,Chennai,Velachery Res. Area, Chennai - CPCB,,,,,,,,,,,,,,,,,,,,,,,,,,,,,,,,,,,29.26,,,,
19-Jan-2012,16:30,19-Jan-2012,16:45,Tamil Nadu,Chennai,Velachery Res. Area, Chennai - CPCB,,,,,,,,,,,,,,,,,,,,,,,,,,,,,,,,,,,29.08,,,,
19-Jan-2012,16:45,19-Jan-2012,17:00,Tamil Nadu,Chennai,Velachery Res. Area, Chennai - CPCB,,,,,,,,,,,,,,,,,,,,,,,,,,,,,,,,,,,28.86,,,,
19-Jan-2012,17:00,19-Jan-2012,17:15,Tamil Nadu,Chennai,Velachery Res. Area, Chennai - CPCB,,,,,,,,,,,,,,,,,,,,,,,,,,,,,,,,,,,28.75,,,,
19-Jan-2012,17:15,19-Jan-2012,17:30,Tamil Nadu,Chennai,Velachery Res. Area, Chennai - CPCB,,,,,,,,,,,,,,,,,,,,,,,,,,,,,,,,,,,28.58,,,,
19-Jan-2012,17:30,19-Jan-2012,17:45,Tamil Nadu,Chennai,Velachery Res. Area, Chennai - CPCB,,,,,,,,,,,,,,,,,,,,,,,,,,,,,,,,,,,28.21,,,,
19-Jan-2012,17:45,19-Jan-2012,18:00,Tamil Nadu,Chennai,Velachery Res. Area, Chennai - CPCB,,,,,,,,,,,,,,,,,,,,,,,,,,,,,,,,,,,27.9,,,,
19-Jan-2012,18:00,19-Jan-2012,18:15,Tamil Nadu,Chennai,Velachery Res. Area, Chennai - CPCB,,,,,,,,,,,,,,,,,,,,,,,,,,,,,,,,,,,27.7,,,,
19-Jan-2012,18:15,19-Jan-2012,18:30,Tamil Nadu,Chennai,Velachery Res. Area, Chennai - CPCB,,,,,,,,,,,,,,,,,,,,,,,,,,,,,,,,,,,27.58,,,,
19-Jan-2012,18:30,19-Jan-2012,18:45,Tamil Nadu,Chennai,Velachery Res. Area, Chennai - CPCB,,,,,,,,,,,,,,,,,,,,,,,,,,,,,,,,,,,27.43,,,,
19-Jan-2012,18:45,19-Jan-2012,19:00,Tamil Nadu,Chennai,Velachery Res. Area, Chennai - CPCB,,,,,,,,,,,,,,,,,,,,,,,,,,,,,,,,,,,27.36,,,,
19-Jan-2012,19:00,19-Jan-2012,19:15,Tamil Nadu,Chennai,Velachery Res. Area, Chennai - CPCB,,,,,,,,,,,,,,,,,,,,,,,,,,,,,,,,,,,27.34,,,,
19-Jan-2012,19:15,19-Jan-2012,19:30,Tamil Nadu,Chennai,Velachery Res. Area, Chennai - CPCB,,,,,,,,,,,,,,,,,,,,,,,,,,,,,,,,,,,27.22,,,,
19-Jan-2012,19:30,19-Jan-2012,19:45,Tamil Nadu,Chennai,Velachery Res. Area, Chennai - CPCB,,,,,,,,,,,,,,,,,,,,,,,,,,,,,,,,,,,27.17,,,,
19-Jan-2012,19:45,19-Jan-2012,20:00,Tamil Nadu,Chennai,Velachery Res. Area, Chennai - CPCB,,,,,,,,,,,,,,,,,,,,,,,,,,,,,,,,,,,27.0,,,,
19-Jan-2012,20:00,19-Jan-2012,20:15,Tamil Nadu,Chennai,Velachery Res. Area, Chennai - CPCB,,,,,,,,,,,,,,,,,,,,,,,,,,,,,,,,,,,26.88,,,,
19-Jan-2012,20:15,19-Jan-2012,20:30,Tamil Nadu,Chennai,Velachery Res. Area, Chennai - CPCB,,,,,,,,,,,,,,,,,,,,,,,,,,,,,,,,,,,26.92,,,,
19-Jan-2012,20:30,19-Jan-2012,20:45,Tamil Nadu,Chennai,Velachery Res. Area, Chennai - CPCB,,,,,,,,,,,,,,,,,,,,,,,,,,,,,,,,,,,26.75,,,,
19-Jan-2012,20:45,19-Jan-2012,21:00,Tamil Nadu,Chennai,Velachery Res. Area, Chennai - CPCB,,,,,,,,,,,,,,,,,,,,,,,,,,,,,,,,,,,26.55,,,,
19-Jan-2012,21:00,19-Jan-2012,21:15,Tamil Nadu,Chennai,Velachery Res. Area, Chennai - CPCB,,,,,,,,,,,,,,,,,,,,,,,,,,,,,,,,,,,26.62,,,,
19-Jan-2012,21:15,19-Jan-2012,21:30,Tamil Nadu,Chennai,Velachery Res. Area, Chennai - CPCB,,,,,,,,,,,,,,,,,,,,,,,,,,,,,,,,,,,26.57,,,,
19-Jan-2012,21:30,19-Jan-2012,21:45,Tamil Nadu,Chennai,Velachery Res. Area, Chennai - CPCB,,,,,,,,,,,,,,,,,,,,,,,,,,,,,,,,,,,26.21,,,,
19-Jan-2012,21:45,19-Jan-2012,22:00,Tamil Nadu,Chennai,Velachery Res. Area, Chennai - CPCB,,,,,,,,,,,,,,,,,,,,,,,,,,,,,,,,,,,26.29,,,,
19-Jan-2012,22:00,19-Jan-2012,22:15,Tamil Nadu,Chennai,Velachery Res. Area, Chennai - CPCB,,,,,,,,,,,,,,,,,,,,,,,,,,,,,,,,,,,26.27,,,,
19-Jan-2012,22:15,19-Jan-2012,22:30,Tamil Nadu,Chennai,Velachery Res. Area, Chennai - CPCB,,,,,,,,,,,,,,,,,,,,,,,,,,,,,,,,,,,26.22,,,,
19-Jan-2012,22:30,19-Jan-2012,22:45,Tamil Nadu,Chennai,Velachery Res. Area, Chennai - CPCB,,,,,,,,,,,,,,,,,,,,,,,,,,,,,,,,,,,26.05,,,,
19-Jan-2012,22:45,19-Jan-2012,23:00,Tamil Nadu,Chennai,Velachery Res. Area, Chennai - CPCB,,,,,,,,,,,,,,,,,,,,,,,,,,,,,,,,,,,25.94,,,,
19-Jan-2012,23:00,19-Jan-2012,23:15,Tamil Nadu,Chennai,Velachery Res. Area, Chennai - CPCB,,,,,,,,,,,,,,,,,,,,,,,,,,,,,,,,,,,25.85,,,,
19-Jan-2012,23:15,19-Jan-2012,23:30,Tamil Nadu,Chennai,Velachery Res. Area, Chennai - CPCB,,,,,,,,,,,,,,,,,,,,,,,,,,,,,,,,,,,25.28,,,,
19-Jan-2012,23:30,19-Jan-2012,23:45,Tamil Nadu,Chennai,Velachery Res. Area, Chennai - CPCB,,,,,,,,,,,,,,,,,,,,,,,,,,,,,,,,,,,24.63,,,,
19-Jan-2012,23:45,20-Jan-2012,00:00,Tamil Nadu,Chennai,Velachery Res. Area, Chennai - CPCB,,,,,,,,,,,,,,,,,,,,,,,,,,,,,,,,,,,25.2,,,,
20-Jan-2012,00:00,20-Jan-2012,00:15,Tamil Nadu,Chennai,Velachery Res. Area, Chennai - CPCB,,,,,,,,,,,,,,,,,,,,,,,,,,,,,,,,,,,25.41,,,,
20-Jan-2012,00:15,20-Jan-2012,00:30,Tamil Nadu,Chennai,Velachery Res. Area, Chennai - CPCB,,,,,,,,,,,,,,,,,,,,,,,,,,,,,,,,,,,25.28,,,,
20-Jan-2012,00:30,20-Jan-2012,00:45,Tamil Nadu,Chennai,Velachery Res. Area, Chennai - CPCB,,,,,,,,,,,,,,,,,,,,,,,,,,,,,,,,,,,24.91,,,,
20-Jan-2012,00:45,20-Jan-2012,01:00,Tamil Nadu,Chennai,Velachery Res. Area, Chennai - CPCB,,,,,,,,,,,,,,,,,,,,,,,,,,,,,,,,,,,24.78,,,,
20-Jan-2012,01:00,20-Jan-2012,01:15,Tamil Nadu,Chennai,Velachery Res. Area, Chennai - CPCB,,,,,,,,,,,,,,,,,,,,,,,,,,,,,,,,,,,24.96,,,,
20-Jan-2012,01:15,20-Jan-2012,01:30,Tamil Nadu,Chennai,Velachery Res. Area, Chennai - CPCB,,,,,,,,,,,,,,,,,,,,,,,,,,,,,,,,,,,24.94,,,,
20-Jan-2012,01:30,20-Jan-2012,01:45,Tamil Nadu,Chennai,Velachery Res. Area, Chennai - CPCB,,,,,,,,,,,,,,,,,,,,,,,,,,,,,,,,,,,24.81,,,,
20-Jan-2012,01:45,20-Jan-2012,02:00,Tamil Nadu,Chennai,Velachery Res. Area, Chennai - CPCB,,,,,,,,,,,,,,,,,,,,,,,,,,,,,,,,,,,24.8,,,,
20-Jan-2012,02:00,20-Jan-2012,02:15,Tamil Nadu,Chennai,Velachery Res. Area, Chennai - CPCB,,,,,,,,,,,,,,,,,,,,,,,,,,,,,,,,,,,24.42,,,,
20-Jan-2012,02:15,20-Jan-2012,02:30,Tamil Nadu,Chennai,Velachery Res. Area, Chennai - CPCB,,,,,,,,,,,,,,,,,,,,,,,,,,,,,,,,,,,23.92,,,,
20-Jan-2012,02:30,20-Jan-2012,02:45,Tamil Nadu,Chennai,Velachery Res. Area, Chennai - CPCB,,,,,,,,,,,,,,,,,,,,,,,,,,,,,,,,,,,23.74,,,,
20-Jan-2012,02:45,20-Jan-2012,03:00,Tamil Nadu,Chennai,Velachery Res. Area, Chennai - CPCB,,,,,,,,,,,,,,,,,,,,,,,,,,,,,,,,,,,23.99,,,,
20-Jan-2012,03:00,20-Jan-2012,03:15,Tamil Nadu,Chennai,Velachery Res. Area, Chennai - CPCB,,,,,,,,,,,,,,,,,,,,,,,,,,,,,,,,,,,23.81,,,,
20-Jan-2012,03:15,20-Jan-2012,03:30,Tamil Nadu,Chennai,Velachery Res. Area, Chennai - CPCB,,,,,,,,,,,,,,,,,,,,,,,,,,,,,,,,,,,23.2,,,,
20-Jan-2012,03:30,20-Jan-2012,03:45,Tamil Nadu,Chennai,Velachery Res. Area, Chennai - CPCB,,,,,,,,,,,,,,,,,,,,,,,,,,,,,,,,,,,22.9,,,,
20-Jan-2012,03:45,20-Jan-2012,04:00,Tamil Nadu,Chennai,Velachery Res. Area, Chennai - CPCB,,,,,,,,,,,,,,,,,,,,,,,,,,,,,,,,,,,23.22,,,,
20-Jan-2012,04:00,20-Jan-2012,04:15,Tamil Nadu,Chennai,Velachery Res. Area, Chennai - CPCB,,,,,,,,,,,,,,,,,,,,,,,,,,,,,,,,,,,23.57,,,,
20-Jan-2012,04:15,20-Jan-2012,04:30,Tamil Nadu,Chennai,Velachery Res. Area, Chennai - CPCB,,,,,,,,,,,,,,,,,,,,,,,,,,,,,,,,,,,23.56,,,,
20-Jan-2012,04:30,20-Jan-2012,04:45,Tamil Nadu,Chennai,Velachery Res. Area, Chennai - CPCB,,,,,,,,,,,,,,,,,,,,,,,,,,,,,,,,,,,23.45,,,,
20-Jan-2012,04:45,20-Jan-2012,05:00,Tamil Nadu,Chennai,Velachery Res. Area, Chennai - CPCB,,,,,,,,,,,,,,,,,,,,,,,,,,,,,,,,,,,23.39,,,,
20-Jan-2012,05:00,20-Jan-2012,05:15,Tamil Nadu,Chennai,Velachery Res. Area, Chennai - CPCB,,,,,,,,,,,,,,,,,,,,,,,,,,,,,,,,,,,23.27,,,,
20-Jan-2012,05:15,20-Jan-2012,05:30,Tamil Nadu,Chennai,Velachery Res. Area, Chennai - CPCB,,,,,,,,,,,,,,,,,,,,,,,,,,,,,,,,,,,23.08,,,,
20-Jan-2012,05:30,20-Jan-2012,05:45,Tamil Nadu,Chennai,Velachery Res. Area, Chennai - CPCB,,,,,,,,,,,,,,,,,,,,,,,,,,,,,,,,,,,23.08,,,,
20-Jan-2012,05:45,20-Jan-2012,06:00,Tamil Nadu,Chennai,Velachery Res. Area, Chennai - CPCB,,,,,,,,,,,,,,,,,,,,,,,,,,,,,,,,,,,23.1,,,,
20-Jan-2012,06:00,20-Jan-2012,06:15,Tamil Nadu,Chennai,Velachery Res. Area, Chennai - CPCB,,,,,,,,,,,,,,,,,,,,,,,,,,,,,,,,,,,23.22,,,,
20-Jan-2012,06:15,20-Jan-2012,06:30,Tamil Nadu,Chennai,Velachery Res. Area, Chennai - CPCB,,,,,,,,,,,,,,,,,,,,,,,,,,,,,,,,,,,23.2,,,,
20-Jan-2012,06:30,20-Jan-2012,06:45,Tamil Nadu,Chennai,Velachery Res. Area, Chennai - CPCB,,,,,,,,,,,,,,,,,,,,,,,,,,,,,,,,,,,23.18,,,,
20-Jan-2012,06:45,20-Jan-2012,07:00,Tamil Nadu,Chennai,Velachery Res. Area, Chennai - CPCB,,,,,,,,,,,,,,,,,,,,,,,,,,,,,,,,,,,23.21,,,,
20-Jan-2012,07:00,20-Jan-2012,07:15,Tamil Nadu,Chennai,Velachery Res. Area, Chennai - CPCB,,,,,,,,,,,,,,,,,,,,,,,,,,,,,,,,,,,23.38,,,,
20-Jan-2012,07:15,20-Jan-2012,07:30,Tamil Nadu,Chennai,Velachery Res. Area, Chennai - CPCB,,,,,,,,,,,,,,,,,,,,,,,,,,,,,,,,,,,23.66,,,,
20-Jan-2012,07:30,20-Jan-2012,07:45,Tamil Nadu,Chennai,Velachery Res. Area, Chennai - CPCB,,,,,,,,,,,,,,,,,,,,,,,,,,,,,,,,,,,24.16,,,,
20-Jan-2012,07:45,20-Jan-2012,08:00,Tamil Nadu,Chennai,Velachery Res. Area, Chennai - CPCB,,,,,,,,,,,,,,,,,,,,,,,,,,,,,,,,,,,24.51,,,,
20-Jan-2012,08:00,20-Jan-2012,08:15,Tamil Nadu,Chennai,Velachery Res. Area, Chennai - CPCB,,,,,,,,,,,,,,,,,,,,,,,,,,,,,,,,,,,24.94,,,,
20-Jan-2012,08:15,20-Jan-2012,08:30,Tamil Nadu,Chennai,Velachery Res. Area, Chennai - CPCB,,,,,,,,,,,,,,,,,,,,,,,,,,,,,,,,,,,25.49,,,,
20-Jan-2012,08:30,20-Jan-2012,08:45,Tamil Nadu,Chennai,Velachery Res. Area, Chennai - CPCB,,,,,,,,,,,,,,,,,,,,,,,,,,,,,,,,,,,26.04,,,,
20-Jan-2012,08:45,20-Jan-2012,09:00,Tamil Nadu,Chennai,Velachery Res. Area, Chennai - CPCB,,,,,,,,,,,,,,,,,,,,,,,,,,,,,,,,,,,26.35,,,,
20-Jan-2012,09:00,20-Jan-2012,09:15,Tamil Nadu,Chennai,Velachery Res. Area, Chennai - CPCB,,,,,,,,,,,,,,,,,,,,,,,,,,,,,,,,,,,27.22,,,,
20-Jan-2012,09:15,20-Jan-2012,09:30,Tamil Nadu,Chennai,Velachery Res. Area, Chennai - CPCB,,,,,,,,,,,,,,,,,,,,,,,,,,,,,,,,,,,27.86,,,,
20-Jan-2012,09:30,20-Jan-2012,09:45,Tamil Nadu,Chennai,Velachery Res. Area, Chennai - CPCB,,,,,,,,,,,,,,,,,,,,,,,,,,,,,,,,,,,28.27,,,,
20-Jan-2012,09:45,20-Jan-2012,10:00,Tamil Nadu,Chennai,Velachery Res. Area, Chennai - CPCB,,,,,,,,,,,,,,,,,,,,,,,,,,,,,,,,,,,28.37,,,,
20-Jan-2012,10:00,20-Jan-2012,10:15,Tamil Nadu,Chennai,Velachery Res. Area, Chennai - CPCB,,,,,,,,,,,,,,,,,,,,,,,,,,,,,,,,,,,28.58,,,,
20-Jan-2012,10:15,20-Jan-2012,10:30,Tamil Nadu,Chennai,Velachery Res. Area, Chennai - CPCB,,,,,,,,,,,,,,,,,,,,,,,,,,,,,,,,,,,28.76,,,,
20-Jan-2012,10:30,20-Jan-2012,10:45,Tamil Nadu,Chennai,Velachery Res. Area, Chennai - CPCB,,,,,,,,,,,,,,,,,,,,,,,,,,,,,,,,,,,29.24,,,,
20-Jan-2012,10:45,20-Jan-2012,11:00,Tamil Nadu,Chennai,Velachery Res. Area, Chennai - CPCB,,,,,,,,,,,,,,,,,,,,,,,,,,,,,,,,,,,29.77,,,,
20-Jan-2012,11:00,20-Jan-2012,11:15,Tamil Nadu,Chennai,Velachery Res. Area, Chennai - CPCB,,,,,,,,,,,,,,,,,,,,,,,,,,,,,,,,,,,29.6,,,,
20-Jan-2012,11:15,20-Jan-2012,11:30,Tamil Nadu,Chennai,Velachery Res. Area, Chennai - CPCB,,,,,,,,,,,,,,,,,,,,,,,,,,,,,,,,,,,29.55,,,,
20-Jan-2012,11:30,20-Jan-2012,11:45,Tamil Nadu,Chennai,Velachery Res. Area, Chennai - CPCB,,,,,,,,,,,,,,,,,,,,,,,,,,,,,,,,,,,29.33,,,,
20-Jan-2012,11:45,20-Jan-2012,12:00,Tamil Nadu,Chennai,Velachery Res. Area, Chennai - CPCB,,,,,,,,,,,,,,,,,,,,,,,,,,,,,,,,,,,29.99,,,,
20-Jan-2012,12:00,20-Jan-2012,12:15,Tamil Nadu,Chennai,Velachery Res. Area, Chennai - CPCB,,,,,,,,,,,,,,,,,,,,,,,,,,,,,,,,,,,30.27,,,,
20-Jan-2012,12:15,20-Jan-2012,12:30,Tamil Nadu,Chennai,Velachery Res. Area, Chennai - CPCB,,,,,,,,,,,,,,,,,,,,,,,,,,,,,,,,,,,30.5,,,,
20-Jan-2012,12:30,20-Jan-2012,12:45,Tamil Nadu,Chennai,Velachery Res. Area, Chennai - CPCB,,,,,,,,,,,,,,,,,,,,,,,,,,,,,,,,,,,30.1,,,,
20-Jan-2012,12:45,20-Jan-2012,13:00,Tamil Nadu,Chennai,Velachery Res. Area, Chennai - CPCB,,,,,,,,,,,,,,,,,,,,,,,,,,,,,,,,,,,29.84,,,,
20-Jan-2012,13:00,20-Jan-2012,13:15,Tamil Nadu,Chennai,Velachery Res. Area, Chennai - CPCB,,,,,,,,,,,,,,,,,,,,,,,,,,,,,,,,,,,29.97,,,,
20-Jan-2012,13:15,20-Jan-2012,13:30,Tamil Nadu,Chennai,Velachery Res. Area, Chennai - CPCB,,,,,,,,,,,,,,,,,,,,,,,,,,,,,,,,,,,30.04,,,,
20-Jan-2012,13:30,20-Jan-2012,13:45,Tamil Nadu,Chennai,Velachery Res. Area, Chennai - CPCB,,,,,,,,,,,,,,,,,,,,,,,,,,,,,,,,,,,29.8,,,,
20-Jan-2012,13:45,20-Jan-2012,14:00,Tamil Nadu,Chennai,Velachery Res. Area, Chennai - CPCB,,,,,,,,,,,,,,,,,,,,,,,,,,,,,,,,,,,29.87,,,,
20-Jan-2012,14:00,20-Jan-2012,14:15,Tamil Nadu,Chennai,Velachery Res. Area, Chennai - CPCB,,,,,,,,,,,,,,,,,,,,,,,,,,,,,,,,,,,29.85,,,,
20-Jan-2012,14:15,20-Jan-2012,14:30,Tamil Nadu,Chennai,Velachery Res. Area, Chennai - CPCB,,,,,,,,,,,,,,,,,,,,,,,,,,,,,,,,,,,29.77,,,,
20-Jan-2012,14:30,20-Jan-2012,14:45,Tamil Nadu,Chennai,Velachery Res. Area, Chennai - CPCB,,,,,,,,,,,,,,,,,,,,,,,,,,,,,,,,,,,29.86,,,,
20-Jan-2012,14:45,20-Jan-2012,15:00,Tamil Nadu,Chennai,Velachery Res. Area, Chennai - CPCB,,,,,,,,,,,,,,,,,,,,,,,,,,,,,,,,,,,29.96,,,,
20-Jan-2012,15:00,20-Jan-2012,15:15,Tamil Nadu,Chennai,Velachery Res. Area, Chennai - CPCB,,,,,,,,,,,,,,,,,,,,,,,,,,,,,,,,,,,29.85,,,,
20-Jan-2012,15:15,20-Jan-2012,15:30,Tamil Nadu,Chennai,Velachery Res. Area, Chennai - CPCB,,,,,,,,,,,,,,,,,,,,,,,,,,,,,,,,,,,29.65,,,,
20-Jan-2012,15:30,20-Jan-2012,15:45,Tamil Nadu,Chennai,Velachery Res. Area, Chennai - CPCB,,,,,,,,,,,,,,,,,,,,,,,,,,,,,,,,,,,29.51,,,,
20-Jan-2012,15:45,20-Jan-2012,16:00,Tamil Nadu,Chennai,Velachery Res. Area, Chennai - CPCB,,,,,,,,,,,,,,,,,,,,,,,,,,,,,,,,,,,29.59,,,,
20-Jan-2012,16:00,20-Jan-2012,16:15,Tamil Nadu,Chennai,Velachery Res. Area, Chennai - CPCB,,,,,,,,,,,,,,,,,,,,,,,,,,,,,,,,,,,29.27,,,,
20-Jan-2012,16:15,20-Jan-2012,16:30,Tamil Nadu,Chennai,Velachery Res. Area, Chennai - CPCB,,,,,,,,,,,,,,,,,,,,,,,,,,,,,,,,,,,28.88,,,,
20-Jan-2012,16:30,20-Jan-2012,16:45,Tamil Nadu,Chennai,Velachery Res. Area, Chennai - CPCB,,,,,,,,,,,,,,,,,,,,,,,,,,,,,,,,,,,28.87,,,,
20-Jan-2012,16:45,20-Jan-2012,17:00,Tamil Nadu,Chennai,Velachery Res. Area, Chennai - CPCB,,,,,,,,,,,,,,,,,,,,,,,,,,,,,,,,,,,28.64,,,,
20-Jan-2012,17:00,20-Jan-2012,17:15,Tamil Nadu,Chennai,Velachery Res. Area, Chennai - CPCB,,,,,,,,,,,,,,,,,,,,,,,,,,,,,,,,,,,28.25,,,,
20-Jan-2012,17:15,20-Jan-2012,17:30,Tamil Nadu,Chennai,Velachery Res. Area, Chennai - CPCB,,,,,,,,,,,,,,,,,,,,,,,,,,,,,,,,,,,28.01,,,,
20-Jan-2012,17:30,20-Jan-2012,17:45,Tamil Nadu,Chennai,Velachery Res. Area, Chennai - CPCB,,,,,,,,,,,,,,,,,,,,,,,,,,,,,,,,,,,27.46,,,,
20-Jan-2012,17:45,20-Jan-2012,18:00,Tamil Nadu,Chennai,Velachery Res. Area, Chennai - CPCB,,,,,,,,,,,,,,,,,,,,,,,,,,,,,,,,,,,27.12,,,,
20-Jan-2012,18:00,20-Jan-2012,18:15,Tamil Nadu,Chennai,Velachery Res. Area, Chennai - CPCB,,,,,,,,,,,,,,,,,,,,,,,,,,,,,,,,,,,26.62,,,,
20-Jan-2012,18:15,20-Jan-2012,18:30,Tamil Nadu,Chennai,Velachery Res. Area, Chennai - CPCB,,,,,,,,,,,,,,,,,,,,,,,,,,,,,,,,,,,26.3,,,,
20-Jan-2012,18:30,20-Jan-2012,18:45,Tamil Nadu,Chennai,Velachery Res. Area, Chennai - CPCB,,,,,,,,,,,,,,,,,,,,,,,,,,,,,,,,,,,26.02,,,,
20-Jan-2012,18:45,20-Jan-2012,19:00,Tamil Nadu,Chennai,Velachery Res. Area, Chennai - CPCB,,,,,,,,,,,,,,,,,,,,,,,,,,,,,,,,,,,25.77,,,,
20-Jan-2012,19:00,20-Jan-2012,19:15,Tamil Nadu,Chennai,Velachery Res. Area, Chennai - CPCB,,,,,,,,,,,,,,,,,,,,,,,,,,,,,,,,,,,25.66,,,,
20-Jan-2012,19:15,20-Jan-2012,19:30,Tamil Nadu,Chennai,Velachery Res. Area, Chennai - CPCB,,,,,,,,,,,,,,,,,,,,,,,,,,,,,,,,,,,25.55,,,,
20-Jan-2012,19:30,20-Jan-2012,19:45,Tamil Nadu,Chennai,Velachery Res. Area, Chennai - CPCB,,,,,,,,,,,,,,,,,,,,,,,,,,,,,,,,,,,25.52,,,,
20-Jan-2012,19:45,20-Jan-2012,20:00,Tamil Nadu,Chennai,Velachery Res. Area, Chennai - CPCB,,,,,,,,,,,,,,,,,,,,,,,,,,,,,,,,,,,25.38,,,,
20-Jan-2012,20:00,20-Jan-2012,20:15,Tamil Nadu,Chennai,Velachery Res. Area, Chennai - CPCB,,,,,,,,,,,,,,,,,,,,,,,,,,,,,,,,,,,25.29,,,,
20-Jan-2012,20:15,20-Jan-2012,20:30,Tamil Nadu,Chennai,Velachery Res. Area, Chennai - CPCB,,,,,,,,,,,,,,,,,,,,,,,,,,,,,,,,,,,25.38,,,,
20-Jan-2012,20:30,20-Jan-2012,20:45,Tamil Nadu,Chennai,Velachery Res. Area, Chennai - CPCB,,,,,,,,,,,,,,,,,,,,,,,,,,,,,,,,,,,25.27,,,,
20-Jan-2012,20:45,20-Jan-2012,21:00,Tamil Nadu,Chennai,Velachery Res. Area, Chennai - CPCB,,,,,,,,,,,,,,,,,,,,,,,,,,,,,,,,,,,25.1,,,,
20-Jan-2012,21:00,20-Jan-2012,21:15,Tamil Nadu,Chennai,Velachery Res. Area, Chennai - CPCB,,,,,,,,,,,,,,,,,,,,,,,,,,,,,,,,,,,24.97,,,,
20-Jan-2012,21:15,20-Jan-2012,21:30,Tamil Nadu,Chennai,Velachery Res. Area, Chennai - CPCB,,,,,,,,,,,,,,,,,,,,,,,,,,,,,,,,,,,25.0,,,,
20-Jan-2012,21:30,20-Jan-2012,21:45,Tamil Nadu,Chennai,Velachery Res. Area, Chennai - CPCB,,,,,,,,,,,,,,,,,,,,,,,,,,,,,,,,,,,24.87,,,,
20-Jan-2012,21:45,20-Jan-2012,22:00,Tamil Nadu,Chennai,Velachery Res. Area, Chennai - CPCB,,,,,,,,,,,,,,,,,,,,,,,,,,,,,,,,,,,24.78,,,,
20-Jan-2012,22:00,20-Jan-2012,22:15,Tamil Nadu,Chennai,Velachery Res. Area, Chennai - CPCB,,,,,,,,,,,,,,,,,,,,,,,,,,,,,,,,,,,24.92,,,,
20-Jan-2012,22:15,20-Jan-2012,22:30,Tamil Nadu,Chennai,Velachery Res. Area, Chennai - CPCB,,,,,,,,,,,,,,,,,,,,,,,,,,,,,,,,,,,24.89,,,,
20-Jan-2012,22:30,20-Jan-2012,22:45,Tamil Nadu,Chennai,Velachery Res. Area, Chennai - CPCB,,,,,,,,,,,,,,,,,,,,,,,,,,,,,,,,,,,24.78,,,,
20-Jan-2012,22:45,20-Jan-2012,23:00,Tamil Nadu,Chennai,Velachery Res. Area, Chennai - CPCB,,,,,,,,,,,,,,,,,,,,,,,,,,,,,,,,,,,24.38,,,,
20-Jan-2012,23:00,20-Jan-2012,23:15,Tamil Nadu,Chennai,Velachery Res. Area, Chennai - CPCB,,,,,,,,,,,,,,,,,,,,,,,,,,,,,,,,,,,24.23,,,,
20-Jan-2012,23:15,20-Jan-2012,23:30,Tamil Nadu,Chennai,Velachery Res. Area, Chennai - CPCB,,,,,,,,,,,,,,,,,,,,,,,,,,,,,,,,,,,24.28,,,,
20-Jan-2012,23:30,20-Jan-2012,23:45,Tamil Nadu,Chennai,Velachery Res. Area, Chennai - CPCB,,,,,,,,,,,,,,,,,,,,,,,,,,,,,,,,,,,24.31,,,,
20-Jan-2012,23:45,21-Jan-2012,00:00,Tamil Nadu,Chennai,Velachery Res. Area, Chennai - CPCB,,,,,,,,,,,,,,,,,,,,,,,,,,,,,,,,,,,24.21,,,,
21-Jan-2012,00:00,21-Jan-2012,00:15,Tamil Nadu,Chennai,Velachery Res. Area, Chennai - CPCB,,,,,,,,,,,,,,,,,,,,,,,,,,,,,,,,,,,24.36,,,,
21-Jan-2012,00:15,21-Jan-2012,00:30,Tamil Nadu,Chennai,Velachery Res. Area, Chennai - CPCB,,,,,,,,,,,,,,,,,,,,,,,,,,,,,,,,,,,24.39,,,,
21-Jan-2012,00:30,21-Jan-2012,00:45,Tamil Nadu,Chennai,Velachery Res. Area, Chennai - CPCB,,,,,,,,,,,,,,,,,,,,,,,,,,,,,,,,,,,24.24,,,,
21-Jan-2012,00:45,21-Jan-2012,01:00,Tamil Nadu,Chennai,Velachery Res. Area, Chennai - CPCB,,,,,,,,,,,,,,,,,,,,,,,,,,,,,,,,,,,24.2,,,,
21-Jan-2012,01:00,21-Jan-2012,01:15,Tamil Nadu,Chennai,Velachery Res. Area, Chennai - CPCB,,,,,,,,,,,,,,,,,,,,,,,,,,,,,,,,,,,24.05,,,,
21-Jan-2012,01:15,21-Jan-2012,01:30,Tamil Nadu,Chennai,Velachery Res. Area, Chennai - CPCB,,,,,,,,,,,,,,,,,,,,,,,,,,,,,,,,,,,24.11,,,,
21-Jan-2012,01:30,21-Jan-2012,01:45,Tamil Nadu,Chennai,Velachery Res. Area, Chennai - CPCB,,,,,,,,,,,,,,,,,,,,,,,,,,,,,,,,,,,24.07,,,,
21-Jan-2012,01:45,21-Jan-2012,02:00,Tamil Nadu,Chennai,Velachery Res. Area, Chennai - CPCB,,,,,,,,,,,,,,,,,,,,,,,,,,,,,,,,,,,24.11,,,,
21-Jan-2012,02:00,21-Jan-2012,02:15,Tamil Nadu,Chennai,Velachery Res. Area, Chennai - CPCB,,,,,,,,,,,,,,,,,,,,,,,,,,,,,,,,,,,24.1,,,,
21-Jan-2012,02:15,21-Jan-2012,02:30,Tamil Nadu,Chennai,Velachery Res. Area, Chennai - CPCB,,,,,,,,,,,,,,,,,,,,,,,,,,,,,,,,,,,24.07,,,,
21-Jan-2012,02:30,21-Jan-2012,02:45,Tamil Nadu,Chennai,Velachery Res. Area, Chennai - CPCB,,,,,,,,,,,,,,,,,,,,,,,,,,,,,,,,,,,23.92,,,,
21-Jan-2012,02:45,21-Jan-2012,03:00,Tamil Nadu,Chennai,Velachery Res. Area, Chennai - CPCB,,,,,,,,,,,,,,,,,,,,,,,,,,,,,,,,,,,23.72,,,,
21-Jan-2012,03:00,21-Jan-2012,03:15,Tamil Nadu,Chennai,Velachery Res. Area, Chennai - CPCB,,,,,,,,,,,,,,,,,,,,,,,,,,,,,,,,,,,23.48,,,,
21-Jan-2012,03:15,21-Jan-2012,03:30,Tamil Nadu,Chennai,Velachery Res. Area, Chennai - CPCB,,,,,,,,,,,,,,,,,,,,,,,,,,,,,,,,,,,23.31,,,,
21-Jan-2012,03:30,21-Jan-2012,03:45,Tamil Nadu,Chennai,Velachery Res. Area, Chennai - CPCB,,,,,,,,,,,,,,,,,,,,,,,,,,,,,,,,,,,23.26,,,,
21-Jan-2012,03:45,21-Jan-2012,04:00,Tamil Nadu,Chennai,Velachery Res. Area, Chennai - CPCB,,,,,,,,,,,,,,,,,,,,,,,,,,,,,,,,,,,23.07,,,,
21-Jan-2012,04:00,21-Jan-2012,04:15,Tamil Nadu,Chennai,Velachery Res. Area, Chennai - CPCB,,,,,,,,,,,,,,,,,,,,,,,,,,,,,,,,,,,22.9,,,,
21-Jan-2012,04:15,21-Jan-2012,04:30,Tamil Nadu,Chennai,Velachery Res. Area, Chennai - CPCB,,,,,,,,,,,,,,,,,,,,,,,,,,,,,,,,,,,23.04,,,,
21-Jan-2012,04:30,21-Jan-2012,04:45,Tamil Nadu,Chennai,Velachery Res. Area, Chennai - CPCB,,,,,,,,,,,,,,,,,,,,,,,,,,,,,,,,,,,23.14,,,,
21-Jan-2012,04:45,21-Jan-2012,05:00,Tamil Nadu,Chennai,Velachery Res. Area, Chennai - CPCB,,,,,,,,,,,,,,,,,,,,,,,,,,,,,,,,,,,22.86,,,,
21-Jan-2012,05:00,21-Jan-2012,05:15,Tamil Nadu,Chennai,Velachery Res. Area, Chennai - CPCB,,,,,,,,,,,,,,,,,,,,,,,,,,,,,,,,,,,22.83,,,,
21-Jan-2012,05:15,21-Jan-2012,05:30,Tamil Nadu,Chennai,Velachery Res. Area, Chennai - CPCB,,,,,,,,,,,,,,,,,,,,,,,,,,,,,,,,,,,22.7,,,,
21-Jan-2012,05:30,21-Jan-2012,05:45,Tamil Nadu,Chennai,Velachery Res. Area, Chennai - CPCB,,,,,,,,,,,,,,,,,,,,,,,,,,,,,,,,,,,22.69,,,,
21-Jan-2012,05:45,21-Jan-2012,06:00,Tamil Nadu,Chennai,Velachery Res. Area, Chennai - CPCB,,,,,,,,,,,,,,,,,,,,,,,,,,,,,,,,,,,22.76,,,,
21-Jan-2012,06:00,21-Jan-2012,06:15,Tamil Nadu,Chennai,Velachery Res. Area, Chennai - CPCB,,,,,,,,,,,,,,,,,,,,,,,,,,,,,,,,,,,22.92,,,,
21-Jan-2012,06:15,21-Jan-2012,06:30,Tamil Nadu,Chennai,Velachery Res. Area, Chennai - CPCB,,,,,,,,,,,,,,,,,,,,,,,,,,,,,,,,,,,23.08,,,,
21-Jan-2012,06:30,21-Jan-2012,06:45,Tamil Nadu,Chennai,Velachery Res. Area, Chennai - CPCB,,,,,,,,,,,,,,,,,,,,,,,,,,,,,,,,,,,22.97,,,,
21-Jan-2012,06:45,21-Jan-2012,07:00,Tamil Nadu,Chennai,Velachery Res. Area, Chennai - CPCB,,,,,,,,,,,,,,,,,,,,,,,,,,,,,,,,,,,23.06,,,,
21-Jan-2012,07:00,21-Jan-2012,07:15,Tamil Nadu,Chennai,Velachery Res. Area, Chennai - CPCB,,,,,,,,,,,,,,,,,,,,,,,,,,,,,,,,,,,23.13,,,,
21-Jan-2012,07:15,21-Jan-2012,07:30,Tamil Nadu,Chennai,Velachery Res. Area, Chennai - CPCB,,,,,,,,,,,,,,,,,,,,,,,,,,,,,,,,,,,23.46,,,,
21-Jan-2012,07:30,21-Jan-2012,07:45,Tamil Nadu,Chennai,Velachery Res. Area, Chennai - CPCB,,,,,,,,,,,,,,,,,,,,,,,,,,,,,,,,,,,24.02,,,,
21-Jan-2012,07:45,21-Jan-2012,08:00,Tamil Nadu,Chennai,Velachery Res. Area, Chennai - CPCB,,,,,,,,,,,,,,,,,,,,,,,,,,,,,,,,,,,24.68,,,,
21-Jan-2012,08:00,21-Jan-2012,08:15,Tamil Nadu,Chennai,Velachery Res. Area, Chennai - CPCB,,,,,,,,,,,,,,,,,,,,,,,,,,,,,,,,,,,25.35,,,,
21-Jan-2012,08:15,21-Jan-2012,08:30,Tamil Nadu,Chennai,Velachery Res. Area, Chennai - CPCB,,,,,,,,,,,,,,,,,,,,,,,,,,,,,,,,,,,25.78,,,,
21-Jan-2012,08:30,21-Jan-2012,08:45,Tamil Nadu,Chennai,Velachery Res. Area, Chennai - CPCB,,,,,,,,,,,,,,,,,,,,,,,,,,,,,,,,,,,26.32,,,,
21-Jan-2012,08:45,21-Jan-2012,09:00,Tamil Nadu,Chennai,Velachery Res. Area, Chennai - CPCB,,,,,,,,,,,,,,,,,,,,,,,,,,,,,,,,,,,26.85,,,,
21-Jan-2012,09:00,21-Jan-2012,09:15,Tamil Nadu,Chennai,Velachery Res. Area, Chennai - CPCB,,,,,,,,,,,,,,,,,,,,,,,,,,,,,,,,,,,27.46,,,,
21-Jan-2012,09:15,21-Jan-2012,09:30,Tamil Nadu,Chennai,Velachery Res. Area, Chennai - CPCB,,,,,,,,,,,,,,,,,,,,,,,,,,,,,,,,,,,28.03,,,,
21-Jan-2012,09:30,21-Jan-2012,09:45,Tamil Nadu,Chennai,Velachery Res. Area, Chennai - CPCB,,,,,,,,,,,,,,,,,,,,,,,,,,,,,,,,,,,28.23,,,,
21-Jan-2012,09:45,21-Jan-2012,10:00,Tamil Nadu,Chennai,Velachery Res. Area, Chennai - CPCB,,,,,,,,,,,,,,,,,,,,,,,,,,,,,,,,,,,28.31,,,,
21-Jan-2012,10:00,21-Jan-2012,10:15,Tamil Nadu,Chennai,Velachery Res. Area, Chennai - CPCB,,,,,,,,,,,,,,,,,,,,,,,,,,,,,,,,,,,28.77,,,,
21-Jan-2012,10:15,21-Jan-2012,10:30,Tamil Nadu,Chennai,Velachery Res. Area, Chennai - CPCB,,,,,,,,,,,,,,,,,,,,,,,,,,,,,,,,,,,28.89,,,,
21-Jan-2012,10:30,21-Jan-2012,10:45,Tamil Nadu,Chennai,Velachery Res. Area, Chennai - CPCB,,,,,,,,,,,,,,,,,,,,,,,,,,,,,,,,,,,28.99,,,,
21-Jan-2012,10:45,21-Jan-2012,11:00,Tamil Nadu,Chennai,Velachery Res. Area, Chennai - CPCB,,,,,,,,,,,,,,,,,,,,,,,,,,,,,,,,,,,29.19,,,,
21-Jan-2012,11:00,21-Jan-2012,11:15,Tamil Nadu,Chennai,Velachery Res. Area, Chennai - CPCB,,,,,,,,,,,,,,,,,,,,,,,,,,,,,,,,,,,29.23,,,,
21-Jan-2012,11:15,21-Jan-2012,11:30,Tamil Nadu,Chennai,Velachery Res. Area, Chennai - CPCB,,,,,,,,,,,,,,,,,,,,,,,,,,,,,,,,,,,29.29,,,,
21-Jan-2012,11:30,21-Jan-2012,11:45,Tamil Nadu,Chennai,Velachery Res. Area, Chennai - CPCB,,,,,,,,,,,,,,,,,,,,,,,,,,,,,,,,,,,29.12,,,,
21-Jan-2012,11:45,21-Jan-2012,12:00,Tamil Nadu,Chennai,Velachery Res. Area, Chennai - CPCB,,,,,,,,,,,,,,,,,,,,,,,,,,,,,,,,,,,29.34,,,,
21-Jan-2012,12:00,21-Jan-2012,12:15,Tamil Nadu,Chennai,Velachery Res. Area, Chennai - CPCB,,,,,,,,,,,,,,,,,,,,,,,,,,,,,,,,,,,29.36,,,,
21-Jan-2012,12:15,21-Jan-2012,12:30,Tamil Nadu,Chennai,Velachery Res. Area, Chennai - CPCB,,,,,,,,,,,,,,,,,,,,,,,,,,,,,,,,,,,29.54,,,,
21-Jan-2012,12:30,21-Jan-2012,12:45,Tamil Nadu,Chennai,Velachery Res. Area, Chennai - CPCB,,,,,,,,,,,,,,,,,,,,,,,,,,,,,,,,,,,29.36,,,,
21-Jan-2012,12:45,21-Jan-2012,13:00,Tamil Nadu,Chennai,Velachery Res. Area, Chennai - CPCB,,,,,,,,,,,,,,,,,,,,,,,,,,,,,,,,,,,29.54,,,,
21-Jan-2012,13:00,21-Jan-2012,13:15,Tamil Nadu,Chennai,Velachery Res. Area, Chennai - CPCB,,,,,,,,,,,,,,,,,,,,,,,,,,,,,,,,,,,29.52,,,,
21-Jan-2012,13:15,21-Jan-2012,13:30,Tamil Nadu,Chennai,Velachery Res. Area, Chennai - CPCB,,,,,,,,,,,,,,,,,,,,,,,,,,,,,,,,,,,29.42,,,,
21-Jan-2012,13:30,21-Jan-2012,13:45,Tamil Nadu,Chennai,Velachery Res. Area, Chennai - CPCB,,,,,,,,,,,,,,,,,,,,,,,,,,,,,,,,,,,29.36,,,,
21-Jan-2012,13:45,21-Jan-2012,14:00,Tamil Nadu,Chennai,Velachery Res. Area, Chennai - CPCB,,,,,,,,,,,,,,,,,,,,,,,,,,,,,,,,,,,29.55,,,,
21-Jan-2012,14:00,21-Jan-2012,14:15,Tamil Nadu,Chennai,Velachery Res. Area, Chennai - CPCB,,,,,,,,,,,,,,,,,,,,,,,,,,,,,,,,,,,29.41,,,,
21-Jan-2012,14:15,21-Jan-2012,14:30,Tamil Nadu,Chennai,Velachery Res. Area, Chennai - CPCB,,,,,,,,,,,,,,,,,,,,,,,,,,,,,,,,,,,29.16,,,,
21-Jan-2012,14:30,21-Jan-2012,14:45,Tamil Nadu,Chennai,Velachery Res. Area, Chennai - CPCB,,,,,,,,,,,,,,,,,,,,,,,,,,,,,,,,,,,29.07,,,,
21-Jan-2012,14:45,21-Jan-2012,15:00,Tamil Nadu,Chennai,Velachery Res. Area, Chennai - CPCB,,,,,,,,,,,,,,,,,,,,,,,,,,,,,,,,,,,29.08,,,,
21-Jan-2012,15:00,21-Jan-2012,15:15,Tamil Nadu,Chennai,Velachery Res. Area, Chennai - CPCB,,,,,,,,,,,,,,,,,,,,,,,,,,,,,,,,,,,28.95,,,,
21-Jan-2012,15:15,21-Jan-2012,15:30,Tamil Nadu,Chennai,Velachery Res. Area, Chennai - CPCB,,,,,,,,,,,,,,,,,,,,,,,,,,,,,,,,,,,28.92,,,,
21-Jan-2012,15:30,21-Jan-2012,15:45,Tamil Nadu,Chennai,Velachery Res. Area, Chennai - CPCB,,,,,,,,,,,,,,,,,,,,,,,,,,,,,,,,,,,28.9,,,,
21-Jan-2012,15:45,21-Jan-2012,16:00,Tamil Nadu,Chennai,Velachery Res. Area, Chennai - CPCB,,,,,,,,,,,,,,,,,,,,,,,,,,,,,,,,,,,28.86,,,,
21-Jan-2012,16:00,21-Jan-2012,16:15,Tamil Nadu,Chennai,Velachery Res. Area, Chennai - CPCB,,,,,,,,,,,,,,,,,,,,,,,,,,,,,,,,,,,28.81,,,,
21-Jan-2012,16:15,21-Jan-2012,16:30,Tamil Nadu,Chennai,Velachery Res. Area, Chennai - CPCB,,,,,,,,,,,,,,,,,,,,,,,,,,,,,,,,,,,28.58,,,,
21-Jan-2012,16:30,21-Jan-2012,16:45,Tamil Nadu,Chennai,Velachery Res. Area, Chennai - CPCB,,,,,,,,,,,,,,,,,,,,,,,,,,,,,,,,,,,28.45,,,,
21-Jan-2012,16:45,21-Jan-2012,17:00,Tamil Nadu,Chennai,Velachery Res. Area, Chennai - CPCB,,,,,,,,,,,,,,,,,,,,,,,,,,,,,,,,,,,28.19,,,,
21-Jan-2012,17:00,21-Jan-2012,17:15,Tamil Nadu,Chennai,Velachery Res. Area, Chennai - CPCB,,,,,,,,,,,,,,,,,,,,,,,,,,,,,,,,,,,27.91,,,,
21-Jan-2012,17:15,21-Jan-2012,17:30,Tamil Nadu,Chennai,Velachery Res. Area, Chennai - CPCB,,,,,,,,,,,,,,,,,,,,,,,,,,,,,,,,,,,27.55,,,,
21-Jan-2012,17:30,21-Jan-2012,17:45,Tamil Nadu,Chennai,Velachery Res. Area, Chennai - CPCB,,,,,,,,,,,,,,,,,,,,,,,,,,,,,,,,,,,27.27,,,,
21-Jan-2012,17:45,21-Jan-2012,18:00,Tamil Nadu,Chennai,Velachery Res. Area, Chennai - CPCB,,,,,,,,,,,,,,,,,,,,,,,,,,,,,,,,,,,26.79,,,,
21-Jan-2012,18:00,21-Jan-2012,18:15,Tamil Nadu,Chennai,Velachery Res. Area, Chennai - CPCB,,,,,,,,,,,,,,,,,,,,,,,,,,,,,,,,,,,26.34,,,,
21-Jan-2012,18:15,21-Jan-2012,18:30,Tamil Nadu,Chennai,Velachery Res. Area, Chennai - CPCB,,,,,,,,,,,,,,,,,,,,,,,,,,,,,,,,,,,25.97,,,,
21-Jan-2012,18:30,21-Jan-2012,18:45,Tamil Nadu,Chennai,Velachery Res. Area, Chennai - CPCB,,,,,,,,,,,,,,,,,,,,,,,,,,,,,,,,,,,25.61,,,,
21-Jan-2012,18:45,21-Jan-2012,19:00,Tamil Nadu,Chennai,Velachery Res. Area, Chennai - CPCB,,,,,,,,,,,,,,,,,,,,,,,,,,,,,,,,,,,25.45,,,,
21-Jan-2012,19:00,21-Jan-2012,19:15,Tamil Nadu,Chennai,Velachery Res. Area, Chennai - CPCB,,,,,,,,,,,,,,,,,,,,,,,,,,,,,,,,,,,25.27,,,,
21-Jan-2012,19:15,21-Jan-2012,19:30,Tamil Nadu,Chennai,Velachery Res. Area, Chennai - CPCB,,,,,,,,,,,,,,,,,,,,,,,,,,,,,,,,,,,24.99,,,,
21-Jan-2012,19:30,21-Jan-2012,19:45,Tamil Nadu,Chennai,Velachery Res. Area, Chennai - CPCB,,,,,,,,,,,,,,,,,,,,,,,,,,,,,,,,,,,24.9,,,,
21-Jan-2012,19:45,21-Jan-2012,20:00,Tamil Nadu,Chennai,Velachery Res. Area, Chennai - CPCB,,,,,,,,,,,,,,,,,,,,,,,,,,,,,,,,,,,24.86,,,,
21-Jan-2012,20:00,21-Jan-2012,20:15,Tamil Nadu,Chennai,Velachery Res. Area, Chennai - CPCB,,,,,,,,,,,,,,,,,,,,,,,,,,,,,,,,,,,24.96,,,,
21-Jan-2012,20:15,21-Jan-2012,20:30,Tamil Nadu,Chennai,Velachery Res. Area, Chennai - CPCB,,,,,,,,,,,,,,,,,,,,,,,,,,,,,,,,,,,25.05,,,,
21-Jan-2012,20:30,21-Jan-2012,20:45,Tamil Nadu,Chennai,Velachery Res. Area, Chennai - CPCB,,,,,,,,,,,,,,,,,,,,,,,,,,,,,,,,,,,25.01,,,,
21-Jan-2012,20:45,21-Jan-2012,21:00,Tamil Nadu,Chennai,Velachery Res. Area, Chennai - CPCB,,,,,,,,,,,,,,,,,,,,,,,,,,,,,,,,,,,24.91,,,,
21-Jan-2012,21:00,21-Jan-2012,21:15,Tamil Nadu,Chennai,Velachery Res. Area, Chennai - CPCB,,,,,,,,,,,,,,,,,,,,,,,,,,,,,,,,,,,24.72,,,,
21-Jan-2012,21:15,21-Jan-2012,21:30,Tamil Nadu,Chennai,Velachery Res. Area, Chennai - CPCB,,,,,,,,,,,,,,,,,,,,,,,,,,,,,,,,,,,24.77,,,,
21-Jan-2012,21:30,21-Jan-2012,21:45,Tamil Nadu,Chennai,Velachery Res. Area, Chennai - CPCB,,,,,,,,,,,,,,,,,,,,,,,,,,,,,,,,,,,24.58,,,,
21-Jan-2012,21:45,21-Jan-2012,22:00,Tamil Nadu,Chennai,Velachery Res. Area, Chennai - CPCB,,,,,,,,,,,,,,,,,,,,,,,,,,,,,,,,,,,24.98,,,,
21-Jan-2012,22:00,21-Jan-2012,22:15,Tamil Nadu,Chennai,Velachery Res. Area, Chennai - CPCB,,,,,,,,,,,,,,,,,,,,,,,,,,,,,,,,,,,24.81,,,,
21-Jan-2012,22:15,21-Jan-2012,22:30,Tamil Nadu,Chennai,Velachery Res. Area, Chennai - CPCB,,,,,,,,,,,,,,,,,,,,,,,,,,,,,,,,,,,24.55,,,,
21-Jan-2012,22:30,21-Jan-2012,22:45,Tamil Nadu,Chennai,Velachery Res. Area, Chennai - CPCB,,,,,,,,,,,,,,,,,,,,,,,,,,,,,,,,,,,24.65,,,,
21-Jan-2012,22:45,21-Jan-2012,23:00,Tamil Nadu,Chennai,Velachery Res. Area, Chennai - CPCB,,,,,,,,,,,,,,,,,,,,,,,,,,,,,,,,,,,24.61,,,,
21-Jan-2012,23:00,21-Jan-2012,23:15,Tamil Nadu,Chennai,Velachery Res. Area, Chennai - CPCB,,,,,,,,,,,,,,,,,,,,,,,,,,,,,,,,,,,24.7,,,,
21-Jan-2012,23:15,21-Jan-2012,23:30,Tamil Nadu,Chennai,Velachery Res. Area, Chennai - CPCB,,,,,,,,,,,,,,,,,,,,,,,,,,,,,,,,,,,24.67,,,,
21-Jan-2012,23:30,21-Jan-2012,23:45,Tamil Nadu,Chennai,Velachery Res. Area, Chennai - CPCB,,,,,,,,,,,,,,,,,,,,,,,,,,,,,,,,,,,24.36,,,,
21-Jan-2012,23:45,22-Jan-2012,00:00,Tamil Nadu,Chennai,Velachery Res. Area, Chennai - CPCB,,,,,,,,,,,,,,,,,,,,,,,,,,,,,,,,,,,24.13,,,,
22-Jan-2012,00:00,22-Jan-2012,00:15,Tamil Nadu,Chennai,Velachery Res. Area, Chennai - CPCB,,,,,,,,,,,,,,,,,,,,,,,,,,,,,,,,,,,23.84,,,,
22-Jan-2012,00:15,22-Jan-2012,00:30,Tamil Nadu,Chennai,Velachery Res. Area, Chennai - CPCB,,,,,,,,,,,,,,,,,,,,,,,,,,,,,,,,,,,23.49,,,,
22-Jan-2012,00:30,22-Jan-2012,00:45,Tamil Nadu,Chennai,Velachery Res. Area, Chennai - CPCB,,,,,,,,,,,,,,,,,,,,,,,,,,,,,,,,,,,23.5,,,,
22-Jan-2012,00:45,22-Jan-2012,01:00,Tamil Nadu,Chennai,Velachery Res. Area, Chennai - CPCB,,,,,,,,,,,,,,,,,,,,,,,,,,,,,,,,,,,23.61,,,,
22-Jan-2012,01:00,22-Jan-2012,01:15,Tamil Nadu,Chennai,Velachery Res. Area, Chennai - CPCB,,,,,,,,,,,,,,,,,,,,,,,,,,,,,,,,,,,23.9,,,,
22-Jan-2012,01:15,22-Jan-2012,01:30,Tamil Nadu,Chennai,Velachery Res. Area, Chennai - CPCB,,,,,,,,,,,,,,,,,,,,,,,,,,,,,,,,,,,23.75,,,,
22-Jan-2012,01:30,22-Jan-2012,01:45,Tamil Nadu,Chennai,Velachery Res. Area, Chennai - CPCB,,,,,,,,,,,,,,,,,,,,,,,,,,,,,,,,,,,23.88,,,,
22-Jan-2012,01:45,22-Jan-2012,02:00,Tamil Nadu,Chennai,Velachery Res. Area, Chennai - CPCB,,,,,,,,,,,,,,,,,,,,,,,,,,,,,,,,,,,23.74,,,,
22-Jan-2012,02:00,22-Jan-2012,02:15,Tamil Nadu,Chennai,Velachery Res. Area, Chennai - CPCB,,,,,,,,,,,,,,,,,,,,,,,,,,,,,,,,,,,23.7,,,,
22-Jan-2012,02:15,22-Jan-2012,02:30,Tamil Nadu,Chennai,Velachery Res. Area, Chennai - CPCB,,,,,,,,,,,,,,,,,,,,,,,,,,,,,,,,,,,23.67,,,,
22-Jan-2012,02:30,22-Jan-2012,02:45,Tamil Nadu,Chennai,Velachery Res. Area, Chennai - CPCB,,,,,,,,,,,,,,,,,,,,,,,,,,,,,,,,,,,23.47,,,,
22-Jan-2012,02:45,22-Jan-2012,03:00,Tamil Nadu,Chennai,Velachery Res. Area, Chennai - CPCB,,,,,,,,,,,,,,,,,,,,,,,,,,,,,,,,,,,23.49,,,,
22-Jan-2012,03:00,22-Jan-2012,03:15,Tamil Nadu,Chennai,Velachery Res. Area, Chennai - CPCB,,,,,,,,,,,,,,,,,,,,,,,,,,,,,,,,,,,23.51,,,,
22-Jan-2012,03:15,22-Jan-2012,03:30,Tamil Nadu,Chennai,Velachery Res. Area, Chennai - CPCB,,,,,,,,,,,,,,,,,,,,,,,,,,,,,,,0.92,,,,23.58,,,,
22-Jan-2012,03:30,22-Jan-2012,03:45,Tamil Nadu,Chennai,Velachery Res. Area, Chennai - CPCB,,,,,,,,,,,,,,,,,,,,,,,,,,,,,,,2.57,,,,23.57,,,,
22-Jan-2012,03:45,22-Jan-2012,04:00,Tamil Nadu,Chennai,Velachery Res. Area, Chennai - CPCB,,,,,,,,,,,,,,,,,,,,,,,,,,,,,,,,,,,23.55,,,,
22-Jan-2012,04:00,22-Jan-2012,04:15,Tamil Nadu,Chennai,Velachery Res. Area, Chennai - CPCB,,,,,,,,,,,,,,,,,,,,,,,,,,,,,,,,,,,23.39,,,,
22-Jan-2012,04:15,22-Jan-2012,04:30,Tamil Nadu,Chennai,Velachery Res. Area, Chennai - CPCB,,,,,,,,,,,,,,,,,,,,,,,,,,,,,,,,,,,23.17,,,,
22-Jan-2012,04:30,22-Jan-2012,04:45,Tamil Nadu,Chennai,Velachery Res. Area, Chennai - CPCB,,,,,,,,,,,,,,,,,,,,,,,,,,,,,,,,,,,23.15,,,,
22-Jan-2012,04:45,22-Jan-2012,05:00,Tamil Nadu,Chennai,Velachery Res. Area, Chennai - CPCB,,,,,,,,,,,,,,,,,,,,,,,,,,,,,,,,,,,22.97,,,,
22-Jan-2012,05:00,22-Jan-2012,05:15,Tamil Nadu,Chennai,Velachery Res. Area, Chennai - CPCB,,,,,,,,,,,,,,,,,,,,,,,,,,,,,,,,,,,22.9,,,,
22-Jan-2012,05:15,22-Jan-2012,05:30,Tamil Nadu,Chennai,Velachery Res. Area, Chennai - CPCB,,,,,,,,,,,,,,,,,,,,,,,,,,,,,,,1.26,,,,22.92,,,,
22-Jan-2012,05:30,22-Jan-2012,05:45,Tamil Nadu,Chennai,Velachery Res. Area, Chennai - CPCB,,,,,,,,,,,,,,,,,,,,,,,,,,,,,,,3.49,,,,22.93,,,,
22-Jan-2012,05:45,22-Jan-2012,06:00,Tamil Nadu,Chennai,Velachery Res. Area, Chennai - CPCB,,,,,,,,,,,,,,,,,,,,,,,,,,,,,,,1.19,,,,22.83,,,,
22-Jan-2012,06:00,22-Jan-2012,06:15,Tamil Nadu,Chennai,Velachery Res. Area, Chennai - CPCB,,,,,,,,,,,,,,,,,,,,,,,,,,,,,,,3.32,,,,22.62,,,,
22-Jan-2012,06:15,22-Jan-2012,06:30,Tamil Nadu,Chennai,Velachery Res. Area, Chennai - CPCB,,,,,,,,,,,,,,,,,,,,,,,,,,,,,,,0.82,,,,22.39,,,,
22-Jan-2012,06:30,22-Jan-2012,06:45,Tamil Nadu,Chennai,Velachery Res. Area, Chennai - CPCB,,,,,,,,,,,,,,,,,,,,,,,,,,,,,,,2.28,,,,22.29,,,,
22-Jan-2012,06:45,22-Jan-2012,07:00,Tamil Nadu,Chennai,Velachery Res. Area, Chennai - CPCB,,,,,,,,,,,,,,,,,,,,,,,,,,,,,,,,,,,22.42,,,,
22-Jan-2012,07:00,22-Jan-2012,07:15,Tamil Nadu,Chennai,Velachery Res. Area, Chennai - CPCB,,,,,,,,,,,,,,,,,,,,,,,,,,,,,,,,,,,22.71,,,,
22-Jan-2012,07:15,22-Jan-2012,07:30,Tamil Nadu,Chennai,Velachery Res. Area, Chennai - CPCB,,,,,,,,,,,,,,,,,,,,,,,,,,,,,,,,,,,22.76,,,,
22-Jan-2012,07:30,22-Jan-2012,07:45,Tamil Nadu,Chennai,Velachery Res. Area, Chennai - CPCB,,,,,,,,,,,,,,,,,,,,,,,,,,,,,,,,,,,23.63,,,,
22-Jan-2012,07:45,22-Jan-2012,08:00,Tamil Nadu,Chennai,Velachery Res. Area, Chennai - CPCB,,,,,,,,,,,,,,,,,,,,,,,,,,,,,,,,,,,24.61,,,,
22-Jan-2012,08:00,22-Jan-2012,08:15,Tamil Nadu,Chennai,Velachery Res. Area, Chennai - CPCB,,,,,,,,,,,,,,,,,,,,,,,,,,,,,,,,,,,25.52,,,,
22-Jan-2012,08:15,22-Jan-2012,08:30,Tamil Nadu,Chennai,Velachery Res. Area, Chennai - CPCB,,,,,,,,,,,,,,,,,,,,,,,,,,,,,,,,,,,26.22,,,,
22-Jan-2012,08:30,22-Jan-2012,08:45,Tamil Nadu,Chennai,Velachery Res. Area, Chennai - CPCB,,,,,,,,,,,,,,,,,,,,,,,,,,,,,,,,,,,27.09,,,,
22-Jan-2012,08:45,22-Jan-2012,09:00,Tamil Nadu,Chennai,Velachery Res. Area, Chennai - CPCB,,,,,,,,,,,,,,,,,,,,,,,,,,,,,,,0.92,,,,27.95,,,,
22-Jan-2012,09:00,22-Jan-2012,09:15,Tamil Nadu,Chennai,Velachery Res. Area, Chennai - CPCB,,,,,,,,,,,,,,,,,,,,,,,,,,,,,,,2.57,,,,28.44,,,,
22-Jan-2012,09:15,22-Jan-2012,09:30,Tamil Nadu,Chennai,Velachery Res. Area, Chennai - CPCB,,,,,,,,,,,,,,,,,,,,,,,,,,,,,,,,,,,28.59,,,,
22-Jan-2012,09:30,22-Jan-2012,09:45,Tamil Nadu,Chennai,Velachery Res. Area, Chennai - CPCB,,,,,,,,,,,,,,,,,,,,,,,,,,,,,,,,,,,28.75,,,,
22-Jan-2012,09:45,22-Jan-2012,10:00,Tamil Nadu,Chennai,Velachery Res. Area, Chennai - CPCB,,,,,,,,,,,,,,,,,,,,,,,,,,,,,,,,,,,29.03,,,,
22-Jan-2012,10:00,22-Jan-2012,10:15,Tamil Nadu,Chennai,Velachery Res. Area, Chennai - CPCB,,,,,,,,,,,,,,,,,,,,,,,,,,,,,,,,,,,29.24,,,,
22-Jan-2012,10:15,22-Jan-2012,10:30,Tamil Nadu,Chennai,Velachery Res. Area, Chennai - CPCB,,,,,,,,,,,,,,,,,,,,,,,,,,,,,,,,,,,29.23,,,,
22-Jan-2012,10:30,22-Jan-2012,10:45,Tamil Nadu,Chennai,Velachery Res. Area, Chennai - CPCB,,,,,,,,,,,,,,,,,,,,,,,,,,,,,,,,,,,29.45,,,,
22-Jan-2012,10:45,22-Jan-2012,11:00,Tamil Nadu,Chennai,Velachery Res. Area, Chennai - CPCB,,,,,,,,,,,,,,,,,,,,,,,,,,,,,,,1.26,,,,29.37,,,,
22-Jan-2012,11:00,22-Jan-2012,11:15,Tamil Nadu,Chennai,Velachery Res. Area, Chennai - CPCB,,,,,,,,,,,,,,,,,,,,,,,,,,,,,,,3.49,,,,29.55,,,,
22-Jan-2012,11:15,22-Jan-2012,11:30,Tamil Nadu,Chennai,Velachery Res. Area, Chennai - CPCB,,,,,,,,,,,,,,,,,,,,,,,,,,,,,,,1.19,,,,29.67,,,,
22-Jan-2012,11:30,22-Jan-2012,11:45,Tamil Nadu,Chennai,Velachery Res. Area, Chennai - CPCB,,,,,,,,,,,,,,,,,,,,,,,,,,,,,,,3.32,,,,29.61,,,,
22-Jan-2012,11:45,22-Jan-2012,12:00,Tamil Nadu,Chennai,Velachery Res. Area, Chennai - CPCB,,,,,,,,,,,,,,,,,,,,,,,,,,,,,,,0.82,,,,29.89,,,,
22-Jan-2012,12:00,22-Jan-2012,12:15,Tamil Nadu,Chennai,Velachery Res. Area, Chennai - CPCB,,,,,,,,,,,,,,,,,,,,,,,,,,,,,,,2.28,,,,29.78,,,,
22-Jan-2012,12:15,22-Jan-2012,12:30,Tamil Nadu,Chennai,Velachery Res. Area, Chennai - CPCB,,,,,,,,,,,,,,,,,,,,,,,,,,,,,,,,,,,29.73,,,,
22-Jan-2012,12:30,22-Jan-2012,12:45,Tamil Nadu,Chennai,Velachery Res. Area, Chennai - CPCB,,,,,,,,,,,,,,,,,,,,,,,,,,,,,,,,,,,29.65,,,,
22-Jan-2012,12:45,22-Jan-2012,13:00,Tamil Nadu,Chennai,Velachery Res. Area, Chennai - CPCB,,,,,,,,,,,,,,,,,,,,,,,,,,,,,,,,,,,29.78,,,,
22-Jan-2012,13:00,22-Jan-2012,13:15,Tamil Nadu,Chennai,Velachery Res. Area, Chennai - CPCB,,,,,,,,,,,,,,,,,,,,,,,,,,,,,,,,,,,30.01,,,,
22-Jan-2012,13:15,22-Jan-2012,13:30,Tamil Nadu,Chennai,Velachery Res. Area, Chennai - CPCB,,,,,,,,,,,,,,,,,,,,,,,,,,,,,,,,,,,29.67,,,,
22-Jan-2012,13:30,22-Jan-2012,13:45,Tamil Nadu,Chennai,Velachery Res. Area, Chennai - CPCB,,,,,,,,,,,,,,,,,,,,,,,,,,,,,,,,,,,29.67,,,,
22-Jan-2012,13:45,22-Jan-2012,14:00,Tamil Nadu,Chennai,Velachery Res. Area, Chennai - CPCB,,,,,,,,,,,,,,,,,,,,,,,,,,,,,,,,,,,30.02,,,,
22-Jan-2012,14:00,22-Jan-2012,14:15,Tamil Nadu,Chennai,Velachery Res. Area, Chennai - CPCB,,,,,,,,,,,,,,,,,,,,,,,,,,,,,,,,,,,29.76,,,,
22-Jan-2012,14:15,22-Jan-2012,14:30,Tamil Nadu,Chennai,Velachery Res. Area, Chennai - CPCB,,,,,,,,,,,,,,,,,,,,,,,,,,,,,,,,,,,29.58,,,,
22-Jan-2012,14:30,22-Jan-2012,14:45,Tamil Nadu,Chennai,Velachery Res. Area, Chennai - CPCB,,,,,,,,,,,,,,,,,,,,,,,,,,,,,,,,,,,29.34,,,,
22-Jan-2012,14:45,22-Jan-2012,15:00,Tamil Nadu,Chennai,Velachery Res. Area, Chennai - CPCB,,,,,,,,,,,,,,,,,,,,,,,,,,,,,,,,,,,29.03,,,,
22-Jan-2012,15:00,22-Jan-2012,15:15,Tamil Nadu,Chennai,Velachery Res. Area, Chennai - CPCB,,,,,,,,,,,,,,,,,,,,,,,,,,,,,,,,,,,29.64,,,,
22-Jan-2012,15:15,22-Jan-2012,15:30,Tamil Nadu,Chennai,Velachery Res. Area, Chennai - CPCB,,,,,,,,,,,,,,,,,,,,,,,,,,,,,,,,,,,29.66,,,,
22-Jan-2012,15:30,22-Jan-2012,15:45,Tamil Nadu,Chennai,Velachery Res. Area, Chennai - CPCB,,,,,,,,,,,,,,,,,,,,,,,,,,,,,,,,,,,29.16,,,,
22-Jan-2012,15:45,22-Jan-2012,16:00,Tamil Nadu,Chennai,Velachery Res. Area, Chennai - CPCB,,,,,,,,,,,,,,,,,,,,,,,,,,,,,,,,,,,29.06,,,,
22-Jan-2012,16:00,22-Jan-2012,16:15,Tamil Nadu,Chennai,Velachery Res. Area, Chennai - CPCB,,,,,,,,,,,,,,,,,,,,,,,,,,,,,,,,,,,28.9,,,,
22-Jan-2012,16:15,22-Jan-2012,16:30,Tamil Nadu,Chennai,Velachery Res. Area, Chennai - CPCB,,,,,,,,,,,,,,,,,,,,,,,,,,,,,,,,,,,28.47,,,,
22-Jan-2012,16:30,22-Jan-2012,16:45,Tamil Nadu,Chennai,Velachery Res. Area, Chennai - CPCB,,,,,,,,,,,,,,,,,,,,,,,,,,,,,,,,,,,28.63,,,,
22-Jan-2012,16:45,22-Jan-2012,17:00,Tamil Nadu,Chennai,Velachery Res. Area, Chennai - CPCB,,,,,,,,,,,,,,,,,,,,,,,,,,,,,,,,,,,28.5,,,,
22-Jan-2012,17:00,22-Jan-2012,17:15,Tamil Nadu,Chennai,Velachery Res. Area, Chennai - CPCB,,,,,,,,,,,,,,,,,,,,,,,,,,,,,,,,,,,28.36,,,,
22-Jan-2012,17:15,22-Jan-2012,17:30,Tamil Nadu,Chennai,Velachery Res. Area, Chennai - CPCB,,,,,,,,,,,,,,,,,,,,,,,,,,,,,,,,,,,28.13,,,,
22-Jan-2012,17:30,22-Jan-2012,17:45,Tamil Nadu,Chennai,Velachery Res. Area, Chennai - CPCB,,,,,,,,,,,,,,,,,,,,,,,,,,,,,,,,,,,27.8,,,,
22-Jan-2012,17:45,22-Jan-2012,18:00,Tamil Nadu,Chennai,Velachery Res. Area, Chennai - CPCB,,,,,,,,,,,,,,,,,,,,,,,,,,,,,,,,,,,27.57,,,,
22-Jan-2012,18:00,22-Jan-2012,18:15,Tamil Nadu,Chennai,Velachery Res. Area, Chennai - CPCB,,,,,,,,,,,,,,,,,,,,,,,,,,,,,,,,,,,27.32,,,,
22-Jan-2012,18:15,22-Jan-2012,18:30,Tamil Nadu,Chennai,Velachery Res. Area, Chennai - CPCB,,,,,,,,,,,,,,,,,,,,,,,,,,,,,,,,,,,26.98,,,,
22-Jan-2012,18:30,22-Jan-2012,18:45,Tamil Nadu,Chennai,Velachery Res. Area, Chennai - CPCB,,,,,,,,,,,,,,,,,,,,,,,,,,,,,,,,,,,26.83,,,,
22-Jan-2012,18:45,22-Jan-2012,19:00,Tamil Nadu,Chennai,Velachery Res. Area, Chennai - CPCB,,,,,,,,,,,,,,,,,,,,,,,,,,,,,,,,,,,26.56,,,,
22-Jan-2012,19:00,22-Jan-2012,19:15,Tamil Nadu,Chennai,Velachery Res. Area, Chennai - CPCB,,,,,,,,,,,,,,,,,,,,,,,,,,,,,,,,,,,26.52,,,,
22-Jan-2012,19:15,22-Jan-2012,19:30,Tamil Nadu,Chennai,Velachery Res. Area, Chennai - CPCB,,,,,,,,,,,,,,,,,,,,,,,,,,,,,,,,,,,26.37,,,,
22-Jan-2012,19:30,22-Jan-2012,19:45,Tamil Nadu,Chennai,Velachery Res. Area, Chennai - CPCB,,,,,,,,,,,,,,,,,,,,,,,,,,,,,,,,,,,26.28,,,,
22-Jan-2012,19:45,22-Jan-2012,20:00,Tamil Nadu,Chennai,Velachery Res. Area, Chennai - CPCB,,,,,,,,,,,,,,,,,,,,,,,,,,,,,,,,,,,26.2,,,,
22-Jan-2012,20:00,22-Jan-2012,20:15,Tamil Nadu,Chennai,Velachery Res. Area, Chennai - CPCB,,,,,,,,,,,,,,,,,,,,,,,,,,,,,,,,,,,26.02,,,,
22-Jan-2012,20:15,22-Jan-2012,20:30,Tamil Nadu,Chennai,Velachery Res. Area, Chennai - CPCB,,,,,,,,,,,,,,,,,,,,,,,,,,,,,,,,,,,26.0,,,,
22-Jan-2012,20:30,22-Jan-2012,20:45,Tamil Nadu,Chennai,Velachery Res. Area, Chennai - CPCB,,,,,,,,,,,,,,,,,,,,,,,,,,,,,,,,,,,26.0,,,,
22-Jan-2012,20:45,22-Jan-2012,21:00,Tamil Nadu,Chennai,Velachery Res. Area, Chennai - CPCB,,,,,,,,,,,,,,,,,,,,,,,,,,,,,,,,,,,26.05,,,,
22-Jan-2012,21:00,22-Jan-2012,21:15,Tamil Nadu,Chennai,Velachery Res. Area, Chennai - CPCB,,,,,,,,,,,,,,,,,,,,,,,,,,,,,,,,,,,25.87,,,,
22-Jan-2012,21:15,22-Jan-2012,21:30,Tamil Nadu,Chennai,Velachery Res. Area, Chennai - CPCB,,,,,,,,,,,,,,,,,,,,,,,,,,,,,,,,,,,25.8,,,,
22-Jan-2012,21:30,22-Jan-2012,21:45,Tamil Nadu,Chennai,Velachery Res. Area, Chennai - CPCB,,,,,,,,,,,,,,,,,,,,,,,,,,,,,,,,,,,25.75,,,,
22-Jan-2012,21:45,22-Jan-2012,22:00,Tamil Nadu,Chennai,Velachery Res. Area, Chennai - CPCB,,,,,,,,,,,,,,,,,,,,,,,,,,,,,,,,,,,25.73,,,,
22-Jan-2012,22:00,22-Jan-2012,22:15,Tamil Nadu,Chennai,Velachery Res. Area, Chennai - CPCB,,,,,,,,,,,,,,,,,,,,,,,,,,,,,,,,,,,25.68,,,,
22-Jan-2012,22:15,22-Jan-2012,22:30,Tamil Nadu,Chennai,Velachery Res. Area, Chennai - CPCB,,,,,,,,,,,,,,,,,,,,,,,,,,,,,,,,,,,25.63,,,,
22-Jan-2012,22:30,22-Jan-2012,22:45,Tamil Nadu,Chennai,Velachery Res. Area, Chennai - CPCB,,,,,,,,,,,,,,,,,,,,,,,,,,,,,,,,,,,25.47,,,,
22-Jan-2012,22:45,22-Jan-2012,23:00,Tamil Nadu,Chennai,Velachery Res. Area, Chennai - CPCB,,,,,,,,,,,,,,,,,,,,,,,,,,,,,,,,,,,25.46,,,,
22-Jan-2012,23:00,22-Jan-2012,23:15,Tamil Nadu,Chennai,Velachery Res. Area, Chennai - CPCB,,,,,,,,,,,,,,,,,,,,,,,,,,,,,,,,,,,25.38,,,,
22-Jan-2012,23:15,22-Jan-2012,23:30,Tamil Nadu,Chennai,Velachery Res. Area, Chennai - CPCB,,,,,,,,,,,,,,,,,,,,,,,,,,,,,,,,,,,25.2,,,,
22-Jan-2012,23:30,22-Jan-2012,23:45,Tamil Nadu,Chennai,Velachery Res. Area, Chennai - CPCB,,,,,,,,,,,,,,,,,,,,,,,,,,,,,,,,,,,24.83,,,,
22-Jan-2012,23:45,23-Jan-2012,00:00,Tamil Nadu,Chennai,Velachery Res. Area, Chennai - CPCB,,,,,,,,,,,,,,,,,,,,,,,,,,,,,,,,,,,24.72,,,,
23-Jan-2012,00:00,23-Jan-2012,00:15,Tamil Nadu,Chennai,Velachery Res. Area, Chennai - CPCB,,,,,,,,,,,,,,,,,,,,,,,,,,,,,,,,,,,24.61,,,,
23-Jan-2012,00:15,23-Jan-2012,00:30,Tamil Nadu,Chennai,Velachery Res. Area, Chennai - CPCB,,,,,,,,,,,,,,,,,,,,,,,,,,,,,,,,,,,24.48,,,,
23-Jan-2012,00:30,23-Jan-2012,00:45,Tamil Nadu,Chennai,Velachery Res. Area, Chennai - CPCB,,,,,,,,,,,,,,,,,,,,,,,,,,,,,,,,,,,24.52,,,,
23-Jan-2012,00:45,23-Jan-2012,01:00,Tamil Nadu,Chennai,Velachery Res. Area, Chennai - CPCB,,,,,,,,,,,,,,,,,,,,,,,,,,,,,,,,,,,24.74,,,,
23-Jan-2012,01:00,23-Jan-2012,01:15,Tamil Nadu,Chennai,Velachery Res. Area, Chennai - CPCB,,,,,,,,,,,,,,,,,,,,,,,,,,,,,,,,,,,24.73,,,,
23-Jan-2012,01:15,23-Jan-2012,01:30,Tamil Nadu,Chennai,Velachery Res. Area, Chennai - CPCB,,,,,,,,,,,,,,,,,,,,,,,,,,,,,,,,,,,24.65,,,,
23-Jan-2012,01:30,23-Jan-2012,01:45,Tamil Nadu,Chennai,Velachery Res. Area, Chennai - CPCB,,,,,,,,,,,,,,,,,,,,,,,,,,,,,,,,,,,24.52,,,,
23-Jan-2012,01:45,23-Jan-2012,02:00,Tamil Nadu,Chennai,Velachery Res. Area, Chennai - CPCB,,,,,,,,,,,,,,,,,,,,,,,,,,,,,,,,,,,24.43,,,,
23-Jan-2012,02:00,23-Jan-2012,02:15,Tamil Nadu,Chennai,Velachery Res. Area, Chennai - CPCB,,,,,,,,,,,,,,,,,,,,,,,,,,,,,,,,,,,24.37,,,,
23-Jan-2012,02:15,23-Jan-2012,02:30,Tamil Nadu,Chennai,Velachery Res. Area, Chennai - CPCB,,,,,,,,,,,,,,,,,,,,,,,,,,,,,,,,,,,24.33,,,,
23-Jan-2012,02:30,23-Jan-2012,02:45,Tamil Nadu,Chennai,Velachery Res. Area, Chennai - CPCB,,,,,,,,,,,,,,,,,,,,,,,,,,,,,,,,,,,24.16,,,,
23-Jan-2012,02:45,23-Jan-2012,03:00,Tamil Nadu,Chennai,Velachery Res. Area, Chennai - CPCB,,,,,,,,,,,,,,,,,,,,,,,,,,,,,,,,,,,23.97,,,,
23-Jan-2012,03:00,23-Jan-2012,03:15,Tamil Nadu,Chennai,Velachery Res. Area, Chennai - CPCB,,,,,,,,,,,,,,,,,,,,,,,,,,,,,,,,,,,23.76,,,,
23-Jan-2012,03:15,23-Jan-2012,03:30,Tamil Nadu,Chennai,Velachery Res. Area, Chennai - CPCB,,,,,,,,,,,,,,,,,,,,,,,,,,,,,,,,,,,23.73,,,,
23-Jan-2012,03:30,23-Jan-2012,03:45,Tamil Nadu,Chennai,Velachery Res. Area, Chennai - CPCB,,,,,,,,,,,,,,,,,,,,,,,,,,,,,,,,,,,23.63,,,,
23-Jan-2012,03:45,23-Jan-2012,04:00,Tamil Nadu,Chennai,Velachery Res. Area, Chennai - CPCB,,,,,,,,,,,,,,,,,,,,,,,,,,,,,,,,,,,23.64,,,,
23-Jan-2012,04:00,23-Jan-2012,04:15,Tamil Nadu,Chennai,Velachery Res. Area, Chennai - CPCB,,,,,,,,,,,,,,,,,,,,,,,,,,,,,,,,,,,23.56,,,,
23-Jan-2012,04:15,23-Jan-2012,04:30,Tamil Nadu,Chennai,Velachery Res. Area, Chennai - CPCB,,,,,,,,,,,,,,,,,,,,,,,,,,,,,,,,,,,23.54,,,,
23-Jan-2012,04:30,23-Jan-2012,04:45,Tamil Nadu,Chennai,Velachery Res. Area, Chennai - CPCB,,,,,,,,,,,,,,,,,,,,,,,,,,,,,,,,,,,23.55,,,,
23-Jan-2012,04:45,23-Jan-2012,05:00,Tamil Nadu,Chennai,Velachery Res. Area, Chennai - CPCB,,,,,,,,,,,,,,,,,,,,,,,,,,,,,,,,,,,23.6,,,,
23-Jan-2012,05:00,23-Jan-2012,05:15,Tamil Nadu,Chennai,Velachery Res. Area, Chennai - CPCB,,,,,,,,,,,,,,,,,,,,,,,,,,,,,,,,,,,23.66,,,,
23-Jan-2012,05:15,23-Jan-2012,05:30,Tamil Nadu,Chennai,Velachery Res. Area, Chennai - CPCB,,,,,,,,,,,,,,,,,,,,,,,,,,,,,,,,,,,23.55,,,,
23-Jan-2012,05:30,23-Jan-2012,05:45,Tamil Nadu,Chennai,Velachery Res. Area, Chennai - CPCB,,,,,,,,,,,,,,,,,,,,,,,,,,,,,,,,,,,23.51,,,,
23-Jan-2012,05:45,23-Jan-2012,06:00,Tamil Nadu,Chennai,Velachery Res. Area, Chennai - CPCB,,,,,,,,,,,,,,,,,,,,,,,,,,,,,,,,,,,23.51,,,,
23-Jan-2012,06:00,23-Jan-2012,06:15,Tamil Nadu,Chennai,Velachery Res. Area, Chennai - CPCB,,,,,,,,,,,,,,,,,,,,,,,,,,,,,,,,,,,23.31,,,,
23-Jan-2012,06:15,23-Jan-2012,06:30,Tamil Nadu,Chennai,Velachery Res. Area, Chennai - CPCB,,,,,,,,,,,,,,,,,,,,,,,,,,,,,,,,,,,23.27,,,,
23-Jan-2012,06:30,23-Jan-2012,06:45,Tamil Nadu,Chennai,Velachery Res. Area, Chennai - CPCB,,,,,,,,,,,,,,,,,,,,,,,,,,,,,,,,,,,23.22,,,,
23-Jan-2012,06:45,23-Jan-2012,07:00,Tamil Nadu,Chennai,Velachery Res. Area, Chennai - CPCB,,,,,,,,,,,,,,,,,,,,,,,,,,,,,,,,,,,23.28,,,,
23-Jan-2012,07:00,23-Jan-2012,07:15,Tamil Nadu,Chennai,Velachery Res. Area, Chennai - CPCB,,,,,,,,,,,,,,,,,,,,,,,,,,,,,,,,,,,23.52,,,,
23-Jan-2012,07:15,23-Jan-2012,07:30,Tamil Nadu,Chennai,Velachery Res. Area, Chennai - CPCB,,,,,,,,,,,,,,,,,,,,,,,,,,,,,,,,,,,23.81,,,,
23-Jan-2012,07:30,23-Jan-2012,07:45,Tamil Nadu,Chennai,Velachery Res. Area, Chennai - CPCB,,,,,,,,,,,,,,,,,,,,,,,,,,,,,,,,,,,24.37,,,,
23-Jan-2012,07:45,23-Jan-2012,08:00,Tamil Nadu,Chennai,Velachery Res. Area, Chennai - CPCB,,,,,,,,,,,,,,,,,,,,,,,,,,,,,,,,,,,25.09,,,,
23-Jan-2012,08:00,23-Jan-2012,08:15,Tamil Nadu,Chennai,Velachery Res. Area, Chennai - CPCB,,,,,,,,,,,,,,,,,,,,,,,,,,,,,,,,,,,25.81,,,,
23-Jan-2012,08:15,23-Jan-2012,08:30,Tamil Nadu,Chennai,Velachery Res. Area, Chennai - CPCB,,,,,,,,,,,,,,,,,,,,,,,,,,,,,,,,,,,26.6,,,,
23-Jan-2012,08:30,23-Jan-2012,08:45,Tamil Nadu,Chennai,Velachery Res. Area, Chennai - CPCB,,,,,,,,,,,,,,,,,,,,,,,,,,,,,,,,,,,27.29,,,,
23-Jan-2012,08:45,23-Jan-2012,09:00,Tamil Nadu,Chennai,Velachery Res. Area, Chennai - CPCB,,,,,,,,,,,,,,,,,,,,,,,,,,,,,,,,,,,27.63,,,,
23-Jan-2012,09:00,23-Jan-2012,09:15,Tamil Nadu,Chennai,Velachery Res. Area, Chennai - CPCB,,,,,,,,,,,,,,,,,,,,,,,,,,,,,,,,,,,28.13,,,,
23-Jan-2012,09:15,23-Jan-2012,09:30,Tamil Nadu,Chennai,Velachery Res. Area, Chennai - CPCB,,,,,,,,,,,,,,,,,,,,,,,,,,,,,,,,,,,28.38,,,,
23-Jan-2012,09:30,23-Jan-2012,09:45,Tamil Nadu,Chennai,Velachery Res. Area, Chennai - CPCB,,,,,,,,,,,,,,,,,,,,,,,,,,,,,,,,,,,28.84,,,,
23-Jan-2012,09:45,23-Jan-2012,10:00,Tamil Nadu,Chennai,Velachery Res. Area, Chennai - CPCB,,,,,,,,,,,,,,,,,,,,,,,,,,,,,,,,,,,28.96,,,,
23-Jan-2012,10:00,23-Jan-2012,10:15,Tamil Nadu,Chennai,Velachery Res. Area, Chennai - CPCB,,,,,,,,,,,,,,,,,,,,,,,,,,,,,,,,,,,29.16,,,,
23-Jan-2012,10:15,23-Jan-2012,10:30,Tamil Nadu,Chennai,Velachery Res. Area, Chennai - CPCB,,,,,,,,,,,,,,,,,,,,,,,,,,,,,,,,,,,29.22,,,,
23-Jan-2012,10:30,23-Jan-2012,10:45,Tamil Nadu,Chennai,Velachery Res. Area, Chennai - CPCB,,,,,,,,,,,,,,,,,,,,,,,,,,,,,,,,,,,29.51,,,,
23-Jan-2012,10:45,23-Jan-2012,11:00,Tamil Nadu,Chennai,Velachery Res. Area, Chennai - CPCB,,,,,,,,,,,,,,,,,,,,,,,,,,,,,,,,,,,29.65,,,,
23-Jan-2012,11:00,23-Jan-2012,11:15,Tamil Nadu,Chennai,Velachery Res. Area, Chennai - CPCB,,,,,,,,,,,,,,,,,,,,,,,,,,,,,,,,,,,29.72,,,,
23-Jan-2012,11:15,23-Jan-2012,11:30,Tamil Nadu,Chennai,Velachery Res. Area, Chennai - CPCB,,,,,,,,,,,,,,,,,,,,,,,,,,,,,,,,,,,29.95,,,,
23-Jan-2012,11:30,23-Jan-2012,11:45,Tamil Nadu,Chennai,Velachery Res. Area, Chennai - CPCB,,,,,,,,,,,,,,,,,,,,,,,,,,,,,,,,,,,29.59,,,,
23-Jan-2012,11:45,23-Jan-2012,12:00,Tamil Nadu,Chennai,Velachery Res. Area, Chennai - CPCB,,,,,,,,,,,,,,,,,,,,,,,,,,,,,,,,,,,29.85,,,,
23-Jan-2012,12:00,23-Jan-2012,12:15,Tamil Nadu,Chennai,Velachery Res. Area, Chennai - CPCB,,,,,,,,,,,,,,,,,,,,,,,,,,,,,,,,,,,29.66,,,,
23-Jan-2012,12:15,23-Jan-2012,12:30,Tamil Nadu,Chennai,Velachery Res. Area, Chennai - CPCB,,,,,,,,,,,,,,,,,,,,,,,,,,,,,,,,,,,29.92,,,,
23-Jan-2012,12:30,23-Jan-2012,12:45,Tamil Nadu,Chennai,Velachery Res. Area, Chennai - CPCB,,,,,,,,,,,,,,,,,,,,,,,,,,,,,,,,,,,29.84,,,,
23-Jan-2012,12:45,23-Jan-2012,13:00,Tamil Nadu,Chennai,Velachery Res. Area, Chennai - CPCB,,,,,,,,,,,,,,,,,,,,,,,,,,,,,,,,,,,29.78,,,,
23-Jan-2012,13:00,23-Jan-2012,13:15,Tamil Nadu,Chennai,Velachery Res. Area, Chennai - CPCB,,,,,,,,,,,,,,,,,,,,,,,,,,,,,,,,,,,29.83,,,,
23-Jan-2012,13:15,23-Jan-2012,13:30,Tamil Nadu,Chennai,Velachery Res. Area, Chennai - CPCB,,,,,,,,,,,,,,,,,,,,,,,,,,,,,,,,,,,29.95,,,,
23-Jan-2012,13:30,23-Jan-2012,13:45,Tamil Nadu,Chennai,Velachery Res. Area, Chennai - CPCB,,,,,,,,,,,,,,,,,,,,,,,,,,,,,,,,,,,29.68,,,,
23-Jan-2012,13:45,23-Jan-2012,14:00,Tamil Nadu,Chennai,Velachery Res. Area, Chennai - CPCB,,,,,,,,,,,,,,,,,,,,,,,,,,,,,,,,,,,29.74,,,,
23-Jan-2012,14:00,23-Jan-2012,14:15,Tamil Nadu,Chennai,Velachery Res. Area, Chennai - CPCB,,,,,,,,,,,,,,,,,,,,,,,,,,,,,,,,,,,29.4,,,,
23-Jan-2012,14:15,23-Jan-2012,14:30,Tamil Nadu,Chennai,Velachery Res. Area, Chennai - CPCB,,,,,,,,,,,,,,,,,,,,,,,,,,,,,,,,,,,29.27,,,,
23-Jan-2012,14:30,23-Jan-2012,14:45,Tamil Nadu,Chennai,Velachery Res. Area, Chennai - CPCB,,,,,,,,,,,,,,,,,,,,,,,,,,,,,,,,,,,29.19,,,,
23-Jan-2012,14:45,23-Jan-2012,15:00,Tamil Nadu,Chennai,Velachery Res. Area, Chennai - CPCB,,,,,,,,,,,,,,,,,,,,,,,,,,,,,,,,,,,29.0,,,,
23-Jan-2012,15:00,23-Jan-2012,15:15,Tamil Nadu,Chennai,Velachery Res. Area, Chennai - CPCB,,,,,,,,,,,,,,,,,,,,,,,,,,,,,,,,,,,28.89,,,,
23-Jan-2012,15:15,23-Jan-2012,15:30,Tamil Nadu,Chennai,Velachery Res. Area, Chennai - CPCB,,,,,,,,,,,,,,,,,,,,,,,,,,,,,,,,,,,28.93,,,,
23-Jan-2012,15:30,23-Jan-2012,15:45,Tamil Nadu,Chennai,Velachery Res. Area, Chennai - CPCB,,,,,,,,,,,,,,,,,,,,,,,,,,,,,,,,,,,28.88,,,,
23-Jan-2012,15:45,23-Jan-2012,16:00,Tamil Nadu,Chennai,Velachery Res. Area, Chennai - CPCB,,,,,,,,,,,,,,,,,,,,,,,,,,,,,,,,,,,28.86,,,,
23-Jan-2012,16:00,23-Jan-2012,16:15,Tamil Nadu,Chennai,Velachery Res. Area, Chennai - CPCB,,,,,,,,,,,,,,,,,,,,,,,,,,,,,,,,,,,28.89,,,,
23-Jan-2012,16:15,23-Jan-2012,16:30,Tamil Nadu,Chennai,Velachery Res. Area, Chennai - CPCB,,,,,,,,,,,,,,,,,,,,,,,,,,,,,,,,,,,29.05,,,,
23-Jan-2012,16:30,23-Jan-2012,16:45,Tamil Nadu,Chennai,Velachery Res. Area, Chennai - CPCB,,,,,,,,,,,,,,,,,,,,,,,,,,,,,,,,,,,29.07,,,,
23-Jan-2012,16:45,23-Jan-2012,17:00,Tamil Nadu,Chennai,Velachery Res. Area, Chennai - CPCB,,,,,,,,,,,,,,,,,,,,,,,,,,,,,,,,,,,28.88,,,,
23-Jan-2012,17:00,23-Jan-2012,17:15,Tamil Nadu,Chennai,Velachery Res. Area, Chennai - CPCB,,,,,,,,,,,,,,,,,,,,,,,,,,,,,,,,,,,28.74,,,,
23-Jan-2012,17:15,23-Jan-2012,17:30,Tamil Nadu,Chennai,Velachery Res. Area, Chennai - CPCB,,,,,,,,,,,,,,,,,,,,,,,,,,,,,,,,,,,28.45,,,,
23-Jan-2012,17:30,23-Jan-2012,17:45,Tamil Nadu,Chennai,Velachery Res. Area, Chennai - CPCB,,,,,,,,,,,,,,,,,,,,,,,,,,,,,,,,,,,28.08,,,,
23-Jan-2012,17:45,23-Jan-2012,18:00,Tamil Nadu,Chennai,Velachery Res. Area, Chennai - CPCB,,,,,,,,,,,,,,,,,,,,,,,,,,,,,,,,,,,27.46,,,,
23-Jan-2012,18:00,23-Jan-2012,18:15,Tamil Nadu,Chennai,Velachery Res. Area, Chennai - CPCB,,,,,,,,,,,,,,,,,,,,,,,,,,,,,,,,,,,26.85,,,,
23-Jan-2012,18:15,23-Jan-2012,18:30,Tamil Nadu,Chennai,Velachery Res. Area, Chennai - CPCB,,,,,,,,,,,,,,,,,,,,,,,,,,,,,,,,,,,26.51,,,,
23-Jan-2012,18:30,23-Jan-2012,18:45,Tamil Nadu,Chennai,Velachery Res. Area, Chennai - CPCB,,,,,,,,,,,,,,,,,,,,,,,,,,,,,,,,,,,26.24,,,,
23-Jan-2012,18:45,23-Jan-2012,19:00,Tamil Nadu,Chennai,Velachery Res. Area, Chennai - CPCB,,,,,,,,,,,,,,,,,,,,,,,,,,,,,,,,,,,26.13,,,,
23-Jan-2012,19:00,23-Jan-2012,19:15,Tamil Nadu,Chennai,Velachery Res. Area, Chennai - CPCB,,,,,,,,,,,,,,,,,,,,,,,,,,,,,,,,,,,26.03,,,,
23-Jan-2012,19:15,23-Jan-2012,19:30,Tamil Nadu,Chennai,Velachery Res. Area, Chennai - CPCB,,,,,,,,,,,,,,,,,,,,,,,,,,,,,,,,,,,25.69,,,,
23-Jan-2012,19:30,23-Jan-2012,19:45,Tamil Nadu,Chennai,Velachery Res. Area, Chennai - CPCB,,,,,,,,,,,,,,,,,,,,,,,,,,,,,,,,,,,25.63,,,,
23-Jan-2012,19:45,23-Jan-2012,20:00,Tamil Nadu,Chennai,Velachery Res. Area, Chennai - CPCB,,,,,,,,,,,,,,,,,,,,,,,,,,,,,,,,,,,25.87,,,,
23-Jan-2012,20:00,23-Jan-2012,20:15,Tamil Nadu,Chennai,Velachery Res. Area, Chennai - CPCB,,,,,,,,,,,,,,,,,,,,,,,,,,,,,,,,,,,25.79,,,,
23-Jan-2012,20:15,23-Jan-2012,20:30,Tamil Nadu,Chennai,Velachery Res. Area, Chennai - CPCB,,,,,,,,,,,,,,,,,,,,,,,,,,,,,,,,,,,25.2,,,,
23-Jan-2012,20:30,23-Jan-2012,20:45,Tamil Nadu,Chennai,Velachery Res. Area, Chennai - CPCB,,,,,,,,,,,,,,,,,,,,,,,,,,,,,,,,,,,25.45,,,,
23-Jan-2012,20:45,23-Jan-2012,21:00,Tamil Nadu,Chennai,Velachery Res. Area, Chennai - CPCB,,,,,,,,,,,,,,,,,,,,,,,,,,,,,,,,,,,25.76,,,,
23-Jan-2012,21:00,23-Jan-2012,21:15,Tamil Nadu,Chennai,Velachery Res. Area, Chennai - CPCB,,,,,,,,,,,,,,,,,,,,,,,,,,,,,,,,,,,25.83,,,,
23-Jan-2012,21:15,23-Jan-2012,21:30,Tamil Nadu,Chennai,Velachery Res. Area, Chennai - CPCB,,,,,,,,,,,,,,,,,,,,,,,,,,,,,,,,,,,25.89,,,,
23-Jan-2012,21:30,23-Jan-2012,21:45,Tamil Nadu,Chennai,Velachery Res. Area, Chennai - CPCB,,,,,,,,,,,,,,,,,,,,,,,,,,,,,,,,,,,25.61,,,,
23-Jan-2012,21:45,23-Jan-2012,22:00,Tamil Nadu,Chennai,Velachery Res. Area, Chennai - CPCB,,,,,,,,,,,,,,,,,,,,,,,,,,,,,,,,,,,25.25,,,,
23-Jan-2012,22:00,23-Jan-2012,22:15,Tamil Nadu,Chennai,Velachery Res. Area, Chennai - CPCB,,,,,,,,,,,,,,,,,,,,,,,,,,,,,,,,,,,25.38,,,,
23-Jan-2012,22:15,23-Jan-2012,22:30,Tamil Nadu,Chennai,Velachery Res. Area, Chennai - CPCB,,,,,,,,,,,,,,,,,,,,,,,,,,,,,,,,,,,25.62,,,,
23-Jan-2012,22:30,23-Jan-2012,22:45,Tamil Nadu,Chennai,Velachery Res. Area, Chennai - CPCB,,,,,,,,,,,,,,,,,,,,,,,,,,,,,,,,,,,25.44,,,,
23-Jan-2012,22:45,23-Jan-2012,23:00,Tamil Nadu,Chennai,Velachery Res. Area, Chennai - CPCB,,,,,,,,,,,,,,,,,,,,,,,,,,,,,,,,,,,25.13,,,,
23-Jan-2012,23:00,23-Jan-2012,23:15,Tamil Nadu,Chennai,Velachery Res. Area, Chennai - CPCB,,,,,,,,,,,,,,,,,,,,,,,,,,,,,,,,,,,25.17,,,,
23-Jan-2012,23:15,23-Jan-2012,23:30,Tamil Nadu,Chennai,Velachery Res. Area, Chennai - CPCB,,,,,,,,,,,,,,,,,,,,,,,,,,,,,,,,,,,25.16,,,,
23-Jan-2012,23:30,23-Jan-2012,23:45,Tamil Nadu,Chennai,Velachery Res. Area, Chennai - CPCB,,,,,,,,,,,,,,,,,,,,,,,,,,,,,,,,,,,25.22,,,,
23-Jan-2012,23:45,24-Jan-2012,00:00,Tamil Nadu,Chennai,Velachery Res. Area, Chennai - CPCB,,,,,,,,,,,,,,,,,,,,,,,,,,,,,,,,,,,24.97,,,,
24-Jan-2012,00:00,24-Jan-2012,00:15,Tamil Nadu,Chennai,Velachery Res. Area, Chennai - CPCB,,,,,,,,,,,,,,,,,,,,,,,,,,,,,,,,,,,24.66,,,,
24-Jan-2012,00:15,24-Jan-2012,00:30,Tamil Nadu,Chennai,Velachery Res. Area, Chennai - CPCB,,,,,,,,,,,,,,,,,,,,,,,,,,,,,,,,,,,24.89,,,,
24-Jan-2012,00:30,24-Jan-2012,00:45,Tamil Nadu,Chennai,Velachery Res. Area, Chennai - CPCB,,,,,,,,,,,,,,,,,,,,,,,,,,,,,,,,,,,24.86,,,,
24-Jan-2012,00:45,24-Jan-2012,01:00,Tamil Nadu,Chennai,Velachery Res. Area, Chennai - CPCB,,,,,,,,,,,,,,,,,,,,,,,,,,,,,,,,,,,24.8,,,,
24-Jan-2012,01:00,24-Jan-2012,01:15,Tamil Nadu,Chennai,Velachery Res. Area, Chennai - CPCB,,,,,,,,,,,,,,,,,,,,,,,,,,,,,,,,,,,24.72,,,,
24-Jan-2012,01:15,24-Jan-2012,01:30,Tamil Nadu,Chennai,Velachery Res. Area, Chennai - CPCB,,,,,,,,,,,,,,,,,,,,,,,,,,,,,,,,,,,24.89,,,,
24-Jan-2012,01:30,24-Jan-2012,01:45,Tamil Nadu,Chennai,Velachery Res. Area, Chennai - CPCB,,,,,,,,,,,,,,,,,,,,,,,,,,,,,,,,,,,24.77,,,,
24-Jan-2012,01:45,24-Jan-2012,02:00,Tamil Nadu,Chennai,Velachery Res. Area, Chennai - CPCB,,,,,,,,,,,,,,,,,,,,,,,,,,,,,,,,,,,24.28,,,,
24-Jan-2012,02:00,24-Jan-2012,02:15,Tamil Nadu,Chennai,Velachery Res. Area, Chennai - CPCB,,,,,,,,,,,,,,,,,,,,,,,,,,,,,,,,,,,24.09,,,,
24-Jan-2012,02:15,24-Jan-2012,02:30,Tamil Nadu,Chennai,Velachery Res. Area, Chennai - CPCB,,,,,,,,,,,,,,,,,,,,,,,,,,,,,,,,,,,24.09,,,,
24-Jan-2012,02:30,24-Jan-2012,02:45,Tamil Nadu,Chennai,Velachery Res. Area, Chennai - CPCB,,,,,,,,,,,,,,,,,,,,,,,,,,,,,,,,,,,24.27,,,,
24-Jan-2012,02:45,24-Jan-2012,03:00,Tamil Nadu,Chennai,Velachery Res. Area, Chennai - CPCB,,,,,,,,,,,,,,,,,,,,,,,,,,,,,,,,,,,24.13,,,,
24-Jan-2012,03:00,24-Jan-2012,03:15,Tamil Nadu,Chennai,Velachery Res. Area, Chennai - CPCB,,,,,,,,,,,,,,,,,,,,,,,,,,,,,,,,,,,24.24,,,,
24-Jan-2012,03:15,24-Jan-2012,03:30,Tamil Nadu,Chennai,Velachery Res. Area, Chennai - CPCB,,,,,,,,,,,,,,,,,,,,,,,,,,,,,,,,,,,24.18,,,,
24-Jan-2012,03:30,24-Jan-2012,03:45,Tamil Nadu,Chennai,Velachery Res. Area, Chennai - CPCB,,,,,,,,,,,,,,,,,,,,,,,,,,,,,,,1.33,,,,23.74,,,,
24-Jan-2012,03:45,24-Jan-2012,04:00,Tamil Nadu,Chennai,Velachery Res. Area, Chennai - CPCB,,,,,,,,,,,,,,,,,,,,,,,,,,,,,,,2.81,,,,23.44,,,,
24-Jan-2012,04:00,24-Jan-2012,04:15,Tamil Nadu,Chennai,Velachery Res. Area, Chennai - CPCB,,,,,,,,,,,,,,,,,,,,,,,,,,,,,,,2.05,,,,23.24,,,,
24-Jan-2012,04:15,24-Jan-2012,04:30,Tamil Nadu,Chennai,Velachery Res. Area, Chennai - CPCB,,,,,,,,,,,,,,,,,,,,,,,,,,,,,,,1.17,,,,23.34,,,,
24-Jan-2012,04:30,24-Jan-2012,04:45,Tamil Nadu,Chennai,Velachery Res. Area, Chennai - CPCB,,,,,,,,,,,,,,,,,,,,,,,,,,,,,,,1.59,,,,23.2,,,,
24-Jan-2012,04:45,24-Jan-2012,05:00,Tamil Nadu,Chennai,Velachery Res. Area, Chennai - CPCB,,,,,,,,,,,,,,,,,,,,,,,,,,,,,,,1.3,,,,23.03,,,,
24-Jan-2012,05:00,24-Jan-2012,05:15,Tamil Nadu,Chennai,Velachery Res. Area, Chennai - CPCB,,,,,,,,,,,,,,,,,,,,,,,,,,,,,,,2.57,,,,23.08,,,,
24-Jan-2012,05:15,24-Jan-2012,05:30,Tamil Nadu,Chennai,Velachery Res. Area, Chennai - CPCB,,,,,,,,,,,,,,,,,,,,,,,,,,,,,,,2.61,,,,23.14,,,,
24-Jan-2012,05:30,24-Jan-2012,05:45,Tamil Nadu,Chennai,Velachery Res. Area, Chennai - CPCB,,,,,,,,,,,,,,,,,,,,,,,,,,,,,,,2.03,,,,23.38,,,,
24-Jan-2012,05:45,24-Jan-2012,06:00,Tamil Nadu,Chennai,Velachery Res. Area, Chennai - CPCB,,,,,,,,,,,,,,,,,,,,,,,,,,,,,,,,,,,23.44,,,,
24-Jan-2012,06:00,24-Jan-2012,06:15,Tamil Nadu,Chennai,Velachery Res. Area, Chennai - CPCB,,,,,,,,,,,,,,,,,,,,,,,,,,,,,,,,,,,23.15,,,,
24-Jan-2012,06:15,24-Jan-2012,06:30,Tamil Nadu,Chennai,Velachery Res. Area, Chennai - CPCB,,,,,,,,,,,,,,,,,,,,,,,,,,,,,,,,,,,23.09,,,,
24-Jan-2012,06:30,24-Jan-2012,06:45,Tamil Nadu,Chennai,Velachery Res. Area, Chennai - CPCB,,,,,,,,,,,,,,,,,,,,,,,,,,,,,,,,,,,23.16,,,,
24-Jan-2012,06:45,24-Jan-2012,07:00,Tamil Nadu,Chennai,Velachery Res. Area, Chennai - CPCB,,,,,,,,,,,,,,,,,,,,,,,,,,,,,,,,,,,23.04,,,,
24-Jan-2012,07:00,24-Jan-2012,07:15,Tamil Nadu,Chennai,Velachery Res. Area, Chennai - CPCB,,,,,,,,,,,,,,,,,,,,,,,,,,,,,,,,,,,23.13,,,,
24-Jan-2012,07:15,24-Jan-2012,07:30,Tamil Nadu,Chennai,Velachery Res. Area, Chennai - CPCB,,,,,,,,,,,,,,,,,,,,,,,,,,,,,,,,,,,23.52,,,,
24-Jan-2012,07:30,24-Jan-2012,07:45,Tamil Nadu,Chennai,Velachery Res. Area, Chennai - CPCB,,,,,,,,,,,,,,,,,,,,,,,,,,,,,,,,,,,24.1,,,,
24-Jan-2012,07:45,24-Jan-2012,08:00,Tamil Nadu,Chennai,Velachery Res. Area, Chennai - CPCB,,,,,,,,,,,,,,,,,,,,,,,,,,,,,,,,,,,24.85,,,,
24-Jan-2012,08:00,24-Jan-2012,08:15,Tamil Nadu,Chennai,Velachery Res. Area, Chennai - CPCB,,,,,,,,,,,,,,,,,,,,,,,,,,,,,,,,,,,25.54,,,,
24-Jan-2012,08:15,24-Jan-2012,08:30,Tamil Nadu,Chennai,Velachery Res. Area, Chennai - CPCB,,,,,,,,,,,,,,,,,,,,,,,,,,,,,,,,,,,26.1,,,,
24-Jan-2012,08:30,24-Jan-2012,08:45,Tamil Nadu,Chennai,Velachery Res. Area, Chennai - CPCB,,,,,,,,,,,,,,,,,,,,,,,,,,,,,,,,,,,26.23,,,,
24-Jan-2012,08:45,24-Jan-2012,09:00,Tamil Nadu,Chennai,Velachery Res. Area, Chennai - CPCB,,,,,,,,,,,,,,,,,,,,,,,,,,,,,,,,,,,26.82,,,,
24-Jan-2012,09:00,24-Jan-2012,09:15,Tamil Nadu,Chennai,Velachery Res. Area, Chennai - CPCB,,,,,,,,,,,,,,,,,,,,,,,,,,,,,,,1.33,,,,27.37,,,,
24-Jan-2012,09:15,24-Jan-2012,09:30,Tamil Nadu,Chennai,Velachery Res. Area, Chennai - CPCB,,,,,,,,,,,,,,,,,,,,,,,,,,,,,,,2.81,,,,27.74,,,,
24-Jan-2012,09:30,24-Jan-2012,09:45,Tamil Nadu,Chennai,Velachery Res. Area, Chennai - CPCB,,,,,,,,,,,,,,,,,,,,,,,,,,,,,,,2.05,,,,28.24,,,,
24-Jan-2012,09:45,24-Jan-2012,10:00,Tamil Nadu,Chennai,Velachery Res. Area, Chennai - CPCB,,,,,,,,,,,,,,,,,,,,,,,,,,,,,,,1.17,,,,28.56,,,,
24-Jan-2012,10:00,24-Jan-2012,10:15,Tamil Nadu,Chennai,Velachery Res. Area, Chennai - CPCB,,,,,,,,,,,,,,,,,,,,,,,,,,,,,,,1.59,,,,28.5,,,,
24-Jan-2012,10:15,24-Jan-2012,10:30,Tamil Nadu,Chennai,Velachery Res. Area, Chennai - CPCB,,,,,,,,,,,,,,,,,,,,,,,,,,,,,,,1.3,,,,29.23,,,,
24-Jan-2012,10:30,24-Jan-2012,10:45,Tamil Nadu,Chennai,Velachery Res. Area, Chennai - CPCB,,,,,,,,,,,,,,,,,,,,,,,,,,,,,,,2.57,,,,29.5,,,,
24-Jan-2012,10:45,24-Jan-2012,11:00,Tamil Nadu,Chennai,Velachery Res. Area, Chennai - CPCB,,,,,,,,,,,,,,,,,,,,,,,,,,,,,,,2.61,,,,29.4,,,,
24-Jan-2012,11:00,24-Jan-2012,11:15,Tamil Nadu,Chennai,Velachery Res. Area, Chennai - CPCB,,,,,,,,,,,,,,,,,,,,,,,,,,,,,,,2.03,,,,29.44,,,,
24-Jan-2012,11:15,24-Jan-2012,11:30,Tamil Nadu,Chennai,Velachery Res. Area, Chennai - CPCB,,,,,,,,,,,,,,,,,,,,,,,,,,,,,,,,,,,29.62,,,,
24-Jan-2012,11:30,24-Jan-2012,11:45,Tamil Nadu,Chennai,Velachery Res. Area, Chennai - CPCB,,,,,,,,,,,,,,,,,,,,,,,,,,,,,,,,,,,28.98,,,,
24-Jan-2012,11:45,24-Jan-2012,12:00,Tamil Nadu,Chennai,Velachery Res. Area, Chennai - CPCB,,,,,,,,,,,,,,,,,,,,,,,,,,,,,,,,,,,29.51,,,,
24-Jan-2012,12:00,24-Jan-2012,12:15,Tamil Nadu,Chennai,Velachery Res. Area, Chennai - CPCB,,,,,,,,,,,,,,,,,,,,,,,,,,,,,,,,,,,29.47,,,,
24-Jan-2012,12:15,24-Jan-2012,12:30,Tamil Nadu,Chennai,Velachery Res. Area, Chennai - CPCB,,,,,,,,,,,,,,,,,,,,,,,,,,,,,,,,,,,29.69,,,,
24-Jan-2012,12:30,24-Jan-2012,12:45,Tamil Nadu,Chennai,Velachery Res. Area, Chennai - CPCB,,,,,,,,,,,,,,,,,,,,,,,,,,,,,,,,,,,29.96,,,,
24-Jan-2012,12:45,24-Jan-2012,13:00,Tamil Nadu,Chennai,Velachery Res. Area, Chennai - CPCB,,,,,,,,,,,,,,,,,,,,,,,,,,,,,,,,,,,29.82,,,,
24-Jan-2012,13:00,24-Jan-2012,13:15,Tamil Nadu,Chennai,Velachery Res. Area, Chennai - CPCB,,,,,,,,,,,,,,,,,,,,,,,,,,,,,,,,,,,29.82,,,,
24-Jan-2012,13:15,24-Jan-2012,13:30,Tamil Nadu,Chennai,Velachery Res. Area, Chennai - CPCB,,,,,,,,,,,,,,,,,,,,,,,,,,,,,,,,,,,30.03,,,,
24-Jan-2012,13:30,24-Jan-2012,13:45,Tamil Nadu,Chennai,Velachery Res. Area, Chennai - CPCB,,,,,,,,,,,,,,,,,,,,,,,,,,,,,,,,,,,30.14,,,,
24-Jan-2012,13:45,24-Jan-2012,14:00,Tamil Nadu,Chennai,Velachery Res. Area, Chennai - CPCB,,,,,,,,,,,,,,,,,,,,,,,,,,,,,,,,,,,29.98,,,,
24-Jan-2012,14:00,24-Jan-2012,14:15,Tamil Nadu,Chennai,Velachery Res. Area, Chennai - CPCB,,,,,,,,,,,,,,,,,,,,,,,,,,,,,,,,,,,29.77,,,,
24-Jan-2012,14:15,24-Jan-2012,14:30,Tamil Nadu,Chennai,Velachery Res. Area, Chennai - CPCB,,,,,,,,,,,,,,,,,,,,,,,,,,,,,,,,,,,29.87,,,,
24-Jan-2012,14:30,24-Jan-2012,14:45,Tamil Nadu,Chennai,Velachery Res. Area, Chennai - CPCB,,,,,,,,,,,,,,,,,,,,,,,,,,,,,,,,,,,29.9,,,,
24-Jan-2012,14:45,24-Jan-2012,15:00,Tamil Nadu,Chennai,Velachery Res. Area, Chennai - CPCB,,,,,,,,,,,,,,,,,,,,,,,,,,,,,,,,,,,29.61,,,,
24-Jan-2012,15:00,24-Jan-2012,15:15,Tamil Nadu,Chennai,Velachery Res. Area, Chennai - CPCB,,,,,,,,,,,,,,,,,,,,,,,,,,,,,,,,,,,29.34,,,,
24-Jan-2012,15:15,24-Jan-2012,15:30,Tamil Nadu,Chennai,Velachery Res. Area, Chennai - CPCB,,,,,,,,,,,,,,,,,,,,,,,,,,,,,,,,,,,29.47,,,,
24-Jan-2012,15:30,24-Jan-2012,15:45,Tamil Nadu,Chennai,Velachery Res. Area, Chennai - CPCB,,,,,,,,,,,,,,,,,,,,,,,,,,,,,,,,,,,29.36,,,,
24-Jan-2012,15:45,24-Jan-2012,16:00,Tamil Nadu,Chennai,Velachery Res. Area, Chennai - CPCB,,,,,,,,,,,,,,,,,,,,,,,,,,,,,,,,,,,29.02,,,,
24-Jan-2012,16:00,24-Jan-2012,16:15,Tamil Nadu,Chennai,Velachery Res. Area, Chennai - CPCB,,,,,,,,,,,,,,,,,,,,,,,,,,,,,,,,,,,28.9,,,,
24-Jan-2012,16:15,24-Jan-2012,16:30,Tamil Nadu,Chennai,Velachery Res. Area, Chennai - CPCB,,,,,,,,,,,,,,,,,,,,,,,,,,,,,,,,,,,29.0,,,,
24-Jan-2012,16:30,24-Jan-2012,16:45,Tamil Nadu,Chennai,Velachery Res. Area, Chennai - CPCB,,,,,,,,,,,,,,,,,,,,,,,,,,,,,,,,,,,28.78,,,,
24-Jan-2012,16:45,24-Jan-2012,17:00,Tamil Nadu,Chennai,Velachery Res. Area, Chennai - CPCB,,,,,,,,,,,,,,,,,,,,,,,,,,,,,,,,,,,28.57,,,,
24-Jan-2012,17:00,24-Jan-2012,17:15,Tamil Nadu,Chennai,Velachery Res. Area, Chennai - CPCB,,,,,,,,,,,,,,,,,,,,,,,,,,,,,,,,,,,28.27,,,,
24-Jan-2012,17:15,24-Jan-2012,17:30,Tamil Nadu,Chennai,Velachery Res. Area, Chennai - CPCB,,,,,,,,,,,,,,,,,,,,,,,,,,,,,,,,,,,28.01,,,,
24-Jan-2012,17:30,24-Jan-2012,17:45,Tamil Nadu,Chennai,Velachery Res. Area, Chennai - CPCB,,,,,,,,,,,,,,,,,,,,,,,,,,,,,,,,,,,27.69,,,,
24-Jan-2012,17:45,24-Jan-2012,18:00,Tamil Nadu,Chennai,Velachery Res. Area, Chennai - CPCB,,,,,,,,,,,,,,,,,,,,,,,,,,,,,,,,,,,27.39,,,,
24-Jan-2012,18:00,24-Jan-2012,18:15,Tamil Nadu,Chennai,Velachery Res. Area, Chennai - CPCB,,,,,,,,,,,,,,,,,,,,,,,,,,,,,,,,,,,26.98,,,,
24-Jan-2012,18:15,24-Jan-2012,18:30,Tamil Nadu,Chennai,Velachery Res. Area, Chennai - CPCB,,,,,,,,,,,,,,,,,,,,,,,,,,,,,,,,,,,26.57,,,,
24-Jan-2012,18:30,24-Jan-2012,18:45,Tamil Nadu,Chennai,Velachery Res. Area, Chennai - CPCB,,,,,,,,,,,,,,,,,,,,,,,,,,,,,,,,,,,26.46,,,,
24-Jan-2012,18:45,24-Jan-2012,19:00,Tamil Nadu,Chennai,Velachery Res. Area, Chennai - CPCB,,,,,,,,,,,,,,,,,,,,,,,,,,,,,,,,,,,26.35,,,,
24-Jan-2012,19:00,24-Jan-2012,19:15,Tamil Nadu,Chennai,Velachery Res. Area, Chennai - CPCB,,,,,,,,,,,,,,,,,,,,,,,,,,,,,,,,,,,26.31,,,,
24-Jan-2012,19:15,24-Jan-2012,19:30,Tamil Nadu,Chennai,Velachery Res. Area, Chennai - CPCB,,,,,,,,,,,,,,,,,,,,,,,,,,,,,,,,,,,26.09,,,,
24-Jan-2012,19:30,24-Jan-2012,19:45,Tamil Nadu,Chennai,Velachery Res. Area, Chennai - CPCB,,,,,,,,,,,,,,,,,,,,,,,,,,,,,,,,,,,26.14,,,,
24-Jan-2012,19:45,24-Jan-2012,20:00,Tamil Nadu,Chennai,Velachery Res. Area, Chennai - CPCB,,,,,,,,,,,,,,,,,,,,,,,,,,,,,,,,,,,25.97,,,,
24-Jan-2012,20:00,24-Jan-2012,20:15,Tamil Nadu,Chennai,Velachery Res. Area, Chennai - CPCB,,,,,,,,,,,,,,,,,,,,,,,,,,,,,,,,,,,25.84,,,,
24-Jan-2012,20:15,24-Jan-2012,20:30,Tamil Nadu,Chennai,Velachery Res. Area, Chennai - CPCB,,,,,,,,,,,,,,,,,,,,,,,,,,,,,,,,,,,25.73,,,,
24-Jan-2012,20:30,24-Jan-2012,20:45,Tamil Nadu,Chennai,Velachery Res. Area, Chennai - CPCB,,,,,,,,,,,,,,,,,,,,,,,,,,,,,,,,,,,25.89,,,,
24-Jan-2012,20:45,24-Jan-2012,21:00,Tamil Nadu,Chennai,Velachery Res. Area, Chennai - CPCB,,,,,,,,,,,,,,,,,,,,,,,,,,,,,,,,,,,25.93,,,,
24-Jan-2012,21:00,24-Jan-2012,21:15,Tamil Nadu,Chennai,Velachery Res. Area, Chennai - CPCB,,,,,,,,,,,,,,,,,,,,,,,,,,,,,,,,,,,25.65,,,,
24-Jan-2012,21:15,24-Jan-2012,21:30,Tamil Nadu,Chennai,Velachery Res. Area, Chennai - CPCB,,,,,,,,,,,,,,,,,,,,,,,,,,,,,,,,,,,25.64,,,,
24-Jan-2012,21:30,24-Jan-2012,21:45,Tamil Nadu,Chennai,Velachery Res. Area, Chennai - CPCB,,,,,,,,,,,,,,,,,,,,,,,,,,,,,,,,,,,25.64,,,,
24-Jan-2012,21:45,24-Jan-2012,22:00,Tamil Nadu,Chennai,Velachery Res. Area, Chennai - CPCB,,,,,,,,,,,,,,,,,,,,,,,,,,,,,,,,,,,25.62,,,,
24-Jan-2012,22:00,24-Jan-2012,22:15,Tamil Nadu,Chennai,Velachery Res. Area, Chennai - CPCB,,,,,,,,,,,,,,,,,,,,,,,,,,,,,,,,,,,25.62,,,,
24-Jan-2012,22:15,24-Jan-2012,22:30,Tamil Nadu,Chennai,Velachery Res. Area, Chennai - CPCB,,,,,,,,,,,,,,,,,,,,,,,,,,,,,,,,,,,25.39,,,,
24-Jan-2012,22:30,24-Jan-2012,22:45,Tamil Nadu,Chennai,Velachery Res. Area, Chennai - CPCB,,,,,,,,,,,,,,,,,,,,,,,,,,,,,,,,,,,25.47,,,,
24-Jan-2012,22:45,24-Jan-2012,23:00,Tamil Nadu,Chennai,Velachery Res. Area, Chennai - CPCB,,,,,,,,,,,,,,,,,,,,,,,,,,,,,,,,,,,25.82,,,,
24-Jan-2012,23:00,24-Jan-2012,23:15,Tamil Nadu,Chennai,Velachery Res. Area, Chennai - CPCB,,,,,,,,,,,,,,,,,,,,,,,,,,,,,,,,,,,25.84,,,,
24-Jan-2012,23:15,24-Jan-2012,23:30,Tamil Nadu,Chennai,Velachery Res. Area, Chennai - CPCB,,,,,,,,,,,,,,,,,,,,,,,,,,,,,,,,,,,26.18,,,,
24-Jan-2012,23:30,24-Jan-2012,23:45,Tamil Nadu,Chennai,Velachery Res. Area, Chennai - CPCB,,,,,,,,,,,,,,,,,,,,,,,,,,,,,,,,,,,26.18,,,,
24-Jan-2012,23:45,25-Jan-2012,00:00,Tamil Nadu,Chennai,Velachery Res. Area, Chennai - CPCB,,,,,,,,,,,,,,,,,,,,,,,,,,,,,,,,,,,25.9,,,,
25-Jan-2012,00:00,25-Jan-2012,00:15,Tamil Nadu,Chennai,Velachery Res. Area, Chennai - CPCB,,,,,,,,,,,,,,,,,,,,,,,,,,,,,,,,,,,25.6,,,,
25-Jan-2012,00:15,25-Jan-2012,00:30,Tamil Nadu,Chennai,Velachery Res. Area, Chennai - CPCB,,,,,,,,,,,,,,,,,,,,,,,,,,,,,,,,,,,25.58,,,,
25-Jan-2012,00:30,25-Jan-2012,00:45,Tamil Nadu,Chennai,Velachery Res. Area, Chennai - CPCB,,,,,,,,,,,,,,,,,,,,,,,,,,,,,,,,,,,25.64,,,,
25-Jan-2012,00:45,25-Jan-2012,01:00,Tamil Nadu,Chennai,Velachery Res. Area, Chennai - CPCB,,,,,,,,,,,,,,,,,,,,,,,,,,,,,,,,,,,25.66,,,,
25-Jan-2012,01:00,25-Jan-2012,01:15,Tamil Nadu,Chennai,Velachery Res. Area, Chennai - CPCB,,,,,,,,,,,,,,,,,,,,,,,,,,,,,,,,,,,25.69,,,,
25-Jan-2012,01:15,25-Jan-2012,01:30,Tamil Nadu,Chennai,Velachery Res. Area, Chennai - CPCB,,,,,,,,,,,,,,,,,,,,,,,,,,,,,,,,,,,25.5,,,,
25-Jan-2012,01:30,25-Jan-2012,01:45,Tamil Nadu,Chennai,Velachery Res. Area, Chennai - CPCB,,,,,,,,,,,,,,,,,,,,,,,,,,,,,,,,,,,25.55,,,,
25-Jan-2012,01:45,25-Jan-2012,02:00,Tamil Nadu,Chennai,Velachery Res. Area, Chennai - CPCB,,,,,,,,,,,,,,,,,,,,,,,,,,,,,,,,,,,25.43,,,,
25-Jan-2012,02:00,25-Jan-2012,02:15,Tamil Nadu,Chennai,Velachery Res. Area, Chennai - CPCB,,,,,,,,,,,,,,,,,,,,,,,,,,,,,,,,,,,25.38,,,,
25-Jan-2012,02:15,25-Jan-2012,02:30,Tamil Nadu,Chennai,Velachery Res. Area, Chennai - CPCB,,,,,,,,,,,,,,,,,,,,,,,,,,,,,,,,,,,25.16,,,,
25-Jan-2012,02:30,25-Jan-2012,02:45,Tamil Nadu,Chennai,Velachery Res. Area, Chennai - CPCB,,,,,,,,,,,,,,,,,,,,,,,,,,,,,,,,,,,25.18,,,,
25-Jan-2012,02:45,25-Jan-2012,03:00,Tamil Nadu,Chennai,Velachery Res. Area, Chennai - CPCB,,,,,,,,,,,,,,,,,,,,,,,,,,,,,,,,,,,25.09,,,,
25-Jan-2012,03:00,25-Jan-2012,03:15,Tamil Nadu,Chennai,Velachery Res. Area, Chennai - CPCB,,,,,,,,,,,,,,,,,,,,,,,,,,,,,,,,,,,25.15,,,,
25-Jan-2012,03:15,25-Jan-2012,03:30,Tamil Nadu,Chennai,Velachery Res. Area, Chennai - CPCB,,,,,,,,,,,,,,,,,,,,,,,,,,,,,,,,,,,25.19,,,,
25-Jan-2012,03:30,25-Jan-2012,03:45,Tamil Nadu,Chennai,Velachery Res. Area, Chennai - CPCB,,,,,,,,,,,,,,,,,,,,,,,,,,,,,,,,,,,25.15,,,,
25-Jan-2012,03:45,25-Jan-2012,04:00,Tamil Nadu,Chennai,Velachery Res. Area, Chennai - CPCB,,,,,,,,,,,,,,,,,,,,,,,,,,,,,,,,,,,24.74,,,,
25-Jan-2012,04:00,25-Jan-2012,04:15,Tamil Nadu,Chennai,Velachery Res. Area, Chennai - CPCB,,,,,,,,,,,,,,,,,,,,,,,,,,,,,,,,,,,24.56,,,,
25-Jan-2012,04:15,25-Jan-2012,04:30,Tamil Nadu,Chennai,Velachery Res. Area, Chennai - CPCB,,,,,,,,,,,,,,,,,,,,,,,,,,,,,,,,,,,24.18,,,,
25-Jan-2012,04:30,25-Jan-2012,04:45,Tamil Nadu,Chennai,Velachery Res. Area, Chennai - CPCB,,,,,,,,,,,,,,,,,,,,,,,,,,,,,,,,,,,23.99,,,,
25-Jan-2012,04:45,25-Jan-2012,05:00,Tamil Nadu,Chennai,Velachery Res. Area, Chennai - CPCB,,,,,,,,,,,,,,,,,,,,,,,,,,,,,,,,,,,24.17,,,,
25-Jan-2012,05:00,25-Jan-2012,05:15,Tamil Nadu,Chennai,Velachery Res. Area, Chennai - CPCB,,,,,,,,,,,,,,,,,,,,,,,,,,,,,,,,,,,24.16,,,,
25-Jan-2012,05:15,25-Jan-2012,05:30,Tamil Nadu,Chennai,Velachery Res. Area, Chennai - CPCB,,,,,,,,,,,,,,,,,,,,,,,,,,,,,,,,,,,24.12,,,,
25-Jan-2012,05:30,25-Jan-2012,05:45,Tamil Nadu,Chennai,Velachery Res. Area, Chennai - CPCB,,,,,,,,,,,,,,,,,,,,,,,,,,,,,,,,,,,24.04,,,,
25-Jan-2012,05:45,25-Jan-2012,06:00,Tamil Nadu,Chennai,Velachery Res. Area, Chennai - CPCB,,,,,,,,,,,,,,,,,,,,,,,,,,,,,,,,,,,23.64,,,,
25-Jan-2012,06:00,25-Jan-2012,06:15,Tamil Nadu,Chennai,Velachery Res. Area, Chennai - CPCB,,,,,,,,,,,,,,,,,,,,,,,,,,,,,,,,,,,23.71,,,,
25-Jan-2012,06:15,25-Jan-2012,06:30,Tamil Nadu,Chennai,Velachery Res. Area, Chennai - CPCB,,,,,,,,,,,,,,,,,,,,,,,,,,,,,,,,,,,23.97,,,,
25-Jan-2012,06:30,25-Jan-2012,06:45,Tamil Nadu,Chennai,Velachery Res. Area, Chennai - CPCB,,,,,,,,,,,,,,,,,,,,,,,,,,,,,,,,,,,24.18,,,,
25-Jan-2012,06:45,25-Jan-2012,07:00,Tamil Nadu,Chennai,Velachery Res. Area, Chennai - CPCB,,,,,,,,,,,,,,,,,,,,,,,,,,,,,,,,,,,24.08,,,,
25-Jan-2012,07:00,25-Jan-2012,07:15,Tamil Nadu,Chennai,Velachery Res. Area, Chennai - CPCB,,,,,,,,,,,,,,,,,,,,,,,,,,,,,,,,,,,23.86,,,,
25-Jan-2012,07:15,25-Jan-2012,07:30,Tamil Nadu,Chennai,Velachery Res. Area, Chennai - CPCB,,,,,,,,,,,,,,,,,,,,,,,,,,,,,,,,,,,24.22,,,,
25-Jan-2012,07:30,25-Jan-2012,07:45,Tamil Nadu,Chennai,Velachery Res. Area, Chennai - CPCB,,,,,,,,,,,,,,,,,,,,,,,,,,,,,,,,,,,25.27,,,,
25-Jan-2012,07:45,25-Jan-2012,08:00,Tamil Nadu,Chennai,Velachery Res. Area, Chennai - CPCB,,,,,,,,,,,,,,,,,,,,,,,,,,,,,,,,,,,26.23,,,,
25-Jan-2012,08:00,25-Jan-2012,08:15,Tamil Nadu,Chennai,Velachery Res. Area, Chennai - CPCB,,,,,,,,,,,,,,,,,,,,,,,,,,,,,,,,,,,27.21,,,,
25-Jan-2012,08:15,25-Jan-2012,08:30,Tamil Nadu,Chennai,Velachery Res. Area, Chennai - CPCB,,,,,,,,,,,,,,,,,,,,,,,,,,,,,,,,,,,28.16,,,,
25-Jan-2012,08:30,25-Jan-2012,08:45,Tamil Nadu,Chennai,Velachery Res. Area, Chennai - CPCB,,,,,,,,,,,,,,,,,,,,,,,,,,,,,,,,,,,28.38,,,,
25-Jan-2012,08:45,25-Jan-2012,09:00,Tamil Nadu,Chennai,Velachery Res. Area, Chennai - CPCB,,,,,,,,,,,,,,,,,,,,,,,,,,,,,,,,,,,28.61,,,,
25-Jan-2012,09:00,25-Jan-2012,09:15,Tamil Nadu,Chennai,Velachery Res. Area, Chennai - CPCB,,,,,,,,,,,,,,,,,,,,,,,,,,,,,,,,,,,28.79,,,,
25-Jan-2012,09:15,25-Jan-2012,09:30,Tamil Nadu,Chennai,Velachery Res. Area, Chennai - CPCB,,,,,,,,,,,,,,,,,,,,,,,,,,,,,,,,,,,29.0,,,,
25-Jan-2012,09:30,25-Jan-2012,09:45,Tamil Nadu,Chennai,Velachery Res. Area, Chennai - CPCB,,,,,,,,,,,,,,,,,,,,,,,,,,,,,,,,,,,29.27,,,,
25-Jan-2012,09:45,25-Jan-2012,10:00,Tamil Nadu,Chennai,Velachery Res. Area, Chennai - CPCB,,,,,,,,,,,,,,,,,,,,,,,,,,,,,,,,,,,29.28,,,,
25-Jan-2012,10:00,25-Jan-2012,10:15,Tamil Nadu,Chennai,Velachery Res. Area, Chennai - CPCB,,,,,,,,,,,,,,,,,,,,,,,,,,,,,,,,,,,29.11,,,,
25-Jan-2012,10:15,25-Jan-2012,10:30,Tamil Nadu,Chennai,Velachery Res. Area, Chennai - CPCB,,,,,,,,,,,,,,,,,,,,,,,,,,,,,,,,,,,29.34,,,,
25-Jan-2012,10:30,25-Jan-2012,10:45,Tamil Nadu,Chennai,Velachery Res. Area, Chennai - CPCB,,,,,,,,,,,,,,,,,,,,,,,,,,,,,,,,,,,29.63,,,,
25-Jan-2012,10:45,25-Jan-2012,11:00,Tamil Nadu,Chennai,Velachery Res. Area, Chennai - CPCB,,,,,,,,,,,,,,,,,,,,,,,,,,,,,,,,,,,29.41,,,,
25-Jan-2012,11:00,25-Jan-2012,11:15,Tamil Nadu,Chennai,Velachery Res. Area, Chennai - CPCB,,,,,,,,,,,,,,,,,,,,,,,,,,,,,,,,,,,29.37,,,,
25-Jan-2012,11:15,25-Jan-2012,11:30,Tamil Nadu,Chennai,Velachery Res. Area, Chennai - CPCB,,,,,,,,,,,,,,,,,,,,,,,,,,,,,,,,,,,29.94,,,,
25-Jan-2012,11:30,25-Jan-2012,11:45,Tamil Nadu,Chennai,Velachery Res. Area, Chennai - CPCB,,,,,,,,,,,,,,,,,,,,,,,,,,,,,,,,,,,30.26,,,,
25-Jan-2012,11:45,25-Jan-2012,12:00,Tamil Nadu,Chennai,Velachery Res. Area, Chennai - CPCB,,,,,,,,,,,,,,,,,,,,,,,,,,,,,,,,,,,29.96,,,,
25-Jan-2012,12:00,25-Jan-2012,12:15,Tamil Nadu,Chennai,Velachery Res. Area, Chennai - CPCB,,,,,,,,,,,,,,,,,,,,,,,,,,,,,,,,,,,29.49,,,,
25-Jan-2012,12:15,25-Jan-2012,12:30,Tamil Nadu,Chennai,Velachery Res. Area, Chennai - CPCB,,,,,,,,,,,,,,,,,,,,,,,,,,,,,,,,,,,29.53,,,,
25-Jan-2012,12:30,25-Jan-2012,12:45,Tamil Nadu,Chennai,Velachery Res. Area, Chennai - CPCB,,,,,,,,,,,,,,,,,,,,,,,,,,,,,,,,,,,29.42,,,,
25-Jan-2012,12:45,25-Jan-2012,13:00,Tamil Nadu,Chennai,Velachery Res. Area, Chennai - CPCB,,,,,,,,,,,,,,,,,,,,,,,,,,,,,,,,,,,29.65,,,,
25-Jan-2012,13:00,25-Jan-2012,13:15,Tamil Nadu,Chennai,Velachery Res. Area, Chennai - CPCB,,,,,,,,,,,,,,,,,,,,,,,,,,,,,,,,,,,30.06,,,,
25-Jan-2012,13:15,25-Jan-2012,13:30,Tamil Nadu,Chennai,Velachery Res. Area, Chennai - CPCB,,,,,,,,,,,,,,,,,,,,,,,,,,,,,,,,,,,29.99,,,,
25-Jan-2012,13:30,25-Jan-2012,13:45,Tamil Nadu,Chennai,Velachery Res. Area, Chennai - CPCB,,,,,,,,,,,,,,,,,,,,,,,,,,,,,,,,,,,29.55,,,,
25-Jan-2012,13:45,25-Jan-2012,14:00,Tamil Nadu,Chennai,Velachery Res. Area, Chennai - CPCB,,,,,,,,,,,,,,,,,,,,,,,,,,,,,,,,,,,29.81,,,,
25-Jan-2012,14:00,25-Jan-2012,14:15,Tamil Nadu,Chennai,Velachery Res. Area, Chennai - CPCB,,,,,,,,,,,,,,,,,,,,,,,,,,,,,,,,,,,29.64,,,,
25-Jan-2012,14:15,25-Jan-2012,14:30,Tamil Nadu,Chennai,Velachery Res. Area, Chennai - CPCB,,,,,,,,,,,,,,,,,,,,,,,,,,,,,,,,,,,29.97,,,,
25-Jan-2012,14:30,25-Jan-2012,14:45,Tamil Nadu,Chennai,Velachery Res. Area, Chennai - CPCB,,,,,,,,,,,,,,,,,,,,,,,,,,,,,,,,,,,29.53,,,,
25-Jan-2012,14:45,25-Jan-2012,15:00,Tamil Nadu,Chennai,Velachery Res. Area, Chennai - CPCB,,,,,,,,,,,,,,,,,,,,,,,,,,,,,,,,,,,29.56,,,,
25-Jan-2012,15:00,25-Jan-2012,15:15,Tamil Nadu,Chennai,Velachery Res. Area, Chennai - CPCB,,,,,,,,,,,,,,,,,,,,,,,,,,,,,,,,,,,29.89,,,,
25-Jan-2012,15:15,25-Jan-2012,15:30,Tamil Nadu,Chennai,Velachery Res. Area, Chennai - CPCB,,,,,,,,,,,,,,,,,,,,,,,,,,,,,,,,,,,29.61,,,,
25-Jan-2012,15:30,25-Jan-2012,15:45,Tamil Nadu,Chennai,Velachery Res. Area, Chennai - CPCB,,,,,,,,,,,,,,,,,,,,,,,,,,,,,,,,,,,29.68,,,,
25-Jan-2012,15:45,25-Jan-2012,16:00,Tamil Nadu,Chennai,Velachery Res. Area, Chennai - CPCB,,,,,,,,,,,,,,,,,,,,,,,,,,,,,,,,,,,29.66,,,,
25-Jan-2012,16:00,25-Jan-2012,16:15,Tamil Nadu,Chennai,Velachery Res. Area, Chennai - CPCB,,,,,,,,,,,,,,,,,,,,,,,,,,,,,,,,,,,29.63,,,,
25-Jan-2012,16:15,25-Jan-2012,16:30,Tamil Nadu,Chennai,Velachery Res. Area, Chennai - CPCB,,,,,,,,,,,,,,,,,,,,,,,,,,,,,,,,,,,29.12,,,,
25-Jan-2012,16:30,25-Jan-2012,16:45,Tamil Nadu,Chennai,Velachery Res. Area, Chennai - CPCB,,,,,,,,,,,,,,,,,,,,,,,,,,,,,,,,,,,28.98,,,,
25-Jan-2012,16:45,25-Jan-2012,17:00,Tamil Nadu,Chennai,Velachery Res. Area, Chennai - CPCB,,,,,,,,,,,,,,,,,,,,,,,,,,,,,,,,,,,28.55,,,,
25-Jan-2012,17:00,25-Jan-2012,17:15,Tamil Nadu,Chennai,Velachery Res. Area, Chennai - CPCB,,,,,,,,,,,,,,,,,,,,,,,,,,,,,,,,,,,28.45,,,,
25-Jan-2012,17:15,25-Jan-2012,17:30,Tamil Nadu,Chennai,Velachery Res. Area, Chennai - CPCB,,,,,,,,,,,,,,,,,,,,,,,,,,,,,,,,,,,28.37,,,,
25-Jan-2012,17:30,25-Jan-2012,17:45,Tamil Nadu,Chennai,Velachery Res. Area, Chennai - CPCB,,,,,,,,,,,,,,,,,,,,,,,,,,,,,,,,,,,28.1,,,,
25-Jan-2012,17:45,25-Jan-2012,18:00,Tamil Nadu,Chennai,Velachery Res. Area, Chennai - CPCB,,,,,,,,,,,,,,,,,,,,,,,,,,,,,,,,,,,27.66,,,,
25-Jan-2012,18:00,25-Jan-2012,18:15,Tamil Nadu,Chennai,Velachery Res. Area, Chennai - CPCB,,,,,,,,,,,,,,,,,,,,,,,,,,,,,,,,,,,27.37,,,,
25-Jan-2012,18:15,25-Jan-2012,18:30,Tamil Nadu,Chennai,Velachery Res. Area, Chennai - CPCB,,,,,,,,,,,,,,,,,,,,,,,,,,,,,,,,,,,27.19,,,,
25-Jan-2012,18:30,25-Jan-2012,18:45,Tamil Nadu,Chennai,Velachery Res. Area, Chennai - CPCB,,,,,,,,,,,,,,,,,,,,,,,,,,,,,,,,,,,26.94,,,,
25-Jan-2012,18:45,25-Jan-2012,19:00,Tamil Nadu,Chennai,Velachery Res. Area, Chennai - CPCB,,,,,,,,,,,,,,,,,,,,,,,,,,,,,,,,,,,26.73,,,,
25-Jan-2012,19:00,25-Jan-2012,19:15,Tamil Nadu,Chennai,Velachery Res. Area, Chennai - CPCB,,,,,,,,,,,,,,,,,,,,,,,,,,,,,,,,,,,26.6,,,,
25-Jan-2012,19:15,25-Jan-2012,19:30,Tamil Nadu,Chennai,Velachery Res. Area, Chennai - CPCB,,,,,,,,,,,,,,,,,,,,,,,,,,,,,,,,,,,26.39,,,,
25-Jan-2012,19:30,25-Jan-2012,19:45,Tamil Nadu,Chennai,Velachery Res. Area, Chennai - CPCB,,,,,,,,,,,,,,,,,,,,,,,,,,,,,,,,,,,26.35,,,,
25-Jan-2012,19:45,25-Jan-2012,20:00,Tamil Nadu,Chennai,Velachery Res. Area, Chennai - CPCB,,,,,,,,,,,,,,,,,,,,,,,,,,,,,,,,,,,26.26,,,,
25-Jan-2012,20:00,25-Jan-2012,20:15,Tamil Nadu,Chennai,Velachery Res. Area, Chennai - CPCB,,,,,,,,,,,,,,,,,,,,,,,,,,,,,,,,,,,26.29,,,,
25-Jan-2012,20:15,25-Jan-2012,20:30,Tamil Nadu,Chennai,Velachery Res. Area, Chennai - CPCB,,,,,,,,,,,,,,,,,,,,,,,,,,,,,,,,,,,29.56,,,,
25-Jan-2012,20:30,25-Jan-2012,20:45,Tamil Nadu,Chennai,Velachery Res. Area, Chennai - CPCB,,,,,,,,,,,,,,,,,,,,,,,,,,,,,,,,,,,26.16,,,,
25-Jan-2012,20:45,25-Jan-2012,21:00,Tamil Nadu,Chennai,Velachery Res. Area, Chennai - CPCB,,,,,,,,,,,,,,,,,,,,,,,,,,,,,,,,,,,26.05,,,,
25-Jan-2012,21:00,25-Jan-2012,21:15,Tamil Nadu,Chennai,Velachery Res. Area, Chennai - CPCB,,,,,,,,,,,,,,,,,,,,,,,,,,,,,,,,,,,25.96,,,,
25-Jan-2012,21:15,25-Jan-2012,21:30,Tamil Nadu,Chennai,Velachery Res. Area, Chennai - CPCB,,,,,,,,,,,,,,,,,,,,,,,,,,,,,,,,,,,26.01,,,,
25-Jan-2012,21:30,25-Jan-2012,21:45,Tamil Nadu,Chennai,Velachery Res. Area, Chennai - CPCB,,,,,,,,,,,,,,,,,,,,,,,,,,,,,,,,,,,26.02,,,,
25-Jan-2012,21:45,25-Jan-2012,22:00,Tamil Nadu,Chennai,Velachery Res. Area, Chennai - CPCB,,,,,,,,,,,,,,,,,,,,,,,,,,,,,,,,,,,25.99,,,,
25-Jan-2012,22:00,25-Jan-2012,22:15,Tamil Nadu,Chennai,Velachery Res. Area, Chennai - CPCB,,,,,,,,,,,,,,,,,,,,,,,,,,,,,,,,,,,26.05,,,,
25-Jan-2012,22:15,25-Jan-2012,22:30,Tamil Nadu,Chennai,Velachery Res. Area, Chennai - CPCB,,,,,,,,,,,,,,,,,,,,,,,,,,,,,,,,,,,25.9,,,,
25-Jan-2012,22:30,25-Jan-2012,22:45,Tamil Nadu,Chennai,Velachery Res. Area, Chennai - CPCB,,,,,,,,,,,,,,,,,,,,,,,,,,,,,,,,,,,25.82,,,,
25-Jan-2012,22:45,25-Jan-2012,23:00,Tamil Nadu,Chennai,Velachery Res. Area, Chennai - CPCB,,,,,,,,,,,,,,,,,,,,,,,,,,,,,,,,,,,25.64,,,,
25-Jan-2012,23:00,25-Jan-2012,23:15,Tamil Nadu,Chennai,Velachery Res. Area, Chennai - CPCB,,,,,,,,,,,,,,,,,,,,,,,,,,,,,,,,,,,25.67,,,,
25-Jan-2012,23:15,25-Jan-2012,23:30,Tamil Nadu,Chennai,Velachery Res. Area, Chennai - CPCB,,,,,,,,,,,,,,,,,,,,,,,,,,,,,,,,,,,25.67,,,,
25-Jan-2012,23:30,25-Jan-2012,23:45,Tamil Nadu,Chennai,Velachery Res. Area, Chennai - CPCB,,,,,,,,,,,,,,,,,,,,,,,,,,,,,,,,,,,25.24,,,,
25-Jan-2012,23:45,26-Jan-2012,00:00,Tamil Nadu,Chennai,Velachery Res. Area, Chennai - CPCB,,,,,,,,,,,,,,,,,,,,,,,,,,,,,,,,,,,25.04,,,,
26-Jan-2012,00:00,26-Jan-2012,00:15,Tamil Nadu,Chennai,Velachery Res. Area, Chennai - CPCB,,,,,,,,,,,,,,,,,,,,,,,,,,,,,,,,,,,24.87,,,,
26-Jan-2012,00:15,26-Jan-2012,00:30,Tamil Nadu,Chennai,Velachery Res. Area, Chennai - CPCB,,,,,,,,,,,,,,,,,,,,,,,,,,,,,,,,,,,24.71,,,,
26-Jan-2012,00:30,26-Jan-2012,00:45,Tamil Nadu,Chennai,Velachery Res. Area, Chennai - CPCB,,,,,,,,,,,,,,,,,,,,,,,,,,,,,,,,,,,24.6,,,,
26-Jan-2012,00:45,26-Jan-2012,01:00,Tamil Nadu,Chennai,Velachery Res. Area, Chennai - CPCB,,,,,,,,,,,,,,,,,,,,,,,,,,,,,,,,,,,24.56,,,,
26-Jan-2012,01:00,26-Jan-2012,01:15,Tamil Nadu,Chennai,Velachery Res. Area, Chennai - CPCB,,,,,,,,,,,,,,,,,,,,,,,,,,,,,,,,,,,24.56,,,,
26-Jan-2012,01:15,26-Jan-2012,01:30,Tamil Nadu,Chennai,Velachery Res. Area, Chennai - CPCB,,,,,,,,,,,,,,,,,,,,,,,,,,,,,,,,,,,24.42,,,,
26-Jan-2012,01:30,26-Jan-2012,01:45,Tamil Nadu,Chennai,Velachery Res. Area, Chennai - CPCB,,,,,,,,,,,,,,,,,,,,,,,,,,,,,,,,,,,24.58,,,,
26-Jan-2012,01:45,26-Jan-2012,02:00,Tamil Nadu,Chennai,Velachery Res. Area, Chennai - CPCB,,,,,,,,,,,,,,,,,,,,,,,,,,,,,,,,,,,24.56,,,,
26-Jan-2012,02:00,26-Jan-2012,02:15,Tamil Nadu,Chennai,Velachery Res. Area, Chennai - CPCB,,,,,,,,,,,,,,,,,,,,,,,,,,,,,,,,,,,24.51,,,,
26-Jan-2012,02:15,26-Jan-2012,02:30,Tamil Nadu,Chennai,Velachery Res. Area, Chennai - CPCB,,,,,,,,,,,,,,,,,,,,,,,,,,,,,,,,,,,24.59,,,,
26-Jan-2012,02:30,26-Jan-2012,02:45,Tamil Nadu,Chennai,Velachery Res. Area, Chennai - CPCB,,,,,,,,,,,,,,,,,,,,,,,,,,,,,,,,,,,24.46,,,,
26-Jan-2012,02:45,26-Jan-2012,03:00,Tamil Nadu,Chennai,Velachery Res. Area, Chennai - CPCB,,,,,,,,,,,,,,,,,,,,,,,,,,,,,,,,,,,24.14,,,,
26-Jan-2012,03:00,26-Jan-2012,03:15,Tamil Nadu,Chennai,Velachery Res. Area, Chennai - CPCB,,,,,,,,,,,,,,,,,,,,,,,,,,,,,,,,,,,24.11,,,,
26-Jan-2012,03:15,26-Jan-2012,03:30,Tamil Nadu,Chennai,Velachery Res. Area, Chennai - CPCB,,,,,,,,,,,,,,,,,,,,,,,,,,,,,,,2.49,,,,24.09,,,,
26-Jan-2012,03:30,26-Jan-2012,03:45,Tamil Nadu,Chennai,Velachery Res. Area, Chennai - CPCB,,,,,,,,,,,,,,,,,,,,,,,,,,,,,,,0.21,,,,24.1,,,,
26-Jan-2012,03:45,26-Jan-2012,04:00,Tamil Nadu,Chennai,Velachery Res. Area, Chennai - CPCB,,,,,,,,,,,,,,,,,,,,,,,,,,,,,,,,,,,23.99,,,,
26-Jan-2012,04:00,26-Jan-2012,04:15,Tamil Nadu,Chennai,Velachery Res. Area, Chennai - CPCB,,,,,,,,,,,,,,,,,,,,,,,,,,,,,,,,,,,23.84,,,,
26-Jan-2012,04:15,26-Jan-2012,04:30,Tamil Nadu,Chennai,Velachery Res. Area, Chennai - CPCB,,,,,,,,,,,,,,,,,,,,,,,,,,,,,,,,,,,23.7,,,,
26-Jan-2012,04:30,26-Jan-2012,04:45,Tamil Nadu,Chennai,Velachery Res. Area, Chennai - CPCB,,,,,,,,,,,,,,,,,,,,,,,,,,,,,,,,,,,23.62,,,,
26-Jan-2012,04:45,26-Jan-2012,05:00,Tamil Nadu,Chennai,Velachery Res. Area, Chennai - CPCB,,,,,,,,,,,,,,,,,,,,,,,,,,,,,,,,,,,23.58,,,,
26-Jan-2012,05:00,26-Jan-2012,05:15,Tamil Nadu,Chennai,Velachery Res. Area, Chennai - CPCB,,,,,,,,,,,,,,,,,,,,,,,,,,,,,,,,,,,23.53,,,,
26-Jan-2012,05:15,26-Jan-2012,05:30,Tamil Nadu,Chennai,Velachery Res. Area, Chennai - CPCB,,,,,,,,,,,,,,,,,,,,,,,,,,,,,,,,,,,23.52,,,,
26-Jan-2012,05:30,26-Jan-2012,05:45,Tamil Nadu,Chennai,Velachery Res. Area, Chennai - CPCB,,,,,,,,,,,,,,,,,,,,,,,,,,,,,,,,,,,23.64,,,,
26-Jan-2012,05:45,26-Jan-2012,06:00,Tamil Nadu,Chennai,Velachery Res. Area, Chennai - CPCB,,,,,,,,,,,,,,,,,,,,,,,,,,,,,,,,,,,23.62,,,,
26-Jan-2012,06:00,26-Jan-2012,06:15,Tamil Nadu,Chennai,Velachery Res. Area, Chennai - CPCB,,,,,,,,,,,,,,,,,,,,,,,,,,,,,,,,,,,23.62,,,,
26-Jan-2012,06:15,26-Jan-2012,06:30,Tamil Nadu,Chennai,Velachery Res. Area, Chennai - CPCB,,,,,,,,,,,,,,,,,,,,,,,,,,,,,,,,,,,23.59,,,,
26-Jan-2012,06:30,26-Jan-2012,06:45,Tamil Nadu,Chennai,Velachery Res. Area, Chennai - CPCB,,,,,,,,,,,,,,,,,,,,,,,,,,,,,,,,,,,23.51,,,,
26-Jan-2012,06:45,26-Jan-2012,07:00,Tamil Nadu,Chennai,Velachery Res. Area, Chennai - CPCB,,,,,,,,,,,,,,,,,,,,,,,,,,,,,,,,,,,23.57,,,,
26-Jan-2012,07:00,26-Jan-2012,07:15,Tamil Nadu,Chennai,Velachery Res. Area, Chennai - CPCB,,,,,,,,,,,,,,,,,,,,,,,,,,,,,,,,,,,23.8,,,,
26-Jan-2012,07:15,26-Jan-2012,07:30,Tamil Nadu,Chennai,Velachery Res. Area, Chennai - CPCB,,,,,,,,,,,,,,,,,,,,,,,,,,,,,,,,,,,24.18,,,,
26-Jan-2012,07:30,26-Jan-2012,07:45,Tamil Nadu,Chennai,Velachery Res. Area, Chennai - CPCB,,,,,,,,,,,,,,,,,,,,,,,,,,,,,,,,,,,24.78,,,,
26-Jan-2012,07:45,26-Jan-2012,08:00,Tamil Nadu,Chennai,Velachery Res. Area, Chennai - CPCB,,,,,,,,,,,,,,,,,,,,,,,,,,,,,,,,,,,25.32,,,,
26-Jan-2012,08:00,26-Jan-2012,08:15,Tamil Nadu,Chennai,Velachery Res. Area, Chennai - CPCB,,,,,,,,,,,,,,,,,,,,,,,,,,,,,,,,,,,25.97,,,,
26-Jan-2012,08:15,26-Jan-2012,08:30,Tamil Nadu,Chennai,Velachery Res. Area, Chennai - CPCB,,,,,,,,,,,,,,,,,,,,,,,,,,,,,,,,,,,26.55,,,,
26-Jan-2012,08:30,26-Jan-2012,08:45,Tamil Nadu,Chennai,Velachery Res. Area, Chennai - CPCB,,,,,,,,,,,,,,,,,,,,,,,,,,,,,,,,,,,26.99,,,,
26-Jan-2012,08:45,26-Jan-2012,09:00,Tamil Nadu,Chennai,Velachery Res. Area, Chennai - CPCB,,,,,,,,,,,,,,,,,,,,,,,,,,,,,,,2.49,,,,27.25,,,,
26-Jan-2012,09:00,26-Jan-2012,09:15,Tamil Nadu,Chennai,Velachery Res. Area, Chennai - CPCB,,,,,,,,,,,,,,,,,,,,,,,,,,,,,,,0.21,,,,27.83,,,,
26-Jan-2012,09:15,26-Jan-2012,09:30,Tamil Nadu,Chennai,Velachery Res. Area, Chennai - CPCB,,,,,,,,,,,,,,,,,,,,,,,,,,,,,,,,,,,28.15,,,,
26-Jan-2012,09:30,26-Jan-2012,09:45,Tamil Nadu,Chennai,Velachery Res. Area, Chennai - CPCB,,,,,,,,,,,,,,,,,,,,,,,,,,,,,,,,,,,28.63,,,,
26-Jan-2012,09:45,26-Jan-2012,10:00,Tamil Nadu,Chennai,Velachery Res. Area, Chennai - CPCB,,,,,,,,,,,,,,,,,,,,,,,,,,,,,,,,,,,28.72,,,,
26-Jan-2012,10:00,26-Jan-2012,10:15,Tamil Nadu,Chennai,Velachery Res. Area, Chennai - CPCB,,,,,,,,,,,,,,,,,,,,,,,,,,,,,,,,,,,28.87,,,,
26-Jan-2012,10:15,26-Jan-2012,10:30,Tamil Nadu,Chennai,Velachery Res. Area, Chennai - CPCB,,,,,,,,,,,,,,,,,,,,,,,,,,,,,,,,,,,29.44,,,,
26-Jan-2012,10:30,26-Jan-2012,10:45,Tamil Nadu,Chennai,Velachery Res. Area, Chennai - CPCB,,,,,,,,,,,,,,,,,,,,,,,,,,,,,,,,,,,29.57,,,,
26-Jan-2012,10:45,26-Jan-2012,11:00,Tamil Nadu,Chennai,Velachery Res. Area, Chennai - CPCB,,,,,,,,,,,,,,,,,,,,,,,,,,,,,,,,,,,29.61,,,,
26-Jan-2012,11:00,26-Jan-2012,11:15,Tamil Nadu,Chennai,Velachery Res. Area, Chennai - CPCB,,,,,,,,,,,,,,,,,,,,,,,,,,,,,,,,,,,29.57,,,,
26-Jan-2012,11:15,26-Jan-2012,11:30,Tamil Nadu,Chennai,Velachery Res. Area, Chennai - CPCB,,,,,,,,,,,,,,,,,,,,,,,,,,,,,,,,,,,29.9,,,,
26-Jan-2012,11:30,26-Jan-2012,11:45,Tamil Nadu,Chennai,Velachery Res. Area, Chennai - CPCB,,,,,,,,,,,,,,,,,,,,,,,,,,,,,,,,,,,29.7,,,,
26-Jan-2012,11:45,26-Jan-2012,12:00,Tamil Nadu,Chennai,Velachery Res. Area, Chennai - CPCB,,,,,,,,,,,,,,,,,,,,,,,,,,,,,,,,,,,29.15,,,,
26-Jan-2012,12:00,26-Jan-2012,12:15,Tamil Nadu,Chennai,Velachery Res. Area, Chennai - CPCB,,,,,,,,,,,,,,,,,,,,,,,,,,,,,,,,,,,29.52,,,,
26-Jan-2012,12:15,26-Jan-2012,12:30,Tamil Nadu,Chennai,Velachery Res. Area, Chennai - CPCB,,,,,,,,,,,,,,,,,,,,,,,,,,,,,,,,,,,29.29,,,,
26-Jan-2012,12:30,26-Jan-2012,12:45,Tamil Nadu,Chennai,Velachery Res. Area, Chennai - CPCB,,,,,,,,,,,,,,,,,,,,,,,,,,,,,,,,,,,29.3,,,,
26-Jan-2012,12:45,26-Jan-2012,13:00,Tamil Nadu,Chennai,Velachery Res. Area, Chennai - CPCB,,,,,,,,,,,,,,,,,,,,,,,,,,,,,,,,,,,29.74,,,,
26-Jan-2012,13:00,26-Jan-2012,13:15,Tamil Nadu,Chennai,Velachery Res. Area, Chennai - CPCB,,,,,,,,,,,,,,,,,,,,,,,,,,,,,,,,,,,29.88,,,,
26-Jan-2012,13:15,26-Jan-2012,13:30,Tamil Nadu,Chennai,Velachery Res. Area, Chennai - CPCB,,,,,,,,,,,,,,,,,,,,,,,,,,,,,,,,,,,29.62,,,,
26-Jan-2012,13:30,26-Jan-2012,13:45,Tamil Nadu,Chennai,Velachery Res. Area, Chennai - CPCB,,,,,,,,,,,,,,,,,,,,,,,,,,,,,,,,,,,29.81,,,,
26-Jan-2012,13:45,26-Jan-2012,14:00,Tamil Nadu,Chennai,Velachery Res. Area, Chennai - CPCB,,,,,,,,,,,,,,,,,,,,,,,,,,,,,,,,,,,30.14,,,,
26-Jan-2012,14:00,26-Jan-2012,14:15,Tamil Nadu,Chennai,Velachery Res. Area, Chennai - CPCB,,,,,,,,,,,,,,,,,,,,,,,,,,,,,,,,,,,29.72,,,,
26-Jan-2012,14:15,26-Jan-2012,14:30,Tamil Nadu,Chennai,Velachery Res. Area, Chennai - CPCB,,,,,,,,,,,,,,,,,,,,,,,,,,,,,,,,,,,29.85,,,,
26-Jan-2012,14:30,26-Jan-2012,14:45,Tamil Nadu,Chennai,Velachery Res. Area, Chennai - CPCB,,,,,,,,,,,,,,,,,,,,,,,,,,,,,,,,,,,29.57,,,,
26-Jan-2012,14:45,26-Jan-2012,15:00,Tamil Nadu,Chennai,Velachery Res. Area, Chennai - CPCB,,,,,,,,,,,,,,,,,,,,,,,,,,,,,,,,,,,29.77,,,,
26-Jan-2012,15:00,26-Jan-2012,15:15,Tamil Nadu,Chennai,Velachery Res. Area, Chennai - CPCB,,,,,,,,,,,,,,,,,,,,,,,,,,,,,,,,,,,29.76,,,,
26-Jan-2012,15:15,26-Jan-2012,15:30,Tamil Nadu,Chennai,Velachery Res. Area, Chennai - CPCB,,,,,,,,,,,,,,,,,,,,,,,,,,,,,,,,,,,29.77,,,,
26-Jan-2012,15:30,26-Jan-2012,15:45,Tamil Nadu,Chennai,Velachery Res. Area, Chennai - CPCB,,,,,,,,,,,,,,,,,,,,,,,,,,,,,,,,,,,29.6,,,,
26-Jan-2012,15:45,26-Jan-2012,16:00,Tamil Nadu,Chennai,Velachery Res. Area, Chennai - CPCB,,,,,,,,,,,,,,,,,,,,,,,,,,,,,,,,,,,29.35,,,,
26-Jan-2012,16:00,26-Jan-2012,16:15,Tamil Nadu,Chennai,Velachery Res. Area, Chennai - CPCB,,,,,,,,,,,,,,,,,,,,,,,,,,,,,,,,,,,29.35,,,,
26-Jan-2012,16:15,26-Jan-2012,16:30,Tamil Nadu,Chennai,Velachery Res. Area, Chennai - CPCB,,,,,,,,,,,,,,,,,,,,,,,,,,,,,,,,,,,29.22,,,,
26-Jan-2012,16:30,26-Jan-2012,16:45,Tamil Nadu,Chennai,Velachery Res. Area, Chennai - CPCB,,,,,,,,,,,,,,,,,,,,,,,,,,,,,,,,,,,29.08,,,,
26-Jan-2012,16:45,26-Jan-2012,17:00,Tamil Nadu,Chennai,Velachery Res. Area, Chennai - CPCB,,,,,,,,,,,,,,,,,,,,,,,,,,,,,,,,,,,28.89,,,,
26-Jan-2012,17:00,26-Jan-2012,17:15,Tamil Nadu,Chennai,Velachery Res. Area, Chennai - CPCB,,,,,,,,,,,,,,,,,,,,,,,,,,,,,,,,,,,28.72,,,,
26-Jan-2012,17:15,26-Jan-2012,17:30,Tamil Nadu,Chennai,Velachery Res. Area, Chennai - CPCB,,,,,,,,,,,,,,,,,,,,,,,,,,,,,,,,,,,28.5,,,,
26-Jan-2012,17:30,26-Jan-2012,17:45,Tamil Nadu,Chennai,Velachery Res. Area, Chennai - CPCB,,,,,,,,,,,,,,,,,,,,,,,,,,,,,,,,,,,28.24,,,,
26-Jan-2012,17:45,26-Jan-2012,18:00,Tamil Nadu,Chennai,Velachery Res. Area, Chennai - CPCB,,,,,,,,,,,,,,,,,,,,,,,,,,,,,,,,,,,27.9,,,,
26-Jan-2012,18:00,26-Jan-2012,18:15,Tamil Nadu,Chennai,Velachery Res. Area, Chennai - CPCB,,,,,,,,,,,,,,,,,,,,,,,,,,,,,,,,,,,27.53,,,,
26-Jan-2012,18:15,26-Jan-2012,18:30,Tamil Nadu,Chennai,Velachery Res. Area, Chennai - CPCB,,,,,,,,,,,,,,,,,,,,,,,,,,,,,,,,,,,27.35,,,,
26-Jan-2012,18:30,26-Jan-2012,18:45,Tamil Nadu,Chennai,Velachery Res. Area, Chennai - CPCB,,,,,,,,,,,,,,,,,,,,,,,,,,,,,,,,,,,27.14,,,,
26-Jan-2012,18:45,26-Jan-2012,19:00,Tamil Nadu,Chennai,Velachery Res. Area, Chennai - CPCB,,,,,,,,,,,,,,,,,,,,,,,,,,,,,,,,,,,27.09,,,,
26-Jan-2012,19:00,26-Jan-2012,19:15,Tamil Nadu,Chennai,Velachery Res. Area, Chennai - CPCB,,,,,,,,,,,,,,,,,,,,,,,,,,,,,,,,,,,26.9,,,,
26-Jan-2012,19:15,26-Jan-2012,19:30,Tamil Nadu,Chennai,Velachery Res. Area, Chennai - CPCB,,,,,,,,,,,,,,,,,,,,,,,,,,,,,,,,,,,26.72,,,,
26-Jan-2012,19:30,26-Jan-2012,19:45,Tamil Nadu,Chennai,Velachery Res. Area, Chennai - CPCB,,,,,,,,,,,,,,,,,,,,,,,,,,,,,,,,,,,26.6,,,,
26-Jan-2012,19:45,26-Jan-2012,20:00,Tamil Nadu,Chennai,Velachery Res. Area, Chennai - CPCB,,,,,,,,,,,,,,,,,,,,,,,,,,,,,,,,,,,26.44,,,,
26-Jan-2012,20:00,26-Jan-2012,20:15,Tamil Nadu,Chennai,Velachery Res. Area, Chennai - CPCB,,,,,,,,,,,,,,,,,,,,,,,,,,,,,,,,,,,26.27,,,,
26-Jan-2012,20:15,26-Jan-2012,20:30,Tamil Nadu,Chennai,Velachery Res. Area, Chennai - CPCB,,,,,,,,,,,,,,,,,,,,,,,,,,,,,,,,,,,26.44,,,,
26-Jan-2012,20:30,26-Jan-2012,20:45,Tamil Nadu,Chennai,Velachery Res. Area, Chennai - CPCB,,,,,,,,,,,,,,,,,,,,,,,,,,,,,,,,,,,26.34,,,,
26-Jan-2012,20:45,26-Jan-2012,21:00,Tamil Nadu,Chennai,Velachery Res. Area, Chennai - CPCB,,,,,,,,,,,,,,,,,,,,,,,,,,,,,,,,,,,26.28,,,,
26-Jan-2012,21:00,26-Jan-2012,21:15,Tamil Nadu,Chennai,Velachery Res. Area, Chennai - CPCB,,,,,,,,,,,,,,,,,,,,,,,,,,,,,,,,,,,26.07,,,,
26-Jan-2012,21:15,26-Jan-2012,21:30,Tamil Nadu,Chennai,Velachery Res. Area, Chennai - CPCB,,,,,,,,,,,,,,,,,,,,,,,,,,,,,,,,,,,26.15,,,,
26-Jan-2012,21:30,26-Jan-2012,21:45,Tamil Nadu,Chennai,Velachery Res. Area, Chennai - CPCB,,,,,,,,,,,,,,,,,,,,,,,,,,,,,,,,,,,26.12,,,,
26-Jan-2012,21:45,26-Jan-2012,22:00,Tamil Nadu,Chennai,Velachery Res. Area, Chennai - CPCB,,,,,,,,,,,,,,,,,,,,,,,,,,,,,,,,,,,26.06,,,,
26-Jan-2012,22:00,26-Jan-2012,22:15,Tamil Nadu,Chennai,Velachery Res. Area, Chennai - CPCB,,,,,,,,,,,,,,,,,,,,,,,,,,,,,,,,,,,26.04,,,,
26-Jan-2012,22:15,26-Jan-2012,22:30,Tamil Nadu,Chennai,Velachery Res. Area, Chennai - CPCB,,,,,,,,,,,,,,,,,,,,,,,,,,,,,,,,,,,26.06,,,,
26-Jan-2012,22:30,26-Jan-2012,22:45,Tamil Nadu,Chennai,Velachery Res. Area, Chennai - CPCB,,,,,,,,,,,,,,,,,,,,,,,,,,,,,,,,,,,26.02,,,,
26-Jan-2012,22:45,26-Jan-2012,23:00,Tamil Nadu,Chennai,Velachery Res. Area, Chennai - CPCB,,,,,,,,,,,,,,,,,,,,,,,,,,,,,,,,,,,26.12,,,,
26-Jan-2012,23:00,26-Jan-2012,23:15,Tamil Nadu,Chennai,Velachery Res. Area, Chennai - CPCB,,,,,,,,,,,,,,,,,,,,,,,,,,,,,,,,,,,25.59,,,,
26-Jan-2012,23:15,26-Jan-2012,23:30,Tamil Nadu,Chennai,Velachery Res. Area, Chennai - CPCB,,,,,,,,,,,,,,,,,,,,,,,,,,,,,,,,,,,25.47,,,,
26-Jan-2012,23:30,26-Jan-2012,23:45,Tamil Nadu,Chennai,Velachery Res. Area, Chennai - CPCB,,,,,,,,,,,,,,,,,,,,,,,,,,,,,,,,,,,25.6,,,,
26-Jan-2012,23:45,27-Jan-2012,00:00,Tamil Nadu,Chennai,Velachery Res. Area, Chennai - CPCB,,,,,,,,,,,,,,,,,,,,,,,,,,,,,,,,,,,25.2,,,,
27-Jan-2012,00:00,27-Jan-2012,00:15,Tamil Nadu,Chennai,Velachery Res. Area, Chennai - CPCB,,,,,,,,,,,,,,,,,,,,,,,,,,,,,,,,,,,24.97,,,,
27-Jan-2012,00:15,27-Jan-2012,00:30,Tamil Nadu,Chennai,Velachery Res. Area, Chennai - CPCB,,,,,,,,,,,,,,,,,,,,,,,,,,,,,,,,,,,25.2,,,,
27-Jan-2012,00:30,27-Jan-2012,00:45,Tamil Nadu,Chennai,Velachery Res. Area, Chennai - CPCB,,,,,,,,,,,,,,,,,,,,,,,,,,,,,,,,,,,25.04,,,,
27-Jan-2012,00:45,27-Jan-2012,01:00,Tamil Nadu,Chennai,Velachery Res. Area, Chennai - CPCB,,,,,,,,,,,,,,,,,,,,,,,,,,,,,,,,,,,25.26,,,,
27-Jan-2012,01:00,27-Jan-2012,01:15,Tamil Nadu,Chennai,Velachery Res. Area, Chennai - CPCB,,,,,,,,,,,,,,,,,,,,,,,,,,,,,,,,,,,25.32,,,,
27-Jan-2012,01:15,27-Jan-2012,01:30,Tamil Nadu,Chennai,Velachery Res. Area, Chennai - CPCB,,,,,,,,,,,,,,,,,,,,,,,,,,,,,,,,,,,25.43,,,,
27-Jan-2012,01:30,27-Jan-2012,01:45,Tamil Nadu,Chennai,Velachery Res. Area, Chennai - CPCB,,,,,,,,,,,,,,,,,,,,,,,,,,,,,,,,,,,25.51,,,,
27-Jan-2012,01:45,27-Jan-2012,02:00,Tamil Nadu,Chennai,Velachery Res. Area, Chennai - CPCB,,,,,,,,,,,,,,,,,,,,,,,,,,,,,,,,,,,25.45,,,,
27-Jan-2012,02:00,27-Jan-2012,02:15,Tamil Nadu,Chennai,Velachery Res. Area, Chennai - CPCB,,,,,,,,,,,,,,,,,,,,,,,,,,,,,,,,,,,25.4,,,,
27-Jan-2012,02:15,27-Jan-2012,02:30,Tamil Nadu,Chennai,Velachery Res. Area, Chennai - CPCB,,,,,,,,,,,,,,,,,,,,,,,,,,,,,,,,,,,25.39,,,,
27-Jan-2012,02:30,27-Jan-2012,02:45,Tamil Nadu,Chennai,Velachery Res. Area, Chennai - CPCB,,,,,,,,,,,,,,,,,,,,,,,,,,,,,,,,,,,25.4,,,,
27-Jan-2012,02:45,27-Jan-2012,03:00,Tamil Nadu,Chennai,Velachery Res. Area, Chennai - CPCB,,,,,,,,,,,,,,,,,,,,,,,,,,,,,,,,,,,25.28,,,,
27-Jan-2012,03:00,27-Jan-2012,03:15,Tamil Nadu,Chennai,Velachery Res. Area, Chennai - CPCB,,,,,,,,,,,,,,,,,,,,,,,,,,,,,,,,,,,24.88,,,,
27-Jan-2012,03:15,27-Jan-2012,03:30,Tamil Nadu,Chennai,Velachery Res. Area, Chennai - CPCB,,,,,,,,,,,,,,,,,,,,,,,,,,,,,,,,,,,24.81,,,,
27-Jan-2012,03:30,27-Jan-2012,03:45,Tamil Nadu,Chennai,Velachery Res. Area, Chennai - CPCB,,,,,,,,,,,,,,,,,,,,,,,,,,,,,,,,,,,24.68,,,,
27-Jan-2012,03:45,27-Jan-2012,04:00,Tamil Nadu,Chennai,Velachery Res. Area, Chennai - CPCB,,,,,,,,,,,,,,,,,,,,,,,,,,,,,,,,,,,24.73,,,,
27-Jan-2012,04:00,27-Jan-2012,04:15,Tamil Nadu,Chennai,Velachery Res. Area, Chennai - CPCB,,,,,,,,,,,,,,,,,,,,,,,,,,,,,,,,,,,24.79,,,,
27-Jan-2012,04:15,27-Jan-2012,04:30,Tamil Nadu,Chennai,Velachery Res. Area, Chennai - CPCB,,,,,,,,,,,,,,,,,,,,,,,,,,,,,,,,,,,24.65,,,,
27-Jan-2012,04:30,27-Jan-2012,04:45,Tamil Nadu,Chennai,Velachery Res. Area, Chennai - CPCB,,,,,,,,,,,,,,,,,,,,,,,,,,,,,,,,,,,24.5,,,,
27-Jan-2012,04:45,27-Jan-2012,05:00,Tamil Nadu,Chennai,Velachery Res. Area, Chennai - CPCB,,,,,,,,,,,,,,,,,,,,,,,,,,,,,,,,,,,24.56,,,,
27-Jan-2012,05:00,27-Jan-2012,05:15,Tamil Nadu,Chennai,Velachery Res. Area, Chennai - CPCB,,,,,,,,,,,,,,,,,,,,,,,,,,,,,,,,,,,24.62,,,,
27-Jan-2012,05:15,27-Jan-2012,05:30,Tamil Nadu,Chennai,Velachery Res. Area, Chennai - CPCB,,,,,,,,,,,,,,,,,,,,,,,,,,,,,,,,,,,24.37,,,,
27-Jan-2012,05:30,27-Jan-2012,05:45,Tamil Nadu,Chennai,Velachery Res. Area, Chennai - CPCB,,,,,,,,,,,,,,,,,,,,,,,,,,,,,,,,,,,24.27,,,,
27-Jan-2012,05:45,27-Jan-2012,06:00,Tamil Nadu,Chennai,Velachery Res. Area, Chennai - CPCB,,,,,,,,,,,,,,,,,,,,,,,,,,,,,,,,,,,24.46,,,,
27-Jan-2012,06:00,27-Jan-2012,06:15,Tamil Nadu,Chennai,Velachery Res. Area, Chennai - CPCB,,,,,,,,,,,,,,,,,,,,,,,,,,,,,,,,,,,24.41,,,,
27-Jan-2012,06:15,27-Jan-2012,06:30,Tamil Nadu,Chennai,Velachery Res. Area, Chennai - CPCB,,,,,,,,,,,,,,,,,,,,,,,,,,,,,,,,,,,24.35,,,,
27-Jan-2012,06:30,27-Jan-2012,06:45,Tamil Nadu,Chennai,Velachery Res. Area, Chennai - CPCB,,,,,,,,,,,,,,,,,,,,,,,,,,,,,,,,,,,24.5,,,,
27-Jan-2012,06:45,27-Jan-2012,07:00,Tamil Nadu,Chennai,Velachery Res. Area, Chennai - CPCB,,,,,,,,,,,,,,,,,,,,,,,,,,,,,,,,,,,24.54,,,,
27-Jan-2012,07:00,27-Jan-2012,07:15,Tamil Nadu,Chennai,Velachery Res. Area, Chennai - CPCB,,,,,,,,,,,,,,,,,,,,,,,,,,,,,,,,,,,24.81,,,,
27-Jan-2012,07:15,27-Jan-2012,07:30,Tamil Nadu,Chennai,Velachery Res. Area, Chennai - CPCB,,,,,,,,,,,,,,,,,,,,,,,,,,,,,,,,,,,25.18,,,,
27-Jan-2012,07:30,27-Jan-2012,07:45,Tamil Nadu,Chennai,Velachery Res. Area, Chennai - CPCB,,,,,,,,,,,,,,,,,,,,,,,,,,,,,,,,,,,25.37,,,,
27-Jan-2012,07:45,27-Jan-2012,08:00,Tamil Nadu,Chennai,Velachery Res. Area, Chennai - CPCB,,,,,,,,,,,,,,,,,,,,,,,,,,,,,,,,,,,25.82,,,,
27-Jan-2012,08:00,27-Jan-2012,08:15,Tamil Nadu,Chennai,Velachery Res. Area, Chennai - CPCB,,,,,,,,,,,,,,,,,,,,,,,,,,,,,,,,,,,26.58,,,,
27-Jan-2012,08:15,27-Jan-2012,08:30,Tamil Nadu,Chennai,Velachery Res. Area, Chennai - CPCB,,,,,,,,,,,,,,,,,,,,,,,,,,,,,,,,,,,27.18,,,,
27-Jan-2012,08:30,27-Jan-2012,08:45,Tamil Nadu,Chennai,Velachery Res. Area, Chennai - CPCB,,,,,,,,,,,,,,,,,,,,,,,,,,,,,,,,,,,27.56,,,,
27-Jan-2012,08:45,27-Jan-2012,09:00,Tamil Nadu,Chennai,Velachery Res. Area, Chennai - CPCB,,,,,,,,,,,,,,,,,,,,,,,,,,,,,,,,,,,27.98,,,,
27-Jan-2012,09:00,27-Jan-2012,09:15,Tamil Nadu,Chennai,Velachery Res. Area, Chennai - CPCB,,,,,,,,,,,,,,,,,,,,,,,,,,,,,,,,,,,27.97,,,,
27-Jan-2012,09:15,27-Jan-2012,09:30,Tamil Nadu,Chennai,Velachery Res. Area, Chennai - CPCB,,,,,,,,,,,,,,,,,,,,,,,,,,,,,,,,,,,27.99,,,,
27-Jan-2012,09:30,27-Jan-2012,09:45,Tamil Nadu,Chennai,Velachery Res. Area, Chennai - CPCB,,,,,,,,,,,,,,,,,,,,,,,,,,,,,,,,,,,28.57,,,,
27-Jan-2012,09:45,27-Jan-2012,10:00,Tamil Nadu,Chennai,Velachery Res. Area, Chennai - CPCB,,,,,,,,,,,,,,,,,,,,,,,,,,,,,,,,,,,29.31,,,,
27-Jan-2012,10:00,27-Jan-2012,10:15,Tamil Nadu,Chennai,Velachery Res. Area, Chennai - CPCB,,,,,,,,,,,,,,,,,,,,,,,,,,,,,,,,,,,29.46,,,,
27-Jan-2012,10:15,27-Jan-2012,10:30,Tamil Nadu,Chennai,Velachery Res. Area, Chennai - CPCB,,,,,,,,,,,,,,,,,,,,,,,,,,,,,,,,,,,29.86,,,,
27-Jan-2012,10:30,27-Jan-2012,10:45,Tamil Nadu,Chennai,Velachery Res. Area, Chennai - CPCB,,,,,,,,,,,,,,,,,,,,,,,,,,,,,,,,,,,29.96,,,,
27-Jan-2012,10:45,27-Jan-2012,11:00,Tamil Nadu,Chennai,Velachery Res. Area, Chennai - CPCB,,,,,,,,,,,,,,,,,,,,,,,,,,,,,,,,,,,29.82,,,,
27-Jan-2012,11:00,27-Jan-2012,11:15,Tamil Nadu,Chennai,Velachery Res. Area, Chennai - CPCB,,,,,,,,,,,,,,,,,,,,,,,,,,,,,,,,,,,30.16,,,,
27-Jan-2012,11:15,27-Jan-2012,11:30,Tamil Nadu,Chennai,Velachery Res. Area, Chennai - CPCB,,,,,,,,,,,,,,,,,,,,,,,,,,,,,,,,,,,30.24,,,,
27-Jan-2012,11:30,27-Jan-2012,11:45,Tamil Nadu,Chennai,Velachery Res. Area, Chennai - CPCB,,,,,,,,,,,,,,,,,,,,,,,,,,,,,,,,,,,30.0,,,,
27-Jan-2012,11:45,27-Jan-2012,12:00,Tamil Nadu,Chennai,Velachery Res. Area, Chennai - CPCB,,,,,,,,,,,,,,,,,,,,,,,,,,,,,,,,,,,29.84,,,,
27-Jan-2012,12:00,27-Jan-2012,12:15,Tamil Nadu,Chennai,Velachery Res. Area, Chennai - CPCB,,,,,,,,,,,,,,,,,,,,,,,,,,,,,,,,,,,29.82,,,,
27-Jan-2012,12:15,27-Jan-2012,12:30,Tamil Nadu,Chennai,Velachery Res. Area, Chennai - CPCB,,,,,,,,,,,,,,,,,,,,,,,,,,,,,,,,,,,30.04,,,,
27-Jan-2012,12:30,27-Jan-2012,12:45,Tamil Nadu,Chennai,Velachery Res. Area, Chennai - CPCB,,,,,,,,,,,,,,,,,,,,,,,,,,,,,,,,,,,30.5,,,,
27-Jan-2012,12:45,27-Jan-2012,13:00,Tamil Nadu,Chennai,Velachery Res. Area, Chennai - CPCB,,,,,,,,,,,,,,,,,,,,,,,,,,,,,,,,,,,30.16,,,,
27-Jan-2012,13:00,27-Jan-2012,13:15,Tamil Nadu,Chennai,Velachery Res. Area, Chennai - CPCB,,,,,,,,,,,,,,,,,,,,,,,,,,,,,,,,,,,30.53,,,,
27-Jan-2012,13:15,27-Jan-2012,13:30,Tamil Nadu,Chennai,Velachery Res. Area, Chennai - CPCB,,,,,,,,,,,,,,,,,,,,,,,,,,,,,,,,,,,30.32,,,,
27-Jan-2012,13:30,27-Jan-2012,13:45,Tamil Nadu,Chennai,Velachery Res. Area, Chennai - CPCB,,,,,,,,,,,,,,,,,,,,,,,,,,,,,,,,,,,30.06,,,,
27-Jan-2012,13:45,27-Jan-2012,14:00,Tamil Nadu,Chennai,Velachery Res. Area, Chennai - CPCB,,,,,,,,,,,,,,,,,,,,,,,,,,,,,,,,,,,30.18,,,,
27-Jan-2012,14:00,27-Jan-2012,14:15,Tamil Nadu,Chennai,Velachery Res. Area, Chennai - CPCB,,,,,,,,,,,,,,,,,,,,,,,,,,,,,,,,,,,30.11,,,,
27-Jan-2012,14:15,27-Jan-2012,14:30,Tamil Nadu,Chennai,Velachery Res. Area, Chennai - CPCB,,,,,,,,,,,,,,,,,,,,,,,,,,,,,,,,,,,30.05,,,,
27-Jan-2012,14:30,27-Jan-2012,14:45,Tamil Nadu,Chennai,Velachery Res. Area, Chennai - CPCB,,,,,,,,,,,,,,,,,,,,,,,,,,,,,,,,,,,30.34,,,,
27-Jan-2012,14:45,27-Jan-2012,15:00,Tamil Nadu,Chennai,Velachery Res. Area, Chennai - CPCB,,,,,,,,,,,,,,,,,,,,,,,,,,,,,,,,,,,30.14,,,,
27-Jan-2012,15:00,27-Jan-2012,15:15,Tamil Nadu,Chennai,Velachery Res. Area, Chennai - CPCB,,,,,,,,,,,,,,,,,,,,,,,,,,,,,,,,,,,29.79,,,,
27-Jan-2012,15:15,27-Jan-2012,15:30,Tamil Nadu,Chennai,Velachery Res. Area, Chennai - CPCB,,,,,,,,,,,,,,,,,,,,,,,,,,,,,,,,,,,29.73,,,,
27-Jan-2012,15:30,27-Jan-2012,15:45,Tamil Nadu,Chennai,Velachery Res. Area, Chennai - CPCB,,,,,,,,,,,,,,,,,,,,,,,,,,,,,,,,,,,29.66,,,,
27-Jan-2012,15:45,27-Jan-2012,16:00,Tamil Nadu,Chennai,Velachery Res. Area, Chennai - CPCB,,,,,,,,,,,,,,,,,,,,,,,,,,,,,,,,,,,29.77,,,,
27-Jan-2012,16:00,27-Jan-2012,16:15,Tamil Nadu,Chennai,Velachery Res. Area, Chennai - CPCB,,,,,,,,,,,,,,,,,,,,,,,,,,,,,,,,,,,29.54,,,,
27-Jan-2012,16:15,27-Jan-2012,16:30,Tamil Nadu,Chennai,Velachery Res. Area, Chennai - CPCB,,,,,,,,,,,,,,,,,,,,,,,,,,,,,,,,,,,29.19,,,,
27-Jan-2012,16:30,27-Jan-2012,16:45,Tamil Nadu,Chennai,Velachery Res. Area, Chennai - CPCB,,,,,,,,,,,,,,,,,,,,,,,,,,,,,,,,,,,28.98,,,,
27-Jan-2012,16:45,27-Jan-2012,17:00,Tamil Nadu,Chennai,Velachery Res. Area, Chennai - CPCB,,,,,,,,,,,,,,,,,,,,,,,,,,,,,,,,,,,28.99,,,,
27-Jan-2012,17:00,27-Jan-2012,17:15,Tamil Nadu,Chennai,Velachery Res. Area, Chennai - CPCB,,,,,,,,,,,,,,,,,,,,,,,,,,,,,,,,,,,28.8,,,,
27-Jan-2012,17:15,27-Jan-2012,17:30,Tamil Nadu,Chennai,Velachery Res. Area, Chennai - CPCB,,,,,,,,,,,,,,,,,,,,,,,,,,,,,,,,,,,28.57,,,,
27-Jan-2012,17:30,27-Jan-2012,17:45,Tamil Nadu,Chennai,Velachery Res. Area, Chennai - CPCB,,,,,,,,,,,,,,,,,,,,,,,,,,,,,,,,,,,28.36,,,,
27-Jan-2012,17:45,27-Jan-2012,18:00,Tamil Nadu,Chennai,Velachery Res. Area, Chennai - CPCB,,,,,,,,,,,,,,,,,,,,,,,,,,,,,,,,,,,28.02,,,,
27-Jan-2012,18:00,27-Jan-2012,18:15,Tamil Nadu,Chennai,Velachery Res. Area, Chennai - CPCB,,,,,,,,,,,,,,,,,,,,,,,,,,,,,,,,,,,27.72,,,,
27-Jan-2012,18:15,27-Jan-2012,18:30,Tamil Nadu,Chennai,Velachery Res. Area, Chennai - CPCB,,,,,,,,,,,,,,,,,,,,,,,,,,,,,,,,,,,27.49,,,,
27-Jan-2012,18:30,27-Jan-2012,18:45,Tamil Nadu,Chennai,Velachery Res. Area, Chennai - CPCB,,,,,,,,,,,,,,,,,,,,,,,,,,,,,,,,,,,27.5,,,,
27-Jan-2012,18:45,27-Jan-2012,19:00,Tamil Nadu,Chennai,Velachery Res. Area, Chennai - CPCB,,,,,,,,,,,,,,,,,,,,,,,,,,,,,,,,,,,27.54,,,,
27-Jan-2012,19:00,27-Jan-2012,19:15,Tamil Nadu,Chennai,Velachery Res. Area, Chennai - CPCB,,,,,,,,,,,,,,,,,,,,,,,,,,,,,,,,,,,27.38,,,,
27-Jan-2012,19:15,27-Jan-2012,19:30,Tamil Nadu,Chennai,Velachery Res. Area, Chennai - CPCB,,,,,,,,,,,,,,,,,,,,,,,,,,,,,,,,,,,27.37,,,,
27-Jan-2012,19:30,27-Jan-2012,19:45,Tamil Nadu,Chennai,Velachery Res. Area, Chennai - CPCB,,,,,,,,,,,,,,,,,,,,,,,,,,,,,,,,,,,27.36,,,,
27-Jan-2012,19:45,27-Jan-2012,20:00,Tamil Nadu,Chennai,Velachery Res. Area, Chennai - CPCB,,,,,,,,,,,,,,,,,,,,,,,,,,,,,,,,,,,27.47,,,,
27-Jan-2012,20:00,27-Jan-2012,20:15,Tamil Nadu,Chennai,Velachery Res. Area, Chennai - CPCB,,,,,,,,,,,,,,,,,,,,,,,,,,,,,,,,,,,27.45,,,,
27-Jan-2012,20:15,27-Jan-2012,20:30,Tamil Nadu,Chennai,Velachery Res. Area, Chennai - CPCB,,,,,,,,,,,,,,,,,,,,,,,,,,,,,,,,,,,27.37,,,,
27-Jan-2012,20:30,27-Jan-2012,20:45,Tamil Nadu,Chennai,Velachery Res. Area, Chennai - CPCB,,,,,,,,,,,,,,,,,,,,,,,,,,,,,,,,,,,27.33,,,,
27-Jan-2012,20:45,27-Jan-2012,21:00,Tamil Nadu,Chennai,Velachery Res. Area, Chennai - CPCB,,,,,,,,,,,,,,,,,,,,,,,,,,,,,,,,,,,27.23,,,,
27-Jan-2012,21:00,27-Jan-2012,21:15,Tamil Nadu,Chennai,Velachery Res. Area, Chennai - CPCB,,,,,,,,,,,,,,,,,,,,,,,,,,,,,,,,,,,27.3,,,,
27-Jan-2012,21:15,27-Jan-2012,21:30,Tamil Nadu,Chennai,Velachery Res. Area, Chennai - CPCB,,,,,,,,,,,,,,,,,,,,,,,,,,,,,,,,,,,27.22,,,,
27-Jan-2012,21:30,27-Jan-2012,21:45,Tamil Nadu,Chennai,Velachery Res. Area, Chennai - CPCB,,,,,,,,,,,,,,,,,,,,,,,,,,,,,,,,,,,27.09,,,,
27-Jan-2012,21:45,27-Jan-2012,22:00,Tamil Nadu,Chennai,Velachery Res. Area, Chennai - CPCB,,,,,,,,,,,,,,,,,,,,,,,,,,,,,,,,,,,27.11,,,,
27-Jan-2012,22:00,27-Jan-2012,22:15,Tamil Nadu,Chennai,Velachery Res. Area, Chennai - CPCB,,,,,,,,,,,,,,,,,,,,,,,,,,,,,,,,,,,27.17,,,,
27-Jan-2012,22:15,27-Jan-2012,22:30,Tamil Nadu,Chennai,Velachery Res. Area, Chennai - CPCB,,,,,,,,,,,,,,,,,,,,,,,,,,,,,,,,,,,27.19,,,,
27-Jan-2012,22:30,27-Jan-2012,22:45,Tamil Nadu,Chennai,Velachery Res. Area, Chennai - CPCB,,,,,,,,,,,,,,,,,,,,,,,,,,,,,,,,,,,27.14,,,,
27-Jan-2012,22:45,27-Jan-2012,23:00,Tamil Nadu,Chennai,Velachery Res. Area, Chennai - CPCB,,,,,,,,,,,,,,,,,,,,,,,,,,,,,,,,,,,27.09,,,,
27-Jan-2012,23:00,27-Jan-2012,23:15,Tamil Nadu,Chennai,Velachery Res. Area, Chennai - CPCB,,,,,,,,,,,,,,,,,,,,,,,,,,,,,,,,,,,26.97,,,,
27-Jan-2012,23:15,27-Jan-2012,23:30,Tamil Nadu,Chennai,Velachery Res. Area, Chennai - CPCB,,,,,,,,,,,,,,,,,,,,,,,,,,,,,,,,,,,26.93,,,,
27-Jan-2012,23:30,27-Jan-2012,23:45,Tamil Nadu,Chennai,Velachery Res. Area, Chennai - CPCB,,,,,,,,,,,,,,,,,,,,,,,,,,,,,,,,,,,26.88,,,,
27-Jan-2012,23:45,28-Jan-2012,00:00,Tamil Nadu,Chennai,Velachery Res. Area, Chennai - CPCB,,,,,,,,,,,,,,,,,,,,,,,,,,,,,,,,,,,26.88,,,,
28-Jan-2012,00:00,28-Jan-2012,00:15,Tamil Nadu,Chennai,Velachery Res. Area, Chennai - CPCB,,,,,,,,,,,,,,,,,,,,,,,,,,,,,,,,,,,26.66,,,,
28-Jan-2012,00:15,28-Jan-2012,00:30,Tamil Nadu,Chennai,Velachery Res. Area, Chennai - CPCB,,,,,,,,,,,,,,,,,,,,,,,,,,,,,,,,,,,26.5,,,,
28-Jan-2012,00:30,28-Jan-2012,00:45,Tamil Nadu,Chennai,Velachery Res. Area, Chennai - CPCB,,,,,,,,,,,,,,,,,,,,,,,,,,,,,,,,,,,26.32,,,,
28-Jan-2012,00:45,28-Jan-2012,01:00,Tamil Nadu,Chennai,Velachery Res. Area, Chennai - CPCB,,,,,,,,,,,,,,,,,,,,,,,,,,,,,,,,,,,26.24,,,,
28-Jan-2012,01:00,28-Jan-2012,01:15,Tamil Nadu,Chennai,Velachery Res. Area, Chennai - CPCB,,,,,,,,,,,,,,,,,,,,,,,,,,,,,,,,,,,26.35,,,,
28-Jan-2012,01:15,28-Jan-2012,01:30,Tamil Nadu,Chennai,Velachery Res. Area, Chennai - CPCB,,,,,,,,,,,,,,,,,,,,,,,,,,,,,,,,,,,26.29,,,,
28-Jan-2012,01:30,28-Jan-2012,01:45,Tamil Nadu,Chennai,Velachery Res. Area, Chennai - CPCB,,,,,,,,,,,,,,,,,,,,,,,,,,,,,,,,,,,26.1,,,,
28-Jan-2012,01:45,28-Jan-2012,02:00,Tamil Nadu,Chennai,Velachery Res. Area, Chennai - CPCB,,,,,,,,,,,,,,,,,,,,,,,,,,,,,,,,,,,25.96,,,,
28-Jan-2012,02:00,28-Jan-2012,02:15,Tamil Nadu,Chennai,Velachery Res. Area, Chennai - CPCB,,,,,,,,,,,,,,,,,,,,,,,,,,,,,,,,,,,25.99,,,,
28-Jan-2012,02:15,28-Jan-2012,02:30,Tamil Nadu,Chennai,Velachery Res. Area, Chennai - CPCB,,,,,,,,,,,,,,,,,,,,,,,,,,,,,,,,,,,25.9,,,,
28-Jan-2012,02:30,28-Jan-2012,02:45,Tamil Nadu,Chennai,Velachery Res. Area, Chennai - CPCB,,,,,,,,,,,,,,,,,,,,,,,,,,,,,,,,,,,25.8,,,,
28-Jan-2012,02:45,28-Jan-2012,03:00,Tamil Nadu,Chennai,Velachery Res. Area, Chennai - CPCB,,,,,,,,,,,,,,,,,,,,,,,,,,,,,,,,,,,25.86,,,,
28-Jan-2012,03:00,28-Jan-2012,03:15,Tamil Nadu,Chennai,Velachery Res. Area, Chennai - CPCB,,,,,,,,,,,,,,,,,,,,,,,,,,,,,,,,,,,25.7,,,,
28-Jan-2012,03:15,28-Jan-2012,03:30,Tamil Nadu,Chennai,Velachery Res. Area, Chennai - CPCB,,,,,,,,,,,,,,,,,,,,,,,,,,,,,,,,,,,25.57,,,,
28-Jan-2012,03:30,28-Jan-2012,03:45,Tamil Nadu,Chennai,Velachery Res. Area, Chennai - CPCB,,,,,,,,,,,,,,,,,,,,,,,,,,,,,,,,,,,25.61,,,,
28-Jan-2012,03:45,28-Jan-2012,04:00,Tamil Nadu,Chennai,Velachery Res. Area, Chennai - CPCB,,,,,,,,,,,,,,,,,,,,,,,,,,,,,,,,,,,25.68,,,,
28-Jan-2012,04:00,28-Jan-2012,04:15,Tamil Nadu,Chennai,Velachery Res. Area, Chennai - CPCB,,,,,,,,,,,,,,,,,,,,,,,,,,,,,,,,,,,25.83,,,,
28-Jan-2012,04:15,28-Jan-2012,04:30,Tamil Nadu,Chennai,Velachery Res. Area, Chennai - CPCB,,,,,,,,,,,,,,,,,,,,,,,,,,,,,,,,,,,25.61,,,,
28-Jan-2012,04:30,28-Jan-2012,04:45,Tamil Nadu,Chennai,Velachery Res. Area, Chennai - CPCB,,,,,,,,,,,,,,,,,,,,,,,,,,,,,,,,,,,25.56,,,,
28-Jan-2012,04:45,28-Jan-2012,05:00,Tamil Nadu,Chennai,Velachery Res. Area, Chennai - CPCB,,,,,,,,,,,,,,,,,,,,,,,,,,,,,,,,,,,25.4,,,,
28-Jan-2012,05:00,28-Jan-2012,05:15,Tamil Nadu,Chennai,Velachery Res. Area, Chennai - CPCB,,,,,,,,,,,,,,,,,,,,,,,,,,,,,,,,,,,25.35,,,,
28-Jan-2012,05:15,28-Jan-2012,05:30,Tamil Nadu,Chennai,Velachery Res. Area, Chennai - CPCB,,,,,,,,,,,,,,,,,,,,,,,,,,,,,,,,,,,25.47,,,,
28-Jan-2012,05:30,28-Jan-2012,05:45,Tamil Nadu,Chennai,Velachery Res. Area, Chennai - CPCB,,,,,,,,,,,,,,,,,,,,,,,,,,,,,,,,,,,25.47,,,,
28-Jan-2012,05:45,28-Jan-2012,06:00,Tamil Nadu,Chennai,Velachery Res. Area, Chennai - CPCB,,,,,,,,,,,,,,,,,,,,,,,,,,,,,,,,,,,25.43,,,,
28-Jan-2012,06:00,28-Jan-2012,06:15,Tamil Nadu,Chennai,Velachery Res. Area, Chennai - CPCB,,,,,,,,,,,,,,,,,,,,,,,,,,,,,,,,,,,25.43,,,,
28-Jan-2012,06:15,28-Jan-2012,06:30,Tamil Nadu,Chennai,Velachery Res. Area, Chennai - CPCB,,,,,,,,,,,,,,,,,,,,,,,,,,,,,,,,,,,25.62,,,,
28-Jan-2012,06:30,28-Jan-2012,06:45,Tamil Nadu,Chennai,Velachery Res. Area, Chennai - CPCB,,,,,,,,,,,,,,,,,,,,,,,,,,,,,,,,,,,25.53,,,,
28-Jan-2012,06:45,28-Jan-2012,07:00,Tamil Nadu,Chennai,Velachery Res. Area, Chennai - CPCB,,,,,,,,,,,,,,,,,,,,,,,,,,,,,,,,,,,25.54,,,,
28-Jan-2012,07:00,28-Jan-2012,07:15,Tamil Nadu,Chennai,Velachery Res. Area, Chennai - CPCB,,,,,,,,,,,,,,,,,,,,,,,,,,,,,,,,,,,25.9,,,,
28-Jan-2012,07:15,28-Jan-2012,07:30,Tamil Nadu,Chennai,Velachery Res. Area, Chennai - CPCB,,,,,,,,,,,,,,,,,,,,,,,,,,,,,,,,,,,26.43,,,,
28-Jan-2012,07:30,28-Jan-2012,07:45,Tamil Nadu,Chennai,Velachery Res. Area, Chennai - CPCB,,,,,,,,,,,,,,,,,,,,,,,,,,,,,,,,,,,26.99,,,,
28-Jan-2012,07:45,28-Jan-2012,08:00,Tamil Nadu,Chennai,Velachery Res. Area, Chennai - CPCB,,,,,,,,,,,,,,,,,,,,,,,,,,,,,,,,,,,27.61,,,,
28-Jan-2012,08:00,28-Jan-2012,08:15,Tamil Nadu,Chennai,Velachery Res. Area, Chennai - CPCB,,,,,,,,,,,,,,,,,,,,,,,,,,,,,,,,,,,27.93,,,,
28-Jan-2012,08:15,28-Jan-2012,08:30,Tamil Nadu,Chennai,Velachery Res. Area, Chennai - CPCB,,,,,,,,,,,,,,,,,,,,,,,,,,,,,,,,,,,28.41,,,,
28-Jan-2012,08:30,28-Jan-2012,08:45,Tamil Nadu,Chennai,Velachery Res. Area, Chennai - CPCB,,,,,,,,,,,,,,,,,,,,,,,,,,,,,,,,,,,28.69,,,,
28-Jan-2012,08:45,28-Jan-2012,09:00,Tamil Nadu,Chennai,Velachery Res. Area, Chennai - CPCB,,,,,,,,,,,,,,,,,,,,,,,,,,,,,,,,,,,28.96,,,,
28-Jan-2012,09:00,28-Jan-2012,09:15,Tamil Nadu,Chennai,Velachery Res. Area, Chennai - CPCB,,,,,,,,,,,,,,,,,,,,,,,,,,,,,,,,,,,29.26,,,,
28-Jan-2012,09:15,28-Jan-2012,09:30,Tamil Nadu,Chennai,Velachery Res. Area, Chennai - CPCB,,,,,,,,,,,,,,,,,,,,,,,,,,,,,,,,,,,29.42,,,,
28-Jan-2012,09:30,28-Jan-2012,09:45,Tamil Nadu,Chennai,Velachery Res. Area, Chennai - CPCB,,,,,,,,,,,,,,,,,,,,,,,,,,,,,,,,,,,29.42,,,,
28-Jan-2012,09:45,28-Jan-2012,10:00,Tamil Nadu,Chennai,Velachery Res. Area, Chennai - CPCB,,,,,,,,,,,,,,,,,,,,,,,,,,,,,,,,,,,29.77,,,,
28-Jan-2012,10:00,28-Jan-2012,10:15,Tamil Nadu,Chennai,Velachery Res. Area, Chennai - CPCB,,,,,,,,,,,,,,,,,,,,,,,,,,,,,,,,,,,29.61,,,,
28-Jan-2012,10:15,28-Jan-2012,10:30,Tamil Nadu,Chennai,Velachery Res. Area, Chennai - CPCB,,,,,,,,,,,,,,,,,,,,,,,,,,,,,,,,,,,29.94,,,,
28-Jan-2012,10:30,28-Jan-2012,10:45,Tamil Nadu,Chennai,Velachery Res. Area, Chennai - CPCB,,,,,,,,,,,,,,,,,,,,,,,,,,,,,,,,,,,29.67,,,,
28-Jan-2012,10:45,28-Jan-2012,11:00,Tamil Nadu,Chennai,Velachery Res. Area, Chennai - CPCB,,,,,,,,,,,,,,,,,,,,,,,,,,,,,,,,,,,29.86,,,,
28-Jan-2012,11:00,28-Jan-2012,11:15,Tamil Nadu,Chennai,Velachery Res. Area, Chennai - CPCB,,,,,,,,,,,,,,,,,,,,,,,,,,,,,,,,,,,29.87,,,,
28-Jan-2012,11:15,28-Jan-2012,11:30,Tamil Nadu,Chennai,Velachery Res. Area, Chennai - CPCB,,,,,,,,,,,,,,,,,,,,,,,,,,,,,,,,,,,29.6,,,,
28-Jan-2012,11:30,28-Jan-2012,11:45,Tamil Nadu,Chennai,Velachery Res. Area, Chennai - CPCB,,,,,,,,,,,,,,,,,,,,,,,,,,,,,,,,,,,29.68,,,,
28-Jan-2012,11:45,28-Jan-2012,12:00,Tamil Nadu,Chennai,Velachery Res. Area, Chennai - CPCB,,,,,,,,,,,,,,,,,,,,,,,,,,,,,,,,,,,29.9,,,,
28-Jan-2012,12:00,28-Jan-2012,12:15,Tamil Nadu,Chennai,Velachery Res. Area, Chennai - CPCB,,,,,,,,,,,,,,,,,,,,,,,,,,,,,,,,,,,29.72,,,,
28-Jan-2012,12:15,28-Jan-2012,12:30,Tamil Nadu,Chennai,Velachery Res. Area, Chennai - CPCB,,,,,,,,,,,,,,,,,,,,,,,,,,,,,,,,,,,29.9,,,,
28-Jan-2012,12:30,28-Jan-2012,12:45,Tamil Nadu,Chennai,Velachery Res. Area, Chennai - CPCB,,,,,,,,,,,,,,,,,,,,,,,,,,,,,,,,,,,29.86,,,,
28-Jan-2012,12:45,28-Jan-2012,13:00,Tamil Nadu,Chennai,Velachery Res. Area, Chennai - CPCB,,,,,,,,,,,,,,,,,,,,,,,,,,,,,,,,,,,30.02,,,,
28-Jan-2012,13:00,28-Jan-2012,13:15,Tamil Nadu,Chennai,Velachery Res. Area, Chennai - CPCB,,,,,,,,,,,,,,,,,,,,,,,,,,,,,,,,,,,29.92,,,,
28-Jan-2012,13:15,28-Jan-2012,13:30,Tamil Nadu,Chennai,Velachery Res. Area, Chennai - CPCB,,,,,,,,,,,,,,,,,,,,,,,,,,,,,,,,,,,30.04,,,,
28-Jan-2012,13:30,28-Jan-2012,13:45,Tamil Nadu,Chennai,Velachery Res. Area, Chennai - CPCB,,,,,,,,,,,,,,,,,,,,,,,,,,,,,,,,,,,29.75,,,,
28-Jan-2012,13:45,28-Jan-2012,14:00,Tamil Nadu,Chennai,Velachery Res. Area, Chennai - CPCB,,,,,,,,,,,,,,,,,,,,,,,,,,,,,,,,,,,29.63,,,,
28-Jan-2012,14:00,28-Jan-2012,14:15,Tamil Nadu,Chennai,Velachery Res. Area, Chennai - CPCB,,,,,,,,,,,,,,,,,,,,,,,,,,,,,,,,,,,29.66,,,,
28-Jan-2012,14:15,28-Jan-2012,14:30,Tamil Nadu,Chennai,Velachery Res. Area, Chennai - CPCB,,,,,,,,,,,,,,,,,,,,,,,,,,,,,,,,,,,29.95,,,,
28-Jan-2012,14:30,28-Jan-2012,14:45,Tamil Nadu,Chennai,Velachery Res. Area, Chennai - CPCB,,,,,,,,,,,,,,,,,,,,,,,,,,,,,,,,,,,29.89,,,,
28-Jan-2012,14:45,28-Jan-2012,15:00,Tamil Nadu,Chennai,Velachery Res. Area, Chennai - CPCB,,,,,,,,,,,,,,,,,,,,,,,,,,,,,,,,,,,29.77,,,,
28-Jan-2012,15:00,28-Jan-2012,15:15,Tamil Nadu,Chennai,Velachery Res. Area, Chennai - CPCB,,,,,,,,,,,,,,,,,,,,,,,,,,,,,,,,,,,29.37,,,,
28-Jan-2012,15:15,28-Jan-2012,15:30,Tamil Nadu,Chennai,Velachery Res. Area, Chennai - CPCB,,,,,,,,,,,,,,,,,,,,,,,,,,,,,,,,,,,29.51,,,,
28-Jan-2012,15:30,28-Jan-2012,15:45,Tamil Nadu,Chennai,Velachery Res. Area, Chennai - CPCB,,,,,,,,,,,,,,,,,,,,,,,,,,,,,,,,,,,29.43,,,,
28-Jan-2012,15:45,28-Jan-2012,16:00,Tamil Nadu,Chennai,Velachery Res. Area, Chennai - CPCB,,,,,,,,,,,,,,,,,,,,,,,,,,,,,,,,,,,29.3,,,,
28-Jan-2012,16:00,28-Jan-2012,16:15,Tamil Nadu,Chennai,Velachery Res. Area, Chennai - CPCB,,,,,,,,,,,,,,,,,,,,,,,,,,,,,,,,,,,29.31,,,,
28-Jan-2012,16:15,28-Jan-2012,16:30,Tamil Nadu,Chennai,Velachery Res. Area, Chennai - CPCB,,,,,,,,,,,,,,,,,,,,,,,,,,,,,,,,,,,29.18,,,,
28-Jan-2012,16:30,28-Jan-2012,16:45,Tamil Nadu,Chennai,Velachery Res. Area, Chennai - CPCB,,,,,,,,,,,,,,,,,,,,,,,,,,,,,,,,,,,28.95,,,,
28-Jan-2012,16:45,28-Jan-2012,17:00,Tamil Nadu,Chennai,Velachery Res. Area, Chennai - CPCB,,,,,,,,,,,,,,,,,,,,,,,,,,,,,,,,,,,28.84,,,,
28-Jan-2012,17:00,28-Jan-2012,17:15,Tamil Nadu,Chennai,Velachery Res. Area, Chennai - CPCB,,,,,,,,,,,,,,,,,,,,,,,,,,,,,,,,,,,28.64,,,,
28-Jan-2012,17:15,28-Jan-2012,17:30,Tamil Nadu,Chennai,Velachery Res. Area, Chennai - CPCB,,,,,,,,,,,,,,,,,,,,,,,,,,,,,,,,,,,28.32,,,,
28-Jan-2012,17:30,28-Jan-2012,17:45,Tamil Nadu,Chennai,Velachery Res. Area, Chennai - CPCB,,,,,,,,,,,,,,,,,,,,,,,,,,,,,,,,,,,27.99,,,,
28-Jan-2012,17:45,28-Jan-2012,18:00,Tamil Nadu,Chennai,Velachery Res. Area, Chennai - CPCB,,,,,,,,,,,,,,,,,,,,,,,,,,,,,,,,,,,27.73,,,,
28-Jan-2012,18:00,28-Jan-2012,18:15,Tamil Nadu,Chennai,Velachery Res. Area, Chennai - CPCB,,,,,,,,,,,,,,,,,,,,,,,,,,,,,,,,,,,27.53,,,,
28-Jan-2012,18:15,28-Jan-2012,18:30,Tamil Nadu,Chennai,Velachery Res. Area, Chennai - CPCB,,,,,,,,,,,,,,,,,,,,,,,,,,,,,,,,,,,27.4,,,,
28-Jan-2012,18:30,28-Jan-2012,18:45,Tamil Nadu,Chennai,Velachery Res. Area, Chennai - CPCB,,,,,,,,,,,,,,,,,,,,,,,,,,,,,,,,,,,27.13,,,,
28-Jan-2012,18:45,28-Jan-2012,19:00,Tamil Nadu,Chennai,Velachery Res. Area, Chennai - CPCB,,,,,,,,,,,,,,,,,,,,,,,,,,,,,,,,,,,26.93,,,,
28-Jan-2012,19:00,28-Jan-2012,19:15,Tamil Nadu,Chennai,Velachery Res. Area, Chennai - CPCB,,,,,,,,,,,,,,,,,,,,,,,,,,,,,,,,,,,26.89,,,,
28-Jan-2012,19:15,28-Jan-2012,19:30,Tamil Nadu,Chennai,Velachery Res. Area, Chennai - CPCB,,,,,,,,,,,,,,,,,,,,,,,,,,,,,,,,,,,26.91,,,,
28-Jan-2012,19:30,28-Jan-2012,19:45,Tamil Nadu,Chennai,Velachery Res. Area, Chennai - CPCB,,,,,,,,,,,,,,,,,,,,,,,,,,,,,,,,,,,26.88,,,,
28-Jan-2012,19:45,28-Jan-2012,20:00,Tamil Nadu,Chennai,Velachery Res. Area, Chennai - CPCB,,,,,,,,,,,,,,,,,,,,,,,,,,,,,,,,,,,26.81,,,,
28-Jan-2012,20:00,28-Jan-2012,20:15,Tamil Nadu,Chennai,Velachery Res. Area, Chennai - CPCB,,,,,,,,,,,,,,,,,,,,,,,,,,,,,,,,,,,26.82,,,,
28-Jan-2012,20:15,28-Jan-2012,20:30,Tamil Nadu,Chennai,Velachery Res. Area, Chennai - CPCB,,,,,,,,,,,,,,,,,,,,,,,,,,,,,,,,,,,26.67,,,,
28-Jan-2012,20:30,28-Jan-2012,20:45,Tamil Nadu,Chennai,Velachery Res. Area, Chennai - CPCB,,,,,,,,,,,,,,,,,,,,,,,,,,,,,,,,,,,26.5,,,,
28-Jan-2012,20:45,28-Jan-2012,21:00,Tamil Nadu,Chennai,Velachery Res. Area, Chennai - CPCB,,,,,,,,,,,,,,,,,,,,,,,,,,,,,,,,,,,26.46,,,,
28-Jan-2012,21:00,28-Jan-2012,21:15,Tamil Nadu,Chennai,Velachery Res. Area, Chennai - CPCB,,,,,,,,,,,,,,,,,,,,,,,,,,,,,,,,,,,26.45,,,,
28-Jan-2012,21:15,28-Jan-2012,21:30,Tamil Nadu,Chennai,Velachery Res. Area, Chennai - CPCB,,,,,,,,,,,,,,,,,,,,,,,,,,,,,,,,,,,26.32,,,,
28-Jan-2012,21:30,28-Jan-2012,21:45,Tamil Nadu,Chennai,Velachery Res. Area, Chennai - CPCB,,,,,,,,,,,,,,,,,,,,,,,,,,,,,,,,,,,26.32,,,,
28-Jan-2012,21:45,28-Jan-2012,22:00,Tamil Nadu,Chennai,Velachery Res. Area, Chennai - CPCB,,,,,,,,,,,,,,,,,,,,,,,,,,,,,,,,,,,26.45,,,,
28-Jan-2012,22:00,28-Jan-2012,22:15,Tamil Nadu,Chennai,Velachery Res. Area, Chennai - CPCB,,,,,,,,,,,,,,,,,,,,,,,,,,,,,,,,,,,26.37,,,,
28-Jan-2012,22:15,28-Jan-2012,22:30,Tamil Nadu,Chennai,Velachery Res. Area, Chennai - CPCB,,,,,,,,,,,,,,,,,,,,,,,,,,,,,,,,,,,26.4,,,,
28-Jan-2012,22:30,28-Jan-2012,22:45,Tamil Nadu,Chennai,Velachery Res. Area, Chennai - CPCB,,,,,,,,,,,,,,,,,,,,,,,,,,,,,,,,,,,26.3,,,,
28-Jan-2012,22:45,28-Jan-2012,23:00,Tamil Nadu,Chennai,Velachery Res. Area, Chennai - CPCB,,,,,,,,,,,,,,,,,,,,,,,,,,,,,,,,,,,26.12,,,,
28-Jan-2012,23:00,28-Jan-2012,23:15,Tamil Nadu,Chennai,Velachery Res. Area, Chennai - CPCB,,,,,,,,,,,,,,,,,,,,,,,,,,,,,,,,,,,25.86,,,,
28-Jan-2012,23:15,28-Jan-2012,23:30,Tamil Nadu,Chennai,Velachery Res. Area, Chennai - CPCB,,,,,,,,,,,,,,,,,,,,,,,,,,,,,,,,,,,25.73,,,,
28-Jan-2012,23:30,28-Jan-2012,23:45,Tamil Nadu,Chennai,Velachery Res. Area, Chennai - CPCB,,,,,,,,,,,,,,,,,,,,,,,,,,,,,,,,,,,25.55,,,,
28-Jan-2012,23:45,29-Jan-2012,00:00,Tamil Nadu,Chennai,Velachery Res. Area, Chennai - CPCB,,,,,,,,,,,,,,,,,,,,,,,,,,,,,,,,,,,25.32,,,,
29-Jan-2012,00:00,29-Jan-2012,00:15,Tamil Nadu,Chennai,Velachery Res. Area, Chennai - CPCB,,,,,,,,,,,,,,,,,,,,,,,,,,,,,,,,,,,25.41,,,,
29-Jan-2012,00:15,29-Jan-2012,00:30,Tamil Nadu,Chennai,Velachery Res. Area, Chennai - CPCB,,,,,,,,,,,,,,,,,,,,,,,,,,,,,,,,,,,25.52,,,,
29-Jan-2012,00:30,29-Jan-2012,00:45,Tamil Nadu,Chennai,Velachery Res. Area, Chennai - CPCB,,,,,,,,,,,,,,,,,,,,,,,,,,,,,,,,,,,25.43,,,,
29-Jan-2012,00:45,29-Jan-2012,01:00,Tamil Nadu,Chennai,Velachery Res. Area, Chennai - CPCB,,,,,,,,,,,,,,,,,,,,,,,,,,,,,,,,,,,25.38,,,,
29-Jan-2012,01:00,29-Jan-2012,01:15,Tamil Nadu,Chennai,Velachery Res. Area, Chennai - CPCB,,,,,,,,,,,,,,,,,,,,,,,,,,,,,,,,,,,25.3,,,,
29-Jan-2012,01:15,29-Jan-2012,01:30,Tamil Nadu,Chennai,Velachery Res. Area, Chennai - CPCB,,,,,,,,,,,,,,,,,,,,,,,,,,,,,,,,,,,25.13,,,,
29-Jan-2012,01:30,29-Jan-2012,01:45,Tamil Nadu,Chennai,Velachery Res. Area, Chennai - CPCB,,,,,,,,,,,,,,,,,,,,,,,,,,,,,,,,,,,25.0,,,,
29-Jan-2012,01:45,29-Jan-2012,02:00,Tamil Nadu,Chennai,Velachery Res. Area, Chennai - CPCB,,,,,,,,,,,,,,,,,,,,,,,,,,,,,,,,,,,24.95,,,,
29-Jan-2012,02:00,29-Jan-2012,02:15,Tamil Nadu,Chennai,Velachery Res. Area, Chennai - CPCB,,,,,,,,,,,,,,,,,,,,,,,,,,,,,,,,,,,25.02,,,,
29-Jan-2012,02:15,29-Jan-2012,02:30,Tamil Nadu,Chennai,Velachery Res. Area, Chennai - CPCB,,,,,,,,,,,,,,,,,,,,,,,,,,,,,,,,,,,25.04,,,,
29-Jan-2012,02:30,29-Jan-2012,02:45,Tamil Nadu,Chennai,Velachery Res. Area, Chennai - CPCB,,,,,,,,,,,,,,,,,,,,,,,,,,,,,,,,,,,25.01,,,,
29-Jan-2012,02:45,29-Jan-2012,03:00,Tamil Nadu,Chennai,Velachery Res. Area, Chennai - CPCB,,,,,,,,,,,,,,,,,,,,,,,,,,,,,,,,,,,25.03,,,,
29-Jan-2012,03:00,29-Jan-2012,03:15,Tamil Nadu,Chennai,Velachery Res. Area, Chennai - CPCB,,,,,,,,,,,,,,,,,,,,,,,,,,,,,,,,,,,24.91,,,,
29-Jan-2012,03:15,29-Jan-2012,03:30,Tamil Nadu,Chennai,Velachery Res. Area, Chennai - CPCB,,,,,,,,,,,,,,,,,,,,,,,,,,,,,,,,,,,24.99,,,,
29-Jan-2012,03:30,29-Jan-2012,03:45,Tamil Nadu,Chennai,Velachery Res. Area, Chennai - CPCB,,,,,,,,,,,,,,,,,,,,,,,,,,,,,,,,,,,24.93,,,,
29-Jan-2012,03:45,29-Jan-2012,04:00,Tamil Nadu,Chennai,Velachery Res. Area, Chennai - CPCB,,,,,,,,,,,,,,,,,,,,,,,,,,,,,,,,,,,24.83,,,,
29-Jan-2012,04:00,29-Jan-2012,04:15,Tamil Nadu,Chennai,Velachery Res. Area, Chennai - CPCB,,,,,,,,,,,,,,,,,,,,,,,,,,,,,,,,,,,24.64,,,,
29-Jan-2012,04:15,29-Jan-2012,04:30,Tamil Nadu,Chennai,Velachery Res. Area, Chennai - CPCB,,,,,,,,,,,,,,,,,,,,,,,,,,,,,,,,,,,24.58,,,,
29-Jan-2012,04:30,29-Jan-2012,04:45,Tamil Nadu,Chennai,Velachery Res. Area, Chennai - CPCB,,,,,,,,,,,,,,,,,,,,,,,,,,,,,,,,,,,24.83,,,,
29-Jan-2012,04:45,29-Jan-2012,05:00,Tamil Nadu,Chennai,Velachery Res. Area, Chennai - CPCB,,,,,,,,,,,,,,,,,,,,,,,,,,,,,,,,,,,24.8,,,,
29-Jan-2012,05:00,29-Jan-2012,05:15,Tamil Nadu,Chennai,Velachery Res. Area, Chennai - CPCB,,,,,,,,,,,,,,,,,,,,,,,,,,,,,,,,,,,24.59,,,,
29-Jan-2012,05:15,29-Jan-2012,05:30,Tamil Nadu,Chennai,Velachery Res. Area, Chennai - CPCB,,,,,,,,,,,,,,,,,,,,,,,,,,,,,,,,,,,24.5,,,,
29-Jan-2012,05:30,29-Jan-2012,05:45,Tamil Nadu,Chennai,Velachery Res. Area, Chennai - CPCB,,,,,,,,,,,,,,,,,,,,,,,,,,,,,,,,,,,24.77,,,,
29-Jan-2012,05:45,29-Jan-2012,06:00,Tamil Nadu,Chennai,Velachery Res. Area, Chennai - CPCB,,,,,,,,,,,,,,,,,,,,,,,,,,,,,,,,,,,24.95,,,,
29-Jan-2012,06:00,29-Jan-2012,06:15,Tamil Nadu,Chennai,Velachery Res. Area, Chennai - CPCB,,,,,,,,,,,,,,,,,,,,,,,,,,,,,,,,,,,24.96,,,,
29-Jan-2012,06:15,29-Jan-2012,06:30,Tamil Nadu,Chennai,Velachery Res. Area, Chennai - CPCB,,,,,,,,,,,,,,,,,,,,,,,,,,,,,,,,,,,25.04,,,,
29-Jan-2012,06:30,29-Jan-2012,06:45,Tamil Nadu,Chennai,Velachery Res. Area, Chennai - CPCB,,,,,,,,,,,,,,,,,,,,,,,,,,,,,,,,,,,25.12,,,,
29-Jan-2012,06:45,29-Jan-2012,07:00,Tamil Nadu,Chennai,Velachery Res. Area, Chennai - CPCB,,,,,,,,,,,,,,,,,,,,,,,,,,,,,,,,,,,24.79,,,,
29-Jan-2012,07:00,29-Jan-2012,07:15,Tamil Nadu,Chennai,Velachery Res. Area, Chennai - CPCB,,,,,,,,,,,,,,,,,,,,,,,,,,,,,,,,,,,24.86,,,,
29-Jan-2012,07:15,29-Jan-2012,07:30,Tamil Nadu,Chennai,Velachery Res. Area, Chennai - CPCB,,,,,,,,,,,,,,,,,,,,,,,,,,,,,,,,,,,25.02,,,,
29-Jan-2012,07:30,29-Jan-2012,07:45,Tamil Nadu,Chennai,Velachery Res. Area, Chennai - CPCB,,,,,,,,,,,,,,,,,,,,,,,,,,,,,,,,,,,25.24,,,,
29-Jan-2012,07:45,29-Jan-2012,08:00,Tamil Nadu,Chennai,Velachery Res. Area, Chennai - CPCB,,,,,,,,,,,,,,,,,,,,,,,,,,,,,,,,,,,25.46,,,,
29-Jan-2012,08:00,29-Jan-2012,08:15,Tamil Nadu,Chennai,Velachery Res. Area, Chennai - CPCB,,,,,,,,,,,,,,,,,,,,,,,,,,,,,,,,,,,25.91,,,,
29-Jan-2012,08:15,29-Jan-2012,08:30,Tamil Nadu,Chennai,Velachery Res. Area, Chennai - CPCB,,,,,,,,,,,,,,,,,,,,,,,,,,,,,,,,,,,26.43,,,,
29-Jan-2012,08:30,29-Jan-2012,08:45,Tamil Nadu,Chennai,Velachery Res. Area, Chennai - CPCB,,,,,,,,,,,,,,,,,,,,,,,,,,,,,,,,,,,26.89,,,,
29-Jan-2012,08:45,29-Jan-2012,09:00,Tamil Nadu,Chennai,Velachery Res. Area, Chennai - CPCB,,,,,,,,,,,,,,,,,,,,,,,,,,,,,,,,,,,27.65,,,,
29-Jan-2012,09:00,29-Jan-2012,09:15,Tamil Nadu,Chennai,Velachery Res. Area, Chennai - CPCB,,,,,,,,,,,,,,,,,,,,,,,,,,,,,,,,,,,28.43,,,,
29-Jan-2012,09:15,29-Jan-2012,09:30,Tamil Nadu,Chennai,Velachery Res. Area, Chennai - CPCB,,,,,,,,,,,,,,,,,,,,,,,,,,,,,,,,,,,29.26,,,,
29-Jan-2012,09:30,29-Jan-2012,09:45,Tamil Nadu,Chennai,Velachery Res. Area, Chennai - CPCB,,,,,,,,,,,,,,,,,,,,,,,,,,,,,,,,,,,29.66,,,,
29-Jan-2012,09:45,29-Jan-2012,10:00,Tamil Nadu,Chennai,Velachery Res. Area, Chennai - CPCB,,,,,,,,,,,,,,,,,,,,,,,,,,,,,,,,,,,29.62,,,,
29-Jan-2012,10:00,29-Jan-2012,10:15,Tamil Nadu,Chennai,Velachery Res. Area, Chennai - CPCB,,,,,,,,,,,,,,,,,,,,,,,,,,,,,,,,,,,29.7,,,,
29-Jan-2012,10:15,29-Jan-2012,10:30,Tamil Nadu,Chennai,Velachery Res. Area, Chennai - CPCB,,,,,,,,,,,,,,,,,,,,,,,,,,,,,,,,,,,29.79,,,,
29-Jan-2012,10:30,29-Jan-2012,10:45,Tamil Nadu,Chennai,Velachery Res. Area, Chennai - CPCB,,,,,,,,,,,,,,,,,,,,,,,,,,,,,,,,,,,29.72,,,,
29-Jan-2012,10:45,29-Jan-2012,11:00,Tamil Nadu,Chennai,Velachery Res. Area, Chennai - CPCB,,,,,,,,,,,,,,,,,,,,,,,,,,,,,,,,,,,29.79,,,,
29-Jan-2012,11:00,29-Jan-2012,11:15,Tamil Nadu,Chennai,Velachery Res. Area, Chennai - CPCB,,,,,,,,,,,,,,,,,,,,,,,,,,,,,,,,,,,29.7,,,,
29-Jan-2012,11:15,29-Jan-2012,11:30,Tamil Nadu,Chennai,Velachery Res. Area, Chennai - CPCB,,,,,,,,,,,,,,,,,,,,,,,,,,,,,,,,,,,29.88,,,,
29-Jan-2012,11:30,29-Jan-2012,11:45,Tamil Nadu,Chennai,Velachery Res. Area, Chennai - CPCB,,,,,,,,,,,,,,,,,,,,,,,,,,,,,,,,,,,30.09,,,,
29-Jan-2012,11:45,29-Jan-2012,12:00,Tamil Nadu,Chennai,Velachery Res. Area, Chennai - CPCB,,,,,,,,,,,,,,,,,,,,,,,,,,,,,,,,,,,30.01,,,,
29-Jan-2012,12:00,29-Jan-2012,12:15,Tamil Nadu,Chennai,Velachery Res. Area, Chennai - CPCB,,,,,,,,,,,,,,,,,,,,,,,,,,,,,,,,,,,30.01,,,,
29-Jan-2012,12:15,29-Jan-2012,12:30,Tamil Nadu,Chennai,Velachery Res. Area, Chennai - CPCB,,,,,,,,,,,,,,,,,,,,,,,,,,,,,,,,,,,30.11,,,,
29-Jan-2012,12:30,29-Jan-2012,12:45,Tamil Nadu,Chennai,Velachery Res. Area, Chennai - CPCB,,,,,,,,,,,,,,,,,,,,,,,,,,,,,,,,,,,30.13,,,,
29-Jan-2012,12:45,29-Jan-2012,13:00,Tamil Nadu,Chennai,Velachery Res. Area, Chennai - CPCB,,,,,,,,,,,,,,,,,,,,,,,,,,,,,,,,,,,30.18,,,,
29-Jan-2012,13:00,29-Jan-2012,13:15,Tamil Nadu,Chennai,Velachery Res. Area, Chennai - CPCB,,,,,,,,,,,,,,,,,,,,,,,,,,,,,,,,,,,29.99,,,,
29-Jan-2012,13:15,29-Jan-2012,13:30,Tamil Nadu,Chennai,Velachery Res. Area, Chennai - CPCB,,,,,,,,,,,,,,,,,,,,,,,,,,,,,,,,,,,29.97,,,,
29-Jan-2012,13:30,29-Jan-2012,13:45,Tamil Nadu,Chennai,Velachery Res. Area, Chennai - CPCB,,,,,,,,,,,,,,,,,,,,,,,,,,,,,,,,,,,30.12,,,,
29-Jan-2012,13:45,29-Jan-2012,14:00,Tamil Nadu,Chennai,Velachery Res. Area, Chennai - CPCB,,,,,,,,,,,,,,,,,,,,,,,,,,,,,,,,,,,30.19,,,,
29-Jan-2012,14:00,29-Jan-2012,14:15,Tamil Nadu,Chennai,Velachery Res. Area, Chennai - CPCB,,,,,,,,,,,,,,,,,,,,,,,,,,,,,,,,,,,30.23,,,,
29-Jan-2012,14:15,29-Jan-2012,14:30,Tamil Nadu,Chennai,Velachery Res. Area, Chennai - CPCB,,,,,,,,,,,,,,,,,,,,,,,,,,,,,,,,,,,30.22,,,,
29-Jan-2012,14:30,29-Jan-2012,14:45,Tamil Nadu,Chennai,Velachery Res. Area, Chennai - CPCB,,,,,,,,,,,,,,,,,,,,,,,,,,,,,,,,,,,29.88,,,,
29-Jan-2012,14:45,29-Jan-2012,15:00,Tamil Nadu,Chennai,Velachery Res. Area, Chennai - CPCB,,,,,,,,,,,,,,,,,,,,,,,,,,,,,,,,,,,29.87,,,,
29-Jan-2012,15:00,29-Jan-2012,15:15,Tamil Nadu,Chennai,Velachery Res. Area, Chennai - CPCB,,,,,,,,,,,,,,,,,,,,,,,,,,,,,,,,,,,29.66,,,,
29-Jan-2012,15:15,29-Jan-2012,15:30,Tamil Nadu,Chennai,Velachery Res. Area, Chennai - CPCB,,,,,,,,,,,,,,,,,,,,,,,,,,,,,,,,,,,29.75,,,,
29-Jan-2012,15:30,29-Jan-2012,15:45,Tamil Nadu,Chennai,Velachery Res. Area, Chennai - CPCB,,,,,,,,,,,,,,,,,,,,,,,,,,,,,,,,,,,29.66,,,,
29-Jan-2012,15:45,29-Jan-2012,16:00,Tamil Nadu,Chennai,Velachery Res. Area, Chennai - CPCB,,,,,,,,,,,,,,,,,,,,,,,,,,,,,,,,,,,29.49,,,,
29-Jan-2012,16:00,29-Jan-2012,16:15,Tamil Nadu,Chennai,Velachery Res. Area, Chennai - CPCB,,,,,,,,,,,,,,,,,,,,,,,,,,,,,,,,,,,29.35,,,,
29-Jan-2012,16:15,29-Jan-2012,16:30,Tamil Nadu,Chennai,Velachery Res. Area, Chennai - CPCB,,,,,,,,,,,,,,,,,,,,,,,,,,,,,,,,,,,28.98,,,,
29-Jan-2012,16:30,29-Jan-2012,16:45,Tamil Nadu,Chennai,Velachery Res. Area, Chennai - CPCB,,,,,,,,,,,,,,,,,,,,,,,,,,,,,,,,,,,28.92,,,,
29-Jan-2012,16:45,29-Jan-2012,17:00,Tamil Nadu,Chennai,Velachery Res. Area, Chennai - CPCB,,,,,,,,,,,,,,,,,,,,,,,,,,,,,,,,,,,28.59,,,,
29-Jan-2012,17:00,29-Jan-2012,17:15,Tamil Nadu,Chennai,Velachery Res. Area, Chennai - CPCB,,,,,,,,,,,,,,,,,,,,,,,,,,,,,,,,,,,28.43,,,,
29-Jan-2012,17:15,29-Jan-2012,17:30,Tamil Nadu,Chennai,Velachery Res. Area, Chennai - CPCB,,,,,,,,,,,,,,,,,,,,,,,,,,,,,,,,,,,28.51,,,,
29-Jan-2012,17:30,29-Jan-2012,17:45,Tamil Nadu,Chennai,Velachery Res. Area, Chennai - CPCB,,,,,,,,,,,,,,,,,,,,,,,,,,,,,,,,,,,28.28,,,,
29-Jan-2012,17:45,29-Jan-2012,18:00,Tamil Nadu,Chennai,Velachery Res. Area, Chennai - CPCB,,,,,,,,,,,,,,,,,,,,,,,,,,,,,,,,,,,27.96,,,,
29-Jan-2012,18:00,29-Jan-2012,18:15,Tamil Nadu,Chennai,Velachery Res. Area, Chennai - CPCB,,,,,,,,,,,,,,,,,,,,,,,,,,,,,,,,,,,27.52,,,,
29-Jan-2012,18:15,29-Jan-2012,18:30,Tamil Nadu,Chennai,Velachery Res. Area, Chennai - CPCB,,,,,,,,,,,,,,,,,,,,,,,,,,,,,,,,,,,27.23,,,,
29-Jan-2012,18:30,29-Jan-2012,18:45,Tamil Nadu,Chennai,Velachery Res. Area, Chennai - CPCB,,,,,,,,,,,,,,,,,,,,,,,,,,,,,,,,,,,27.11,,,,
29-Jan-2012,18:45,29-Jan-2012,19:00,Tamil Nadu,Chennai,Velachery Res. Area, Chennai - CPCB,,,,,,,,,,,,,,,,,,,,,,,,,,,,,,,,,,,27.02,,,,
29-Jan-2012,19:00,29-Jan-2012,19:15,Tamil Nadu,Chennai,Velachery Res. Area, Chennai - CPCB,,,,,,,,,,,,,,,,,,,,,,,,,,,,,,,,,,,26.92,,,,
29-Jan-2012,19:15,29-Jan-2012,19:30,Tamil Nadu,Chennai,Velachery Res. Area, Chennai - CPCB,,,,,,,,,,,,,,,,,,,,,,,,,,,,,,,,,,,26.89,,,,
29-Jan-2012,19:30,29-Jan-2012,19:45,Tamil Nadu,Chennai,Velachery Res. Area, Chennai - CPCB,,,,,,,,,,,,,,,,,,,,,,,,,,,,,,,,,,,26.72,,,,
29-Jan-2012,19:45,29-Jan-2012,20:00,Tamil Nadu,Chennai,Velachery Res. Area, Chennai - CPCB,,,,,,,,,,,,,,,,,,,,,,,,,,,,,,,,,,,26.6,,,,
29-Jan-2012,20:00,29-Jan-2012,20:15,Tamil Nadu,Chennai,Velachery Res. Area, Chennai - CPCB,,,,,,,,,,,,,,,,,,,,,,,,,,,,,,,,,,,26.41,,,,
29-Jan-2012,20:15,29-Jan-2012,20:30,Tamil Nadu,Chennai,Velachery Res. Area, Chennai - CPCB,,,,,,,,,,,,,,,,,,,,,,,,,,,,,,,,,,,26.42,,,,
29-Jan-2012,20:30,29-Jan-2012,20:45,Tamil Nadu,Chennai,Velachery Res. Area, Chennai - CPCB,,,,,,,,,,,,,,,,,,,,,,,,,,,,,,,,,,,26.48,,,,
29-Jan-2012,20:45,29-Jan-2012,21:00,Tamil Nadu,Chennai,Velachery Res. Area, Chennai - CPCB,,,,,,,,,,,,,,,,,,,,,,,,,,,,,,,,,,,26.53,,,,
29-Jan-2012,21:00,29-Jan-2012,21:15,Tamil Nadu,Chennai,Velachery Res. Area, Chennai - CPCB,,,,,,,,,,,,,,,,,,,,,,,,,,,,,,,,,,,26.69,,,,
29-Jan-2012,21:15,29-Jan-2012,21:30,Tamil Nadu,Chennai,Velachery Res. Area, Chennai - CPCB,,,,,,,,,,,,,,,,,,,,,,,,,,,,,,,,,,,26.64,,,,
29-Jan-2012,21:30,29-Jan-2012,21:45,Tamil Nadu,Chennai,Velachery Res. Area, Chennai - CPCB,,,,,,,,,,,,,,,,,,,,,,,,,,,,,,,,,,,26.49,,,,
29-Jan-2012,21:45,29-Jan-2012,22:00,Tamil Nadu,Chennai,Velachery Res. Area, Chennai - CPCB,,,,,,,,,,,,,,,,,,,,,,,,,,,,,,,,,,,26.49,,,,
29-Jan-2012,22:00,29-Jan-2012,22:15,Tamil Nadu,Chennai,Velachery Res. Area, Chennai - CPCB,,,,,,,,,,,,,,,,,,,,,,,,,,,,,,,,,,,26.62,,,,
29-Jan-2012,22:15,29-Jan-2012,22:30,Tamil Nadu,Chennai,Velachery Res. Area, Chennai - CPCB,,,,,,,,,,,,,,,,,,,,,,,,,,,,,,,,,,,26.73,,,,
29-Jan-2012,22:30,29-Jan-2012,22:45,Tamil Nadu,Chennai,Velachery Res. Area, Chennai - CPCB,,,,,,,,,,,,,,,,,,,,,,,,,,,,,,,,,,,26.73,,,,
29-Jan-2012,22:45,29-Jan-2012,23:00,Tamil Nadu,Chennai,Velachery Res. Area, Chennai - CPCB,,,,,,,,,,,,,,,,,,,,,,,,,,,,,,,,,,,26.79,,,,
29-Jan-2012,23:00,29-Jan-2012,23:15,Tamil Nadu,Chennai,Velachery Res. Area, Chennai - CPCB,,,,,,,,,,,,,,,,,,,,,,,,,,,,,,,,,,,26.67,,,,
29-Jan-2012,23:15,29-Jan-2012,23:30,Tamil Nadu,Chennai,Velachery Res. Area, Chennai - CPCB,,,,,,,,,,,,,,,,,,,,,,,,,,,,,,,,,,,26.58,,,,
29-Jan-2012,23:30,29-Jan-2012,23:45,Tamil Nadu,Chennai,Velachery Res. Area, Chennai - CPCB,,,,,,,,,,,,,,,,,,,,,,,,,,,,,,,,,,,26.66,,,,
29-Jan-2012,23:45,30-Jan-2012,00:00,Tamil Nadu,Chennai,Velachery Res. Area, Chennai - CPCB,,,,,,,,,,,,,,,,,,,,,,,,,,,,,,,,,,,26.7,,,,
30-Jan-2012,00:00,30-Jan-2012,00:15,Tamil Nadu,Chennai,Velachery Res. Area, Chennai - CPCB,,,,,,,,,,,,,,,,,,,,,,,,,,,,,,,,,,,26.69,,,,
30-Jan-2012,00:15,30-Jan-2012,00:30,Tamil Nadu,Chennai,Velachery Res. Area, Chennai - CPCB,,,,,,,,,,,,,,,,,,,,,,,,,,,,,,,,,,,26.8,,,,
30-Jan-2012,00:30,30-Jan-2012,00:45,Tamil Nadu,Chennai,Velachery Res. Area, Chennai - CPCB,,,,,,,,,,,,,,,,,,,,,,,,,,,,,,,,,,,26.94,,,,
30-Jan-2012,00:45,30-Jan-2012,01:00,Tamil Nadu,Chennai,Velachery Res. Area, Chennai - CPCB,,,,,,,,,,,,,,,,,,,,,,,,,,,,,,,,,,,26.96,,,,
30-Jan-2012,01:00,30-Jan-2012,01:15,Tamil Nadu,Chennai,Velachery Res. Area, Chennai - CPCB,,,,,,,,,,,,,,,,,,,,,,,,,,,,,,,,,,,26.9,,,,
30-Jan-2012,01:15,30-Jan-2012,01:30,Tamil Nadu,Chennai,Velachery Res. Area, Chennai - CPCB,,,,,,,,,,,,,,,,,,,,,,,,,,,,,,,,,,,26.77,,,,
30-Jan-2012,01:30,30-Jan-2012,01:45,Tamil Nadu,Chennai,Velachery Res. Area, Chennai - CPCB,,,,,,,,,,,,,,,,,,,,,,,,,,,,,,,,,,,26.63,,,,
30-Jan-2012,01:45,30-Jan-2012,02:00,Tamil Nadu,Chennai,Velachery Res. Area, Chennai - CPCB,,,,,,,,,,,,,,,,,,,,,,,,,,,,,,,,,,,26.61,,,,
30-Jan-2012,02:00,30-Jan-2012,02:15,Tamil Nadu,Chennai,Velachery Res. Area, Chennai - CPCB,,,,,,,,,,,,,,,,,,,,,,,,,,,,,,,,,,,26.62,,,,
30-Jan-2012,02:15,30-Jan-2012,02:30,Tamil Nadu,Chennai,Velachery Res. Area, Chennai - CPCB,,,,,,,,,,,,,,,,,,,,,,,,,,,,,,,,,,,26.83,,,,
30-Jan-2012,02:30,30-Jan-2012,02:45,Tamil Nadu,Chennai,Velachery Res. Area, Chennai - CPCB,,,,,,,,,,,,,,,,,,,,,,,,,,,,,,,,,,,26.81,,,,
30-Jan-2012,02:45,30-Jan-2012,03:00,Tamil Nadu,Chennai,Velachery Res. Area, Chennai - CPCB,,,,,,,,,,,,,,,,,,,,,,,,,,,,,,,,,,,26.83,,,,
30-Jan-2012,03:00,30-Jan-2012,03:15,Tamil Nadu,Chennai,Velachery Res. Area, Chennai - CPCB,,,,,,,,,,,,,,,,,,,,,,,,,,,,,,,,,,,26.77,,,,
30-Jan-2012,03:15,30-Jan-2012,03:30,Tamil Nadu,Chennai,Velachery Res. Area, Chennai - CPCB,,,,,,,,,,,,,,,,,,,,,,,,,,,,,,,,,,,26.65,,,,
30-Jan-2012,03:30,30-Jan-2012,03:45,Tamil Nadu,Chennai,Velachery Res. Area, Chennai - CPCB,,,,,,,,,,,,,,,,,,,,,,,,,,,,,,,,,,,26.57,,,,
30-Jan-2012,03:45,30-Jan-2012,04:00,Tamil Nadu,Chennai,Velachery Res. Area, Chennai - CPCB,,,,,,,,,,,,,,,,,,,,,,,,,,,,,,,,,,,26.32,,,,
30-Jan-2012,04:00,30-Jan-2012,04:15,Tamil Nadu,Chennai,Velachery Res. Area, Chennai - CPCB,,,,,,,,,,,,,,,,,,,,,,,,,,,,,,,,,,,26.04,,,,
30-Jan-2012,04:15,30-Jan-2012,04:30,Tamil Nadu,Chennai,Velachery Res. Area, Chennai - CPCB,,,,,,,,,,,,,,,,,,,,,,,,,,,,,,,,,,,25.83,,,,
30-Jan-2012,04:30,30-Jan-2012,04:45,Tamil Nadu,Chennai,Velachery Res. Area, Chennai - CPCB,,,,,,,,,,,,,,,,,,,,,,,,,,,,,,,,,,,25.91,,,,
30-Jan-2012,04:45,30-Jan-2012,05:00,Tamil Nadu,Chennai,Velachery Res. Area, Chennai - CPCB,,,,,,,,,,,,,,,,,,,,,,,,,,,,,,,,,,,25.93,,,,
30-Jan-2012,05:00,30-Jan-2012,05:15,Tamil Nadu,Chennai,Velachery Res. Area, Chennai - CPCB,,,,,,,,,,,,,,,,,,,,,,,,,,,,,,,,,,,25.95,,,,
30-Jan-2012,05:15,30-Jan-2012,05:30,Tamil Nadu,Chennai,Velachery Res. Area, Chennai - CPCB,,,,,,,,,,,,,,,,,,,,,,,,,,,,,,,,,,,26.46,,,,
30-Jan-2012,05:30,30-Jan-2012,05:45,Tamil Nadu,Chennai,Velachery Res. Area, Chennai - CPCB,,,,,,,,,,,,,,,,,,,,,,,,,,,,,,,,,,,26.94,,,,
30-Jan-2012,05:45,30-Jan-2012,06:00,Tamil Nadu,Chennai,Velachery Res. Area, Chennai - CPCB,,,,,,,,,,,,,,,,,,,,,,,,,,,,,,,,,,,26.96,,,,
30-Jan-2012,06:00,30-Jan-2012,06:15,Tamil Nadu,Chennai,Velachery Res. Area, Chennai - CPCB,,,,,,,,,,,,,,,,,,,,,,,,,,,,,,,,,,,26.94,,,,
30-Jan-2012,06:15,30-Jan-2012,06:30,Tamil Nadu,Chennai,Velachery Res. Area, Chennai - CPCB,,,,,,,,,,,,,,,,,,,,,,,,,,,,,,,,,,,26.79,,,,
30-Jan-2012,06:30,30-Jan-2012,06:45,Tamil Nadu,Chennai,Velachery Res. Area, Chennai - CPCB,,,,,,,,,,,,,,,,,,,,,,,,,,,,,,,,,,,26.9,,,,
30-Jan-2012,06:45,30-Jan-2012,07:00,Tamil Nadu,Chennai,Velachery Res. Area, Chennai - CPCB,,,,,,,,,,,,,,,,,,,,,,,,,,,,,,,,,,,26.77,,,,
30-Jan-2012,07:00,30-Jan-2012,07:15,Tamil Nadu,Chennai,Velachery Res. Area, Chennai - CPCB,,,,,,,,,,,,,,,,,,,,,,,,,,,,,,,,,,,26.93,,,,
30-Jan-2012,07:15,30-Jan-2012,07:30,Tamil Nadu,Chennai,Velachery Res. Area, Chennai - CPCB,,,,,,,,,,,,,,,,,,,,,,,,,,,,,,,,,,,27.13,,,,
30-Jan-2012,07:30,30-Jan-2012,07:45,Tamil Nadu,Chennai,Velachery Res. Area, Chennai - CPCB,,,,,,,,,,,,,,,,,,,,,,,,,,,,,,,,,,,27.28,,,,
30-Jan-2012,07:45,30-Jan-2012,08:00,Tamil Nadu,Chennai,Velachery Res. Area, Chennai - CPCB,,,,,,,,,,,,,,,,,,,,,,,,,,,,,,,,,,,27.74,,,,
30-Jan-2012,08:00,30-Jan-2012,08:15,Tamil Nadu,Chennai,Velachery Res. Area, Chennai - CPCB,,,,,,,,,,,,,,,,,,,,,,,,,,,,,,,,,,,28.39,,,,
30-Jan-2012,08:15,30-Jan-2012,08:30,Tamil Nadu,Chennai,Velachery Res. Area, Chennai - CPCB,,,,,,,,,,,,,,,,,,,,,,,,,,,,,,,,,,,28.85,,,,
30-Jan-2012,08:30,30-Jan-2012,08:45,Tamil Nadu,Chennai,Velachery Res. Area, Chennai - CPCB,,,,,,,,,,,,,,,,,,,,,,,,,,,,,,,,,,,28.9,,,,
30-Jan-2012,08:45,30-Jan-2012,09:00,Tamil Nadu,Chennai,Velachery Res. Area, Chennai - CPCB,,,,,,,,,,,,,,,,,,,,,,,,,,,,,,,,,,,29.02,,,,
30-Jan-2012,09:00,30-Jan-2012,09:15,Tamil Nadu,Chennai,Velachery Res. Area, Chennai - CPCB,,,,,,,,,,,,,,,,,,,,,,,,,,,,,,,,,,,29.07,,,,
30-Jan-2012,09:15,30-Jan-2012,09:30,Tamil Nadu,Chennai,Velachery Res. Area, Chennai - CPCB,,,,,,,,,,,,,,,,,,,,,,,,,,,,,,,,,,,29.47,,,,
30-Jan-2012,09:30,30-Jan-2012,09:45,Tamil Nadu,Chennai,Velachery Res. Area, Chennai - CPCB,,,,,,,,,,,,,,,,,,,,,,,,,,,,,,,,,,,29.38,,,,
30-Jan-2012,09:45,30-Jan-2012,10:00,Tamil Nadu,Chennai,Velachery Res. Area, Chennai - CPCB,,,,,,,,,,,,,,,,,,,,,,,,,,,,,,,,,,,29.15,,,,
30-Jan-2012,10:00,30-Jan-2012,10:15,Tamil Nadu,Chennai,Velachery Res. Area, Chennai - CPCB,,,,,,,,,,,,,,,,,,,,,,,,,,,,,,,,,,,29.37,,,,
30-Jan-2012,10:15,30-Jan-2012,10:30,Tamil Nadu,Chennai,Velachery Res. Area, Chennai - CPCB,,,,,,,,,,,,,,,,,,,,,,,,,,,,,,,,,,,29.78,,,,
30-Jan-2012,10:30,30-Jan-2012,10:45,Tamil Nadu,Chennai,Velachery Res. Area, Chennai - CPCB,,,,,,,,,,,,,,,,,,,,,,,,,,,,,,,,,,,29.94,,,,
30-Jan-2012,10:45,30-Jan-2012,11:00,Tamil Nadu,Chennai,Velachery Res. Area, Chennai - CPCB,,,,,,,,,,,,,,,,,,,,,,,,,,,,,,,,,,,30.04,,,,
30-Jan-2012,11:00,30-Jan-2012,11:15,Tamil Nadu,Chennai,Velachery Res. Area, Chennai - CPCB,,,,,,,,,,,,,,,,,,,,,,,,,,,,,,,,,,,29.88,,,,
30-Jan-2012,11:15,30-Jan-2012,11:30,Tamil Nadu,Chennai,Velachery Res. Area, Chennai - CPCB,,,,,,,,,,,,,,,,,,,,,,,,,,,,,,,,,,,29.74,,,,
30-Jan-2012,11:30,30-Jan-2012,11:45,Tamil Nadu,Chennai,Velachery Res. Area, Chennai - CPCB,,,,,,,,,,,,,,,,,,,,,,,,,,,,,,,,,,,30.03,,,,
30-Jan-2012,11:45,30-Jan-2012,12:00,Tamil Nadu,Chennai,Velachery Res. Area, Chennai - CPCB,,,,,,,,,,,,,,,,,,,,,,,,,,,,,,,,,,,29.83,,,,
30-Jan-2012,12:00,30-Jan-2012,12:15,Tamil Nadu,Chennai,Velachery Res. Area, Chennai - CPCB,,,,,,,,,,,,,,,,,,,,,,,,,,,,,,,,,,,29.94,,,,
30-Jan-2012,12:15,30-Jan-2012,12:30,Tamil Nadu,Chennai,Velachery Res. Area, Chennai - CPCB,,,,,,,,,,,,,,,,,,,,,,,,,,,,,,,,,,,30.13,,,,
30-Jan-2012,12:30,30-Jan-2012,12:45,Tamil Nadu,Chennai,Velachery Res. Area, Chennai - CPCB,,,,,,,,,,,,,,,,,,,,,,,,,,,,,,,,,,,30.5,,,,
30-Jan-2012,12:45,30-Jan-2012,13:00,Tamil Nadu,Chennai,Velachery Res. Area, Chennai - CPCB,,,,,,,,,,,,,,,,,,,,,,,,,,,,,,,,,,,30.38,,,,
30-Jan-2012,13:00,30-Jan-2012,13:15,Tamil Nadu,Chennai,Velachery Res. Area, Chennai - CPCB,,,,,,,,,,,,,,,,,,,,,,,,,,,,,,,,,,,29.97,,,,
30-Jan-2012,13:15,30-Jan-2012,13:30,Tamil Nadu,Chennai,Velachery Res. Area, Chennai - CPCB,,,,,,,,,,,,,,,,,,,,,,,,,,,,,,,,,,,29.67,,,,
30-Jan-2012,13:30,30-Jan-2012,13:45,Tamil Nadu,Chennai,Velachery Res. Area, Chennai - CPCB,,,,,,,,,,,,,,,,,,,,,,,,,,,,,,,,,,,29.68,,,,
30-Jan-2012,13:45,30-Jan-2012,14:00,Tamil Nadu,Chennai,Velachery Res. Area, Chennai - CPCB,,,,,,,,,,,,,,,,,,,,,,,,,,,,,,,,,,,29.66,,,,
30-Jan-2012,14:00,30-Jan-2012,14:15,Tamil Nadu,Chennai,Velachery Res. Area, Chennai - CPCB,,,,,,,,,,,,,,,,,,,,,,,,,,,,,,,,,,,28.96,,,,
30-Jan-2012,14:15,30-Jan-2012,14:30,Tamil Nadu,Chennai,Velachery Res. Area, Chennai - CPCB,,,,,,,,,,,,,,,,,,,,,,,,,,,,,,,,,,,29.17,,,,
30-Jan-2012,14:30,30-Jan-2012,14:45,Tamil Nadu,Chennai,Velachery Res. Area, Chennai - CPCB,,,,,,,,,,,,,,,,,,,,,,,,,,,,,,,,,,,28.8,,,,
30-Jan-2012,14:45,30-Jan-2012,15:00,Tamil Nadu,Chennai,Velachery Res. Area, Chennai - CPCB,,,,,,,,,,,,,,,,,,,,,,,,,,,,,,,,,,,28.72,,,,
30-Jan-2012,15:00,30-Jan-2012,15:15,Tamil Nadu,Chennai,Velachery Res. Area, Chennai - CPCB,,,,,,,,,,,,,,,,,,,,,,,,,,,,,,,,,,,28.67,,,,
30-Jan-2012,15:15,30-Jan-2012,15:30,Tamil Nadu,Chennai,Velachery Res. Area, Chennai - CPCB,,,,,,,,,,,,,,,,,,,,,,,,,,,,,,,,,,,28.79,,,,
30-Jan-2012,15:30,30-Jan-2012,15:45,Tamil Nadu,Chennai,Velachery Res. Area, Chennai - CPCB,,,,,,,,,,,,,,,,,,,,,,,,,,,,,,,,,,,28.69,,,,
30-Jan-2012,15:45,30-Jan-2012,16:00,Tamil Nadu,Chennai,Velachery Res. Area, Chennai - CPCB,,,,,,,,,,,,,,,,,,,,,,,,,,,,,,,,,,,28.97,,,,
30-Jan-2012,16:00,30-Jan-2012,16:15,Tamil Nadu,Chennai,Velachery Res. Area, Chennai - CPCB,,,,,,,,,,,,,,,,,,,,,,,,,,,,,,,,,,,29.02,,,,
30-Jan-2012,16:15,30-Jan-2012,16:30,Tamil Nadu,Chennai,Velachery Res. Area, Chennai - CPCB,,,,,,,,,,,,,,,,,,,,,,,,,,,,,,,,,,,28.71,,,,
30-Jan-2012,16:30,30-Jan-2012,16:45,Tamil Nadu,Chennai,Velachery Res. Area, Chennai - CPCB,,,,,,,,,,,,,,,,,,,,,,,,,,,,,,,,,,,28.78,,,,
30-Jan-2012,16:45,30-Jan-2012,17:00,Tamil Nadu,Chennai,Velachery Res. Area, Chennai - CPCB,,,,,,,,,,,,,,,,,,,,,,,,,,,,,,,,,,,28.75,,,,
30-Jan-2012,17:00,30-Jan-2012,17:15,Tamil Nadu,Chennai,Velachery Res. Area, Chennai - CPCB,,,,,,,,,,,,,,,,,,,,,,,,,,,,,,,,,,,28.6,,,,
30-Jan-2012,17:15,30-Jan-2012,17:30,Tamil Nadu,Chennai,Velachery Res. Area, Chennai - CPCB,,,,,,,,,,,,,,,,,,,,,,,,,,,,,,,,,,,28.5,,,,
30-Jan-2012,17:30,30-Jan-2012,17:45,Tamil Nadu,Chennai,Velachery Res. Area, Chennai - CPCB,,,,,,,,,,,,,,,,,,,,,,,,,,,,,,,,,,,28.27,,,,
30-Jan-2012,17:45,30-Jan-2012,18:00,Tamil Nadu,Chennai,Velachery Res. Area, Chennai - CPCB,,,,,,,,,,,,,,,,,,,,,,,,,,,,,,,,,,,28.04,,,,
30-Jan-2012,18:00,30-Jan-2012,18:15,Tamil Nadu,Chennai,Velachery Res. Area, Chennai - CPCB,,,,,,,,,,,,,,,,,,,,,,,,,,,,,,,,,,,27.92,,,,
30-Jan-2012,18:15,30-Jan-2012,18:30,Tamil Nadu,Chennai,Velachery Res. Area, Chennai - CPCB,,,,,,,,,,,,,,,,,,,,,,,,,,,,,,,,,,,27.85,,,,
30-Jan-2012,18:30,30-Jan-2012,18:45,Tamil Nadu,Chennai,Velachery Res. Area, Chennai - CPCB,,,,,,,,,,,,,,,,,,,,,,,,,,,,,,,,,,,27.8,,,,
30-Jan-2012,18:45,30-Jan-2012,19:00,Tamil Nadu,Chennai,Velachery Res. Area, Chennai - CPCB,,,,,,,,,,,,,,,,,,,,,,,,,,,,,,,,,,,27.69,,,,
30-Jan-2012,19:00,30-Jan-2012,19:15,Tamil Nadu,Chennai,Velachery Res. Area, Chennai - CPCB,,,,,,,,,,,,,,,,,,,,,,,,,,,,,,,,,,,27.6,,,,
30-Jan-2012,19:15,30-Jan-2012,19:30,Tamil Nadu,Chennai,Velachery Res. Area, Chennai - CPCB,,,,,,,,,,,,,,,,,,,,,,,,,,,,,,,,,,,27.64,,,,
30-Jan-2012,19:30,30-Jan-2012,19:45,Tamil Nadu,Chennai,Velachery Res. Area, Chennai - CPCB,,,,,,,,,,,,,,,,,,,,,,,,,,,,,,,,,,,27.62,,,,
30-Jan-2012,19:45,30-Jan-2012,20:00,Tamil Nadu,Chennai,Velachery Res. Area, Chennai - CPCB,,,,,,,,,,,,,,,,,,,,,,,,,,,,,,,,,,,27.53,,,,
30-Jan-2012,20:00,30-Jan-2012,20:15,Tamil Nadu,Chennai,Velachery Res. Area, Chennai - CPCB,,,,,,,,,,,,,,,,,,,,,,,,,,,,,,,,,,,27.51,,,,
30-Jan-2012,20:15,30-Jan-2012,20:30,Tamil Nadu,Chennai,Velachery Res. Area, Chennai - CPCB,,,,,,,,,,,,,,,,,,,,,,,,,,,,,,,,,,,27.48,,,,
30-Jan-2012,20:30,30-Jan-2012,20:45,Tamil Nadu,Chennai,Velachery Res. Area, Chennai - CPCB,,,,,,,,,,,,,,,,,,,,,,,,,,,,,,,,,,,27.41,,,,
30-Jan-2012,20:45,30-Jan-2012,21:00,Tamil Nadu,Chennai,Velachery Res. Area, Chennai - CPCB,,,,,,,,,,,,,,,,,,,,,,,,,,,,,,,,,,,27.43,,,,
30-Jan-2012,21:00,30-Jan-2012,21:15,Tamil Nadu,Chennai,Velachery Res. Area, Chennai - CPCB,,,,,,,,,,,,,,,,,,,,,,,,,,,,,,,,,,,27.42,,,,
30-Jan-2012,21:15,30-Jan-2012,21:30,Tamil Nadu,Chennai,Velachery Res. Area, Chennai - CPCB,,,,,,,,,,,,,,,,,,,,,,,,,,,,,,,,,,,27.41,,,,
30-Jan-2012,21:30,30-Jan-2012,21:45,Tamil Nadu,Chennai,Velachery Res. Area, Chennai - CPCB,,,,,,,,,,,,,,,,,,,,,,,,,,,,,,,,,,,27.42,,,,
30-Jan-2012,21:45,30-Jan-2012,22:00,Tamil Nadu,Chennai,Velachery Res. Area, Chennai - CPCB,,,,,,,,,,,,,,,,,,,,,,,,,,,,,,,,,,,27.4,,,,
30-Jan-2012,22:00,30-Jan-2012,22:15,Tamil Nadu,Chennai,Velachery Res. Area, Chennai - CPCB,,,,,,,,,,,,,,,,,,,,,,,,,,,,,,,,,,,27.23,,,,
30-Jan-2012,22:15,30-Jan-2012,22:30,Tamil Nadu,Chennai,Velachery Res. Area, Chennai - CPCB,,,,,,,,,,,,,,,,,,,,,,,,,,,,,,,,,,,27.31,,,,
30-Jan-2012,22:30,30-Jan-2012,22:45,Tamil Nadu,Chennai,Velachery Res. Area, Chennai - CPCB,,,,,,,,,,,,,,,,,,,,,,,,,,,,,,,,,,,27.31,,,,
30-Jan-2012,22:45,30-Jan-2012,23:00,Tamil Nadu,Chennai,Velachery Res. Area, Chennai - CPCB,,,,,,,,,,,,,,,,,,,,,,,,,,,,,,,,,,,27.27,,,,
30-Jan-2012,23:00,30-Jan-2012,23:15,Tamil Nadu,Chennai,Velachery Res. Area, Chennai - CPCB,,,,,,,,,,,,,,,,,,,,,,,,,,,,,,,,,,,27.33,,,,
30-Jan-2012,23:15,30-Jan-2012,23:30,Tamil Nadu,Chennai,Velachery Res. Area, Chennai - CPCB,,,,,,,,,,,,,,,,,,,,,,,,,,,,,,,,,,,27.31,,,,
30-Jan-2012,23:30,30-Jan-2012,23:45,Tamil Nadu,Chennai,Velachery Res. Area, Chennai - CPCB,,,,,,,,,,,,,,,,,,,,,,,,,,,,,,,,,,,27.14,,,,
30-Jan-2012,23:45,31-Jan-2012,00:00,Tamil Nadu,Chennai,Velachery Res. Area, Chennai - CPCB,,,,,,,,,,,,,,,,,,,,,,,,,,,,,,,,,,,26.92,,,,
31-Jan-2012,00:00,31-Jan-2012,00:15,Tamil Nadu,Chennai,Velachery Res. Area, Chennai - CPCB,,,,,,,,,,,,,,,,,,,,,,,,,,,,,,,,,,,26.67,,,,
31-Jan-2012,00:15,31-Jan-2012,00:30,Tamil Nadu,Chennai,Velachery Res. Area, Chennai - CPCB,,,,,,,,,,,,,,,,,,,,,,,,,,,,,,,,,,,26.46,,,,
31-Jan-2012,00:30,31-Jan-2012,00:45,Tamil Nadu,Chennai,Velachery Res. Area, Chennai - CPCB,,,,,,,,,,,,,,,,,,,,,,,,,,,,,,,,,,,26.48,,,,
31-Jan-2012,00:45,31-Jan-2012,01:00,Tamil Nadu,Chennai,Velachery Res. Area, Chennai - CPCB,,,,,,,,,,,,,,,,,,,,,,,,,,,,,,,,,,,26.59,,,,
31-Jan-2012,01:00,31-Jan-2012,01:15,Tamil Nadu,Chennai,Velachery Res. Area, Chennai - CPCB,,,,,,,,,,,,,,,,,,,,,,,,,,,,,,,,,,,26.44,,,,
31-Jan-2012,01:15,31-Jan-2012,01:30,Tamil Nadu,Chennai,Velachery Res. Area, Chennai - CPCB,,,,,,,,,,,,,,,,,,,,,,,,,,,,,,,,,,,26.15,,,,
31-Jan-2012,01:30,31-Jan-2012,01:45,Tamil Nadu,Chennai,Velachery Res. Area, Chennai - CPCB,,,,,,,,,,,,,,,,,,,,,,,,,,,,,,,,,,,25.8,,,,
31-Jan-2012,01:45,31-Jan-2012,02:00,Tamil Nadu,Chennai,Velachery Res. Area, Chennai - CPCB,,,,,,,,,,,,,,,,,,,,,,,,,,,,,,,,,,,25.61,,,,
31-Jan-2012,02:00,31-Jan-2012,02:15,Tamil Nadu,Chennai,Velachery Res. Area, Chennai - CPCB,,,,,,,,,,,,,,,,,,,,,,,,,,,,,,,,,,,25.63,,,,
31-Jan-2012,02:15,31-Jan-2012,02:30,Tamil Nadu,Chennai,Velachery Res. Area, Chennai - CPCB,,,,,,,,,,,,,,,,,,,,,,,,,,,,,,,,,,,25.93,,,,
31-Jan-2012,02:30,31-Jan-2012,02:45,Tamil Nadu,Chennai,Velachery Res. Area, Chennai - CPCB,,,,,,,,,,,,,,,,,,,,,,,,,,,,,,,,,,,26.17,,,,
31-Jan-2012,02:45,31-Jan-2012,03:00,Tamil Nadu,Chennai,Velachery Res. Area, Chennai - CPCB,,,,,,,,,,,,,,,,,,,,,,,,,,,,,,,,,,,24.88,,,,
31-Jan-2012,03:00,31-Jan-2012,03:15,Tamil Nadu,Chennai,Velachery Res. Area, Chennai - CPCB,,,,,,,,,,,,,,,,,,,,,,,,,,,,,,,,,,,23.68,,,,
31-Jan-2012,03:15,31-Jan-2012,03:30,Tamil Nadu,Chennai,Velachery Res. Area, Chennai - CPCB,,,,,,,,,,,,,,,,,,,,,,,,,,,,,,,,,,,23.94,,,,
31-Jan-2012,03:30,31-Jan-2012,03:45,Tamil Nadu,Chennai,Velachery Res. Area, Chennai - CPCB,,,,,,,,,,,,,,,,,,,,,,,,,,,,,,,,,,,24.09,,,,
31-Jan-2012,03:45,31-Jan-2012,04:00,Tamil Nadu,Chennai,Velachery Res. Area, Chennai - CPCB,,,,,,,,,,,,,,,,,,,,,,,,,,,,,,,,,,,24.42,,,,
31-Jan-2012,04:00,31-Jan-2012,04:15,Tamil Nadu,Chennai,Velachery Res. Area, Chennai - CPCB,,,,,,,,,,,,,,,,,,,,,,,,,,,,,,,,,,,24.18,,,,
31-Jan-2012,04:15,31-Jan-2012,04:30,Tamil Nadu,Chennai,Velachery Res. Area, Chennai - CPCB,,,,,,,,,,,,,,,,,,,,,,,,,,,,,,,,,,,24.23,,,,
31-Jan-2012,04:30,31-Jan-2012,04:45,Tamil Nadu,Chennai,Velachery Res. Area, Chennai - CPCB,,,,,,,,,,,,,,,,,,,,,,,,,,,,,,,,,,,24.63,,,,
31-Jan-2012,04:45,31-Jan-2012,05:00,Tamil Nadu,Chennai,Velachery Res. Area, Chennai - CPCB,,,,,,,,,,,,,,,,,,,,,,,,,,,,,,,,,,,24.68,,,,
31-Jan-2012,05:00,31-Jan-2012,05:15,Tamil Nadu,Chennai,Velachery Res. Area, Chennai - CPCB,,,,,,,,,,,,,,,,,,,,,,,,,,,,,,,,,,,24.82,,,,
31-Jan-2012,05:15,31-Jan-2012,05:30,Tamil Nadu,Chennai,Velachery Res. Area, Chennai - CPCB,,,,,,,,,,,,,,,,,,,,,,,,,,,,,,,,,,,24.83,,,,
31-Jan-2012,05:30,31-Jan-2012,05:45,Tamil Nadu,Chennai,Velachery Res. Area, Chennai - CPCB,,,,,,,,,,,,,,,,,,,,,,,,,,,,,,,,,,,24.88,,,,
31-Jan-2012,05:45,31-Jan-2012,06:00,Tamil Nadu,Chennai,Velachery Res. Area, Chennai - CPCB,,,,,,,,,,,,,,,,,,,,,,,,,,,,,,,,,,,24.82,,,,
31-Jan-2012,06:00,31-Jan-2012,06:15,Tamil Nadu,Chennai,Velachery Res. Area, Chennai - CPCB,,,,,,,,,,,,,,,,,,,,,,,,,,,,,,,,,,,24.8,,,,
31-Jan-2012,06:15,31-Jan-2012,06:30,Tamil Nadu,Chennai,Velachery Res. Area, Chennai - CPCB,,,,,,,,,,,,,,,,,,,,,,,,,,,,,,,,,,,24.9,,,,
31-Jan-2012,06:30,31-Jan-2012,06:45,Tamil Nadu,Chennai,Velachery Res. Area, Chennai - CPCB,,,,,,,,,,,,,,,,,,,,,,,,,,,,,,,,,,,24.88,,,,
31-Jan-2012,06:45,31-Jan-2012,07:00,Tamil Nadu,Chennai,Velachery Res. Area, Chennai - CPCB,,,,,,,,,,,,,,,,,,,,,,,,,,,,,,,,,,,24.96,,,,
31-Jan-2012,07:00,31-Jan-2012,07:15,Tamil Nadu,Chennai,Velachery Res. Area, Chennai - CPCB,,,,,,,,,,,,,,,,,,,,,,,,,,,,,,,,,,,25.07,,,,
31-Jan-2012,07:15,31-Jan-2012,07:30,Tamil Nadu,Chennai,Velachery Res. Area, Chennai - CPCB,,,,,,,,,,,,,,,,,,,,,,,,,,,,,,,,,,,25.27,,,,
31-Jan-2012,07:30,31-Jan-2012,07:45,Tamil Nadu,Chennai,Velachery Res. Area, Chennai - CPCB,,,,,,,,,,,,,,,,,,,,,,,,,,,,,,,,,,,25.48,,,,
31-Jan-2012,07:45,31-Jan-2012,08:00,Tamil Nadu,Chennai,Velachery Res. Area, Chennai - CPCB,,,,,,,,,,,,,,,,,,,,,,,,,,,,,,,,,,,25.93,,,,
31-Jan-2012,08:00,31-Jan-2012,08:15,Tamil Nadu,Chennai,Velachery Res. Area, Chennai - CPCB,,,,,,,,,,,,,,,,,,,,,,,,,,,,,,,,,,,26.55,,,,
31-Jan-2012,08:15,31-Jan-2012,08:30,Tamil Nadu,Chennai,Velachery Res. Area, Chennai - CPCB,,,,,,,,,,,,,,,,,,,,,,,,,,,,,,,,,,,27.07,,,,
31-Jan-2012,08:30,31-Jan-2012,08:45,Tamil Nadu,Chennai,Velachery Res. Area, Chennai - CPCB,,,,,,,,,,,,,,,,,,,,,,,,,,,,,,,,,,,27.51,,,,
31-Jan-2012,08:45,31-Jan-2012,09:00,Tamil Nadu,Chennai,Velachery Res. Area, Chennai - CPCB,,,,,,,,,,,,,,,,,,,,,,,,,,,,,,,,,,,27.75,,,,
31-Jan-2012,09:00,31-Jan-2012,09:15,Tamil Nadu,Chennai,Velachery Res. Area, Chennai - CPCB,,,,,,,,,,,,,,,,,,,,,,,,,,,,,,,,,,,28.28,,,,
31-Jan-2012,09:15,31-Jan-2012,09:30,Tamil Nadu,Chennai,Velachery Res. Area, Chennai - CPCB,,,,,,,,,,,,,,,,,,,,,,,,,,,,,,,,,,,28.54,,,,
31-Jan-2012,09:30,31-Jan-2012,09:45,Tamil Nadu,Chennai,Velachery Res. Area, Chennai - CPCB,,,,,,,,,,,,,,,,,,,,,,,,,,,,,,,,,,,28.84,,,,
31-Jan-2012,09:45,31-Jan-2012,10:00,Tamil Nadu,Chennai,Velachery Res. Area, Chennai - CPCB,,,,,,,,,,,,,,,,,,,,,,,,,,,,,,,,,,,28.8,,,,
31-Jan-2012,10:00,31-Jan-2012,10:15,Tamil Nadu,Chennai,Velachery Res. Area, Chennai - CPCB,,,,,,,,,,,,,,,,,,,,,,,,,,,,,,,,,,,29.01,,,,
31-Jan-2012,10:15,31-Jan-2012,10:30,Tamil Nadu,Chennai,Velachery Res. Area, Chennai - CPCB,,,,,,,,,,,,,,,,,,,,,,,,,,,,,,,,,,,28.94,,,,
31-Jan-2012,10:30,31-Jan-2012,10:45,Tamil Nadu,Chennai,Velachery Res. Area, Chennai - CPCB,,,,,,,,,,,,,,,,,,,,,,,,,,,,,,,,,,,29.29,,,,
31-Jan-2012,10:45,31-Jan-2012,11:00,Tamil Nadu,Chennai,Velachery Res. Area, Chennai - CPCB,,,,,,,,,,,,,,,,,,,,,,,,,,,,,,,,,,,29.53,,,,
31-Jan-2012,11:00,31-Jan-2012,11:15,Tamil Nadu,Chennai,Velachery Res. Area, Chennai - CPCB,,,,,,,,,,,,,,,,,,,,,,,,,,,,,,,,,,,29.65,,,,
31-Jan-2012,11:15,31-Jan-2012,11:30,Tamil Nadu,Chennai,Velachery Res. Area, Chennai - CPCB,,,,,,,,,,,,,,,,,,,,,,,,,,,,,,,,,,,29.7,,,,
31-Jan-2012,11:30,31-Jan-2012,11:45,Tamil Nadu,Chennai,Velachery Res. Area, Chennai - CPCB,,,,,,,,,,,,,,,,,,,,,,,,,,,,,,,,,,,29.6,,,,
31-Jan-2012,11:45,31-Jan-2012,12:00,Tamil Nadu,Chennai,Velachery Res. Area, Chennai - CPCB,,,,,,,,,,,,,,,,,,,,,,,,,,,,,,,,,,,29.57,,,,
31-Jan-2012,12:00,31-Jan-2012,12:15,Tamil Nadu,Chennai,Velachery Res. Area, Chennai - CPCB,,,,,,,,,,,,,,,,,,,,,,,,,,,,,,,,,,,29.69,,,,
31-Jan-2012,12:15,31-Jan-2012,12:30,Tamil Nadu,Chennai,Velachery Res. Area, Chennai - CPCB,,,,,,,,,,,,,,,,,,,,,,,,,,,,,,,,,,,29.54,,,,
31-Jan-2012,12:30,31-Jan-2012,12:45,Tamil Nadu,Chennai,Velachery Res. Area, Chennai - CPCB,,,,,,,,,,,,,,,,,,,,,,,,,,,,,,,,,,,29.8,,,,
31-Jan-2012,12:45,31-Jan-2012,13:00,Tamil Nadu,Chennai,Velachery Res. Area, Chennai - CPCB,,,,,,,,,,,,,,,,,,,,,,,,,,,,,,,,,,,29.93,,,,
31-Jan-2012,13:00,31-Jan-2012,13:15,Tamil Nadu,Chennai,Velachery Res. Area, Chennai - CPCB,,,,,,,,,,,,,,,,,,,,,,,,,,,,,,,,,,,29.64,,,,
31-Jan-2012,13:15,31-Jan-2012,13:30,Tamil Nadu,Chennai,Velachery Res. Area, Chennai - CPCB,,,,,,,,,,,,,,,,,,,,,,,,,,,,,,,,,,,29.68,,,,
31-Jan-2012,13:30,31-Jan-2012,13:45,Tamil Nadu,Chennai,Velachery Res. Area, Chennai - CPCB,,,,,,,,,,,,,,,,,,,,,,,,,,,,,,,,,,,29.44,,,,
31-Jan-2012,13:45,31-Jan-2012,14:00,Tamil Nadu,Chennai,Velachery Res. Area, Chennai - CPCB,,,,,,,,,,,,,,,,,,,,,,,,,,,,,,,,,,,29.62,,,,
31-Jan-2012,14:00,31-Jan-2012,14:15,Tamil Nadu,Chennai,Velachery Res. Area, Chennai - CPCB,,,,,,,,,,,,,,,,,,,,,,,,,,,,,,,,,,,29.7,,,,
31-Jan-2012,14:15,31-Jan-2012,14:30,Tamil Nadu,Chennai,Velachery Res. Area, Chennai - CPCB,,,,,,,,,,,,,,,,,,,,,,,,,,,,,,,,,,,29.72,,,,
31-Jan-2012,14:30,31-Jan-2012,14:45,Tamil Nadu,Chennai,Velachery Res. Area, Chennai - CPCB,,,,,,,,,,,,,,,,,,,,,,,,,,,,,,,,,,,29.51,,,,
31-Jan-2012,14:45,31-Jan-2012,15:00,Tamil Nadu,Chennai,Velachery Res. Area, Chennai - CPCB,,,,,,,,,,,,,,,,,,,,,,,,,,,,,,,,,,,29.38,,,,
31-Jan-2012,15:00,31-Jan-2012,15:15,Tamil Nadu,Chennai,Velachery Res. Area, Chennai - CPCB,,,,,,,,,,,,,,,,,,,,,,,,,,,,,,,,,,,29.19,,,,
31-Jan-2012,15:15,31-Jan-2012,15:30,Tamil Nadu,Chennai,Velachery Res. Area, Chennai - CPCB,,,,,,,,,,,,,,,,,,,,,,,,,,,,,,,,,,,28.95,,,,
31-Jan-2012,15:30,31-Jan-2012,15:45,Tamil Nadu,Chennai,Velachery Res. Area, Chennai - CPCB,,,,,,,,,,,,,,,,,,,,,,,,,,,,,,,,,,,29.24,,,,
31-Jan-2012,15:45,31-Jan-2012,16:00,Tamil Nadu,Chennai,Velachery Res. Area, Chennai - CPCB,,,,,,,,,,,,,,,,,,,,,,,,,,,,,,,,,,,29.15,,,,
31-Jan-2012,16:00,31-Jan-2012,16:15,Tamil Nadu,Chennai,Velachery Res. Area, Chennai - CPCB,,,,,,,,,,,,,,,,,,,,,,,,,,,,,,,,,,,29.14,,,,
31-Jan-2012,16:15,31-Jan-2012,16:30,Tamil Nadu,Chennai,Velachery Res. Area, Chennai - CPCB,,,,,,,,,,,,,,,,,,,,,,,,,,,,,,,,,,,29.01,,,,
31-Jan-2012,16:30,31-Jan-2012,16:45,Tamil Nadu,Chennai,Velachery Res. Area, Chennai - CPCB,,,,,,,,,,,,,,,,,,,,,,,,,,,,,,,,,,,28.93,,,,
31-Jan-2012,16:45,31-Jan-2012,17:00,Tamil Nadu,Chennai,Velachery Res. Area, Chennai - CPCB,,,,,,,,,,,,,,,,,,,,,,,,,,,,,,,,,,,28.73,,,,
31-Jan-2012,17:00,31-Jan-2012,17:15,Tamil Nadu,Chennai,Velachery Res. Area, Chennai - CPCB,,,,,,,,,,,,,,,,,,,,,,,,,,,,,,,,,,,28.57,,,,
31-Jan-2012,17:15,31-Jan-2012,17:30,Tamil Nadu,Chennai,Velachery Res. Area, Chennai - CPCB,,,,,,,,,,,,,,,,,,,,,,,,,,,,,,,,,,,28.38,,,,
31-Jan-2012,17:30,31-Jan-2012,17:45,Tamil Nadu,Chennai,Velachery Res. Area, Chennai - CPCB,,,,,,,,,,,,,,,,,,,,,,,,,,,,,,,,,,,28.12,,,,
31-Jan-2012,17:45,31-Jan-2012,18:00,Tamil Nadu,Chennai,Velachery Res. Area, Chennai - CPCB,,,,,,,,,,,,,,,,,,,,,,,,,,,,,,,,,,,27.83,,,,
31-Jan-2012,18:00,31-Jan-2012,18:15,Tamil Nadu,Chennai,Velachery Res. Area, Chennai - CPCB,,,,,,,,,,,,,,,,,,,,,,,,,,,,,,,,,,,27.54,,,,
31-Jan-2012,18:15,31-Jan-2012,18:30,Tamil Nadu,Chennai,Velachery Res. Area, Chennai - CPCB,,,,,,,,,,,,,,,,,,,,,,,,,,,,,,,,,,,27.41,,,,
31-Jan-2012,18:30,31-Jan-2012,18:45,Tamil Nadu,Chennai,Velachery Res. Area, Chennai - CPCB,,,,,,,,,,,,,,,,,,,,,,,,,,,,,,,,,,,27.22,,,,
31-Jan-2012,18:45,31-Jan-2012,19:00,Tamil Nadu,Chennai,Velachery Res. Area, Chennai - CPCB,,,,,,,,,,,,,,,,,,,,,,,,,,,,,,,,,,,27.26,,,,
31-Jan-2012,19:00,31-Jan-2012,19:15,Tamil Nadu,Chennai,Velachery Res. Area, Chennai - CPCB,,,,,,,,,,,,,,,,,,,,,,,,,,,,,,,,,,,27.14,,,,
31-Jan-2012,19:15,31-Jan-2012,19:30,Tamil Nadu,Chennai,Velachery Res. Area, Chennai - CPCB,,,,,,,,,,,,,,,,,,,,,,,,,,,,,,,,,,,27.22,,,,
31-Jan-2012,19:30,31-Jan-2012,19:45,Tamil Nadu,Chennai,Velachery Res. Area, Chennai - CPCB,,,,,,,,,,,,,,,,,,,,,,,,,,,,,,,,,,,27.16,,,,
31-Jan-2012,19:45,31-Jan-2012,20:00,Tamil Nadu,Chennai,Velachery Res. Area, Chennai - CPCB,,,,,,,,,,,,,,,,,,,,,,,,,,,,,,,,,,,26.99,,,,
31-Jan-2012,20:00,31-Jan-2012,20:15,Tamil Nadu,Chennai,Velachery Res. Area, Chennai - CPCB,,,,,,,,,,,,,,,,,,,,,,,,,,,,,,,,,,,26.89,,,,
31-Jan-2012,20:15,31-Jan-2012,20:30,Tamil Nadu,Chennai,Velachery Res. Area, Chennai - CPCB,,,,,,,,,,,,,,,,,,,,,,,,,,,,,,,,,,,26.77,,,,
31-Jan-2012,20:30,31-Jan-2012,20:45,Tamil Nadu,Chennai,Velachery Res. Area, Chennai - CPCB,,,,,,,,,,,,,,,,,,,,,,,,,,,,,,,,,,,26.87,,,,
31-Jan-2012,20:45,31-Jan-2012,21:00,Tamil Nadu,Chennai,Velachery Res. Area, Chennai - CPCB,,,,,,,,,,,,,,,,,,,,,,,,,,,,,,,,,,,26.91,,,,
31-Jan-2012,21:00,31-Jan-2012,21:15,Tamil Nadu,Chennai,Velachery Res. Area, Chennai - CPCB,,,,,,,,,,,,,,,,,,,,,,,,,,,,,,,,,,,26.8,,,,
31-Jan-2012,21:15,31-Jan-2012,21:30,Tamil Nadu,Chennai,Velachery Res. Area, Chennai - CPCB,,,,,,,,,,,,,,,,,,,,,,,,,,,,,,,,,,,26.88,,,,
31-Jan-2012,21:30,31-Jan-2012,21:45,Tamil Nadu,Chennai,Velachery Res. Area, Chennai - CPCB,,,,,,,,,,,,,,,,,,,,,,,,,,,,,,,,,,,26.92,,,,
31-Jan-2012,21:45,31-Jan-2012,22:00,Tamil Nadu,Chennai,Velachery Res. Area, Chennai - CPCB,,,,,,,,,,,,,,,,,,,,,,,,,,,,,,,,,,,26.81,,,,
31-Jan-2012,22:00,31-Jan-2012,22:15,Tamil Nadu,Chennai,Velachery Res. Area, Chennai - CPCB,,,,,,,,,,,,,,,,,,,,,,,,,,,,,,,,,,,26.62,,,,
31-Jan-2012,22:15,31-Jan-2012,22:30,Tamil Nadu,Chennai,Velachery Res. Area, Chennai - CPCB,,,,,,,,,,,,,,,,,,,,,,,,,,,,,,,,,,,26.63,,,,
31-Jan-2012,22:30,31-Jan-2012,22:45,Tamil Nadu,Chennai,Velachery Res. Area, Chennai - CPCB,,,,,,,,,,,,,,,,,,,,,,,,,,,,,,,,,,,26.59,,,,
31-Jan-2012,22:45,31-Jan-2012,23:00,Tamil Nadu,Chennai,Velachery Res. Area, Chennai - CPCB,,,,,,,,,,,,,,,,,,,,,,,,,,,,,,,,,,,26.68,,,,
31-Jan-2012,23:00,31-Jan-2012,23:15,Tamil Nadu,Chennai,Velachery Res. Area, Chennai - CPCB,,,,,,,,,,,,,,,,,,,,,,,,,,,,,,,,,,,26.56,,,,
31-Jan-2012,23:15,31-Jan-2012,23:30,Tamil Nadu,Chennai,Velachery Res. Area, Chennai - CPCB,,,,,,,,,,,,,,,,,,,,,,,,,,,,,,,,,,,26.48,,,,
31-Jan-2012,23:30,31-Jan-2012,23:45,Tamil Nadu,Chennai,Velachery Res. Area, Chennai - CPCB,,,,,,,,,,,,,,,,,,,,,,,,,,,,,,,,,,,26.5,,,,
31-Jan-2012,23:45,01-Feb-2012,00:00,Tamil Nadu,Chennai,Velachery Res. Area, Chennai - CPCB,,,,,,,,,,,,,,,,,,,,,,,,,,,,,,,,,,,26.38,,,,